0 0 4.31206e+19
1 0 4.31379e+19
2 0 4.31459e+19
3 0 4.31568e+19
4 0 4.31997e+19
5 0 4.3164e+19
6 0 4.31555e+19
7 0 4.31284e+19
8 0 4.30893e+19
9 0 4.31211e+19
10 0 4.31285e+19
11 0 4.31362e+19
12 0 4.31196e+19
13 0 4.3107e+19
14 0 4.31455e+19
15 0 4.31545e+19
16 0 4.31319e+19
17 0 4.30927e+19
18 0 4.30917e+19
19 0 4.31115e+19
20 0 4.31192e+19
21 0 4.3127e+19
22 0 4.30942e+19
23 0 4.30703e+19
24 0 4.31008e+19
25 0 4.31128e+19
26 0 4.3111e+19
27 0 4.3139e+19
28 0 4.31568e+19
29 0 4.31113e+19
30 0 4.30865e+19
31 0 4.30939e+19
32 0 4.31418e+19
33 0 4.31536e+19
34 0 4.30831e+19
35 0 4.30861e+19
36 0 4.31262e+19
37 0 4.3138e+19
38 0 4.31067e+19
39 0 4.31017e+19
40 0 4.31162e+19
41 0 4.30844e+19
42 0 4.30866e+19
43 0 4.31611e+19
44 0 4.31595e+19
45 0 4.3101e+19
46 0 4.30924e+19
47 0 4.31261e+19
48 0 4.3143e+19
49 0 4.3087e+19
50 0 4.30701e+19
51 0 4.31044e+19
52 0 4.3131e+19
53 0 4.31297e+19
54 0 4.31019e+19
55 0 4.3092e+19
56 0 4.31092e+19
57 0 4.31655e+19
58 0 4.31346e+19
59 0 4.3116e+19
60 0 4.317e+19
61 0 4.31593e+19
62 0 4.313e+19
0 1 4.41873e+19
1 1 4.42011e+19
2 1 4.41754e+19
3 1 4.4191e+19
4 1 4.42018e+19
5 1 4.41795e+19
6 1 4.41852e+19
7 1 4.42015e+19
8 1 4.42001e+19
9 1 4.42037e+19
10 1 4.41965e+19
11 1 4.41916e+19
12 1 4.42121e+19
13 1 4.42261e+19
14 1 4.42011e+19
15 1 4.41768e+19
16 1 4.41693e+19
17 1 4.41742e+19
18 1 4.41836e+19
19 1 4.42006e+19
20 1 4.42217e+19
21 1 4.42208e+19
22 1 4.42064e+19
23 1 4.42156e+19
24 1 4.42216e+19
25 1 4.42273e+19
26 1 4.42159e+19
27 1 4.42118e+19
28 1 4.42281e+19
29 1 4.42062e+19
30 1 4.41907e+19
31 1 4.41994e+19
32 1 4.41958e+19
33 1 4.41791e+19
34 1 4.42023e+19
35 1 4.42114e+19
36 1 4.41905e+19
37 1 4.41846e+19
38 1 4.41913e+19
39 1 4.42e+19
40 1 4.41984e+19
41 1 4.42089e+19
42 1 4.42127e+19
43 1 4.41979e+19
44 1 4.42077e+19
45 1 4.4222e+19
46 1 4.42185e+19
47 1 4.42143e+19
48 1 4.42038e+19
49 1 4.41993e+19
50 1 4.41926e+19
51 1 4.41868e+19
52 1 4.42044e+19
53 1 4.4201e+19
54 1 4.41835e+19
55 1 4.41867e+19
56 1 4.4183e+19
57 1 4.4196e+19
58 1 4.42071e+19
59 1 4.41937e+19
60 1 4.41803e+19
61 1 4.41823e+19
62 1 4.41747e+19
0 2 4.55023e+19
1 2 4.55007e+19
2 2 4.55218e+19
3 2 4.55336e+19
4 2 4.55097e+19
5 2 4.55275e+19
6 2 4.55346e+19
7 2 4.55272e+19
8 2 4.55332e+19
9 2 4.55465e+19
10 2 4.55556e+19
11 2 4.55345e+19
12 2 4.55245e+19
13 2 4.55387e+19
14 2 4.55353e+19
15 2 4.55239e+19
16 2 4.55242e+19
17 2 4.55548e+19
18 2 4.55597e+19
19 2 4.55313e+19
20 2 4.552e+19
21 2 4.55195e+19
22 2 4.55358e+19
23 2 4.55508e+19
24 2 4.55332e+19
25 2 4.55215e+19
26 2 4.55518e+19
27 2 4.55708e+19
28 2 4.55647e+19
29 2 4.55442e+19
30 2 4.55344e+19
31 2 4.55389e+19
32 2 4.55296e+19
33 2 4.5533e+19
34 2 4.55672e+19
35 2 4.55564e+19
36 2 4.55353e+19
37 2 4.55392e+19
38 2 4.55195e+19
39 2 4.55239e+19
40 2 4.55604e+19
41 2 4.55745e+19
42 2 4.5539e+19
43 2 4.551e+19
44 2 4.55221e+19
45 2 4.55388e+19
46 2 4.55335e+19
47 2 4.55172e+19
48 2 4.55051e+19
49 2 4.55211e+19
50 2 4.55263e+19
51 2 4.55139e+19
52 2 4.55265e+19
53 2 4.55247e+19
54 2 4.55143e+19
55 2 4.55028e+19
56 2 4.54975e+19
57 2 4.55099e+19
58 2 4.55145e+19
59 2 4.55153e+19
60 2 4.54937e+19
61 2 4.54906e+19
62 2 4.55162e+19
0 3 4.68936e+19
1 3 4.69207e+19
2 3 4.69389e+19
3 3 4.68984e+19
4 3 4.68743e+19
5 3 4.68866e+19
6 3 4.69256e+19
7 3 4.69124e+19
8 3 4.6878e+19
9 3 4.69181e+19
10 3 4.69395e+19
11 3 4.69299e+19
12 3 4.69216e+19
13 3 4.69138e+19
14 3 4.69363e+19
15 3 4.6949e+19
16 3 4.69567e+19
17 3 4.69506e+19
18 3 4.69471e+19
19 3 4.69302e+19
20 3 4.69107e+19
21 3 4.69199e+19
22 3 4.69097e+19
23 3 4.69019e+19
24 3 4.69096e+19
25 3 4.68885e+19
26 3 4.68921e+19
27 3 4.69092e+19
28 3 4.69094e+19
29 3 4.69039e+19
30 3 4.6927e+19
31 3 4.69512e+19
32 3 4.69311e+19
33 3 4.69269e+19
34 3 4.69044e+19
35 3 4.69058e+19
36 3 4.6934e+19
37 3 4.69383e+19
38 3 4.69247e+19
39 3 4.69328e+19
40 3 4.69406e+19
41 3 4.6926e+19
42 3 4.6912e+19
43 3 4.69129e+19
44 3 4.69041e+19
45 3 4.68921e+19
46 3 4.69176e+19
47 3 4.69096e+19
48 3 4.6895e+19
49 3 4.69005e+19
50 3 4.69136e+19
51 3 4.69142e+19
52 3 4.68842e+19
53 3 4.68846e+19
54 3 4.68938e+19
55 3 4.69014e+19
56 3 4.69041e+19
57 3 4.68756e+19
58 3 4.68623e+19
59 3 4.68716e+19
60 3 4.68959e+19
61 3 4.69066e+19
62 3 4.68985e+19
0 4 4.83195e+19
1 4 4.83079e+19
2 4 4.83065e+19
3 4 4.82995e+19
4 4 4.82969e+19
5 4 4.82999e+19
6 4 4.83156e+19
7 4 4.83323e+19
8 4 4.83328e+19
9 4 4.83269e+19
10 4 4.83076e+19
11 4 4.83164e+19
12 4 4.83319e+19
13 4 4.83257e+19
14 4 4.83514e+19
15 4 4.8392e+19
16 4 4.83669e+19
17 4 4.83321e+19
18 4 4.83423e+19
19 4 4.83482e+19
20 4 4.83451e+19
21 4 4.83573e+19
22 4 4.83643e+19
23 4 4.83464e+19
24 4 4.83377e+19
25 4 4.83498e+19
26 4 4.83506e+19
27 4 4.83463e+19
28 4 4.83427e+19
29 4 4.83543e+19
30 4 4.83629e+19
31 4 4.83687e+19
32 4 4.83848e+19
33 4 4.83477e+19
34 4 4.83093e+19
35 4 4.83264e+19
36 4 4.83212e+19
37 4 4.83235e+19
38 4 4.83478e+19
39 4 4.83457e+19
40 4 4.83101e+19
41 4 4.82952e+19
42 4 4.83345e+19
43 4 4.83415e+19
44 4 4.83329e+19
45 4 4.83451e+19
46 4 4.83289e+19
47 4 4.83126e+19
48 4 4.83258e+19
49 4 4.83269e+19
50 4 4.83174e+19
51 4 4.83038e+19
52 4 4.82891e+19
53 4 4.83219e+19
54 4 4.83238e+19
55 4 4.82968e+19
56 4 4.82812e+19
57 4 4.82905e+19
58 4 4.83047e+19
59 4 4.82722e+19
60 4 4.82894e+19
61 4 4.82899e+19
62 4 4.82632e+19
0 5 4.97484e+19
1 5 4.97712e+19
2 5 4.97491e+19
3 5 4.97535e+19
4 5 4.97835e+19
5 5 4.97802e+19
6 5 4.97357e+19
7 5 4.97581e+19
8 5 4.98098e+19
9 5 4.97944e+19
10 5 4.97811e+19
11 5 4.97705e+19
12 5 4.97572e+19
13 5 4.97651e+19
14 5 4.97903e+19
15 5 4.98078e+19
16 5 4.98196e+19
17 5 4.98039e+19
18 5 4.97891e+19
19 5 4.98108e+19
20 5 4.97939e+19
21 5 4.97882e+19
22 5 4.98273e+19
23 5 4.98287e+19
24 5 4.98187e+19
25 5 4.98334e+19
26 5 4.98192e+19
27 5 4.98059e+19
28 5 4.98154e+19
29 5 4.98286e+19
30 5 4.98087e+19
31 5 4.97792e+19
32 5 4.97973e+19
33 5 4.98045e+19
34 5 4.98009e+19
35 5 4.97976e+19
36 5 4.97973e+19
37 5 4.98128e+19
38 5 4.98051e+19
39 5 4.97771e+19
40 5 4.97571e+19
41 5 4.97594e+19
42 5 4.97809e+19
43 5 4.97906e+19
44 5 4.97788e+19
45 5 4.97427e+19
46 5 4.97202e+19
47 5 4.97611e+19
48 5 4.97872e+19
49 5 4.97689e+19
50 5 4.97523e+19
51 5 4.97547e+19
52 5 4.97622e+19
53 5 4.97538e+19
54 5 4.9749e+19
55 5 4.97392e+19
56 5 4.97354e+19
57 5 4.97479e+19
58 5 4.97539e+19
59 5 4.97613e+19
60 5 4.97365e+19
61 5 4.96984e+19
62 5 4.97162e+19
0 6 5.12298e+19
1 6 5.11772e+19
2 6 5.11963e+19
3 6 5.12376e+19
4 6 5.12716e+19
5 6 5.12939e+19
6 6 5.12809e+19
7 6 5.12551e+19
8 6 5.12516e+19
9 6 5.1276e+19
10 6 5.12876e+19
11 6 5.12891e+19
12 6 5.12849e+19
13 6 5.12897e+19
14 6 5.12785e+19
15 6 5.12625e+19
16 6 5.12994e+19
17 6 5.13004e+19
18 6 5.12827e+19
19 6 5.13031e+19
20 6 5.13111e+19
21 6 5.12883e+19
22 6 5.12754e+19
23 6 5.12947e+19
24 6 5.13149e+19
25 6 5.13246e+19
26 6 5.13156e+19
27 6 5.12935e+19
28 6 5.12922e+19
29 6 5.12954e+19
30 6 5.12944e+19
31 6 5.12977e+19
32 6 5.12689e+19
33 6 5.12769e+19
34 6 5.13047e+19
35 6 5.12955e+19
36 6 5.129e+19
37 6 5.12786e+19
38 6 5.12916e+19
39 6 5.12848e+19
40 6 5.12672e+19
41 6 5.12785e+19
42 6 5.12845e+19
43 6 5.12768e+19
44 6 5.12598e+19
45 6 5.12364e+19
46 6 5.12558e+19
47 6 5.12905e+19
48 6 5.12807e+19
49 6 5.12675e+19
50 6 5.12614e+19
51 6 5.12726e+19
52 6 5.1264e+19
53 6 5.12425e+19
54 6 5.12529e+19
55 6 5.1245e+19
56 6 5.1235e+19
57 6 5.12208e+19
58 6 5.12291e+19
59 6 5.12473e+19
60 6 5.12221e+19
61 6 5.12232e+19
62 6 5.1241e+19
0 7 5.27823e+19
1 7 5.27266e+19
2 7 5.27351e+19
3 7 5.27507e+19
4 7 5.27797e+19
5 7 5.276e+19
6 7 5.27852e+19
7 7 5.28295e+19
8 7 5.27954e+19
9 7 5.27819e+19
10 7 5.28022e+19
11 7 5.28358e+19
12 7 5.2857e+19
13 7 5.28519e+19
14 7 5.28179e+19
15 7 5.28174e+19
16 7 5.28333e+19
17 7 5.28515e+19
18 7 5.28565e+19
19 7 5.28472e+19
20 7 5.28591e+19
21 7 5.28433e+19
22 7 5.28212e+19
23 7 5.28445e+19
24 7 5.28371e+19
25 7 5.28136e+19
26 7 5.28447e+19
27 7 5.28617e+19
28 7 5.28393e+19
29 7 5.2818e+19
30 7 5.28224e+19
31 7 5.28506e+19
32 7 5.28678e+19
33 7 5.28634e+19
34 7 5.2874e+19
35 7 5.28618e+19
36 7 5.28127e+19
37 7 5.27927e+19
38 7 5.28196e+19
39 7 5.28466e+19
40 7 5.2848e+19
41 7 5.28454e+19
42 7 5.2831e+19
43 7 5.28065e+19
44 7 5.27957e+19
45 7 5.28189e+19
46 7 5.282e+19
47 7 5.27975e+19
48 7 5.28142e+19
49 7 5.28207e+19
50 7 5.28073e+19
51 7 5.28015e+19
52 7 5.27976e+19
53 7 5.27929e+19
54 7 5.2786e+19
55 7 5.27782e+19
56 7 5.2774e+19
57 7 5.27695e+19
58 7 5.27569e+19
59 7 5.27328e+19
60 7 5.27434e+19
61 7 5.27733e+19
62 7 5.27615e+19
0 8 5.4362e+19
1 8 5.43728e+19
2 8 5.43831e+19
3 8 5.4363e+19
4 8 5.43508e+19
5 8 5.43429e+19
6 8 5.43514e+19
7 8 5.44075e+19
8 8 5.44166e+19
9 8 5.43857e+19
10 8 5.43988e+19
11 8 5.44208e+19
12 8 5.44336e+19
13 8 5.44056e+19
14 8 5.44205e+19
15 8 5.44393e+19
16 8 5.4405e+19
17 8 5.44114e+19
18 8 5.44087e+19
19 8 5.44167e+19
20 8 5.44484e+19
21 8 5.44661e+19
22 8 5.44446e+19
23 8 5.44473e+19
24 8 5.4449e+19
25 8 5.4399e+19
26 8 5.43913e+19
27 8 5.44117e+19
28 8 5.44315e+19
29 8 5.4456e+19
30 8 5.44664e+19
31 8 5.4444e+19
32 8 5.44423e+19
33 8 5.44668e+19
34 8 5.44585e+19
35 8 5.44579e+19
36 8 5.44615e+19
37 8 5.44489e+19
38 8 5.4428e+19
39 8 5.4419e+19
40 8 5.44414e+19
41 8 5.44207e+19
42 8 5.43861e+19
43 8 5.44091e+19
44 8 5.44117e+19
45 8 5.43976e+19
46 8 5.43909e+19
47 8 5.43592e+19
48 8 5.43512e+19
49 8 5.43656e+19
50 8 5.43798e+19
51 8 5.43693e+19
52 8 5.43582e+19
53 8 5.43406e+19
54 8 5.43305e+19
55 8 5.4346e+19
56 8 5.43525e+19
57 8 5.43713e+19
58 8 5.43603e+19
59 8 5.43319e+19
60 8 5.43205e+19
61 8 5.42982e+19
62 8 5.43139e+19
0 9 5.59417e+19
1 9 5.59763e+19
2 9 5.59726e+19
3 9 5.59727e+19
4 9 5.59818e+19
5 9 5.60248e+19
6 9 5.60298e+19
7 9 5.59956e+19
8 9 5.6e+19
9 9 5.60095e+19
10 9 5.60281e+19
11 9 5.60305e+19
12 9 5.60235e+19
13 9 5.60555e+19
14 9 5.6065e+19
15 9 5.60582e+19
16 9 5.60562e+19
17 9 5.60555e+19
18 9 5.60578e+19
19 9 5.60524e+19
20 9 5.60555e+19
21 9 5.60557e+19
22 9 5.60584e+19
23 9 5.60374e+19
24 9 5.60366e+19
25 9 5.60607e+19
26 9 5.60584e+19
27 9 5.60655e+19
28 9 5.60637e+19
29 9 5.60425e+19
30 9 5.60483e+19
31 9 5.60291e+19
32 9 5.60147e+19
33 9 5.60591e+19
34 9 5.60496e+19
35 9 5.60402e+19
36 9 5.60632e+19
37 9 5.60554e+19
38 9 5.60591e+19
39 9 5.60409e+19
40 9 5.6031e+19
41 9 5.6027e+19
42 9 5.60228e+19
43 9 5.60184e+19
44 9 5.60176e+19
45 9 5.60357e+19
46 9 5.60393e+19
47 9 5.60203e+19
48 9 5.59763e+19
49 9 5.59667e+19
50 9 5.59911e+19
51 9 5.59928e+19
52 9 5.59742e+19
53 9 5.59666e+19
54 9 5.59794e+19
55 9 5.59868e+19
56 9 5.59761e+19
57 9 5.59446e+19
58 9 5.59305e+19
59 9 5.59378e+19
60 9 5.59145e+19
61 9 5.58812e+19
62 9 5.58983e+19
0 10 5.75758e+19
1 10 5.76496e+19
2 10 5.76203e+19
3 10 5.7593e+19
4 10 5.76375e+19
5 10 5.76675e+19
6 10 5.76567e+19
7 10 5.7661e+19
8 10 5.76926e+19
9 10 5.77047e+19
10 10 5.77041e+19
11 10 5.77113e+19
12 10 5.77211e+19
13 10 5.77295e+19
14 10 5.77177e+19
15 10 5.77175e+19
16 10 5.77397e+19
17 10 5.77509e+19
18 10 5.77619e+19
19 10 5.77511e+19
20 10 5.77075e+19
21 10 5.77072e+19
22 10 5.77426e+19
23 10 5.77124e+19
24 10 5.76813e+19
25 10 5.77376e+19
26 10 5.77675e+19
27 10 5.77522e+19
28 10 5.77502e+19
29 10 5.77132e+19
30 10 5.7694e+19
31 10 5.77154e+19
32 10 5.76983e+19
33 10 5.77031e+19
34 10 5.77222e+19
35 10 5.7721e+19
36 10 5.77084e+19
37 10 5.77085e+19
38 10 5.77101e+19
39 10 5.77014e+19
40 10 5.76863e+19
41 10 5.77009e+19
42 10 5.77169e+19
43 10 5.76829e+19
44 10 5.76796e+19
45 10 5.76798e+19
46 10 5.76461e+19
47 10 5.76643e+19
48 10 5.76869e+19
49 10 5.76644e+19
50 10 5.76332e+19
51 10 5.76282e+19
52 10 5.76539e+19
53 10 5.76643e+19
54 10 5.76462e+19
55 10 5.76426e+19
56 10 5.76293e+19
57 10 5.75977e+19
58 10 5.76034e+19
59 10 5.75931e+19
60 10 5.758e+19
61 10 5.75724e+19
62 10 5.75558e+19
0 11 5.93268e+19
1 11 5.92982e+19
2 11 5.93195e+19
3 11 5.93523e+19
4 11 5.93462e+19
5 11 5.93356e+19
6 11 5.93459e+19
7 11 5.93972e+19
8 11 5.94338e+19
9 11 5.94339e+19
10 11 5.94257e+19
11 11 5.94566e+19
12 11 5.94678e+19
13 11 5.94003e+19
14 11 5.94167e+19
15 11 5.94188e+19
16 11 5.94193e+19
17 11 5.94566e+19
18 11 5.94384e+19
19 11 5.94333e+19
20 11 5.94536e+19
21 11 5.945e+19
22 11 5.94465e+19
23 11 5.94761e+19
24 11 5.94852e+19
25 11 5.94771e+19
26 11 5.95008e+19
27 11 5.94767e+19
28 11 5.94297e+19
29 11 5.94541e+19
30 11 5.94641e+19
31 11 5.9455e+19
32 11 5.94441e+19
33 11 5.94299e+19
34 11 5.9447e+19
35 11 5.94658e+19
36 11 5.94509e+19
37 11 5.94347e+19
38 11 5.94028e+19
39 11 5.94127e+19
40 11 5.94418e+19
41 11 5.9408e+19
42 11 5.93877e+19
43 11 5.93634e+19
44 11 5.93612e+19
45 11 5.93617e+19
46 11 5.93426e+19
47 11 5.93486e+19
48 11 5.93598e+19
49 11 5.93767e+19
50 11 5.93591e+19
51 11 5.93334e+19
52 11 5.93234e+19
53 11 5.9312e+19
54 11 5.93177e+19
55 11 5.93284e+19
56 11 5.93134e+19
57 11 5.93095e+19
58 11 5.93097e+19
59 11 5.93009e+19
60 11 5.93118e+19
61 11 5.93026e+19
62 11 5.93127e+19
0 12 6.10486e+19
1 12 6.10071e+19
2 12 6.10625e+19
3 12 6.11318e+19
4 12 6.11014e+19
5 12 6.10872e+19
6 12 6.11334e+19
7 12 6.11465e+19
8 12 6.11648e+19
9 12 6.11811e+19
10 12 6.11904e+19
11 12 6.11872e+19
12 12 6.11802e+19
13 12 6.12196e+19
14 12 6.12222e+19
15 12 6.12152e+19
16 12 6.12311e+19
17 12 6.1218e+19
18 12 6.12509e+19
19 12 6.12359e+19
20 12 6.12207e+19
21 12 6.12075e+19
22 12 6.12014e+19
23 12 6.1241e+19
24 12 6.12486e+19
25 12 6.12352e+19
26 12 6.12224e+19
27 12 6.12373e+19
28 12 6.12271e+19
29 12 6.12354e+19
30 12 6.12448e+19
31 12 6.12226e+19
32 12 6.12434e+19
33 12 6.1222e+19
34 12 6.11922e+19
35 12 6.11791e+19
36 12 6.11748e+19
37 12 6.11824e+19
38 12 6.11801e+19
39 12 6.11861e+19
40 12 6.11698e+19
41 12 6.11536e+19
42 12 6.11518e+19
43 12 6.11466e+19
44 12 6.1152e+19
45 12 6.11466e+19
46 12 6.11592e+19
47 12 6.11434e+19
48 12 6.11112e+19
49 12 6.11179e+19
50 12 6.1117e+19
51 12 6.11171e+19
52 12 6.10975e+19
53 12 6.10735e+19
54 12 6.10667e+19
55 12 6.10597e+19
56 12 6.10777e+19
57 12 6.10841e+19
58 12 6.1046e+19
59 12 6.10536e+19
60 12 6.10543e+19
61 12 6.10534e+19
62 12 6.10742e+19
0 13 6.28514e+19
1 13 6.29143e+19
2 13 6.2921e+19
3 13 6.2927e+19
4 13 6.29586e+19
5 13 6.29383e+19
6 13 6.29475e+19
7 13 6.29727e+19
8 13 6.2937e+19
9 13 6.294e+19
10 13 6.29856e+19
11 13 6.29906e+19
12 13 6.30007e+19
13 13 6.30172e+19
14 13 6.3036e+19
15 13 6.30916e+19
16 13 6.30761e+19
17 13 6.30562e+19
18 13 6.30851e+19
19 13 6.30826e+19
20 13 6.30267e+19
21 13 6.30151e+19
22 13 6.30337e+19
23 13 6.30282e+19
24 13 6.30385e+19
25 13 6.30477e+19
26 13 6.30303e+19
27 13 6.30053e+19
28 13 6.30473e+19
29 13 6.30735e+19
30 13 6.30565e+19
31 13 6.30642e+19
32 13 6.30474e+19
33 13 6.30437e+19
34 13 6.30258e+19
35 13 6.29816e+19
36 13 6.30012e+19
37 13 6.30052e+19
38 13 6.30152e+19
39 13 6.30199e+19
40 13 6.29905e+19
41 13 6.29771e+19
42 13 6.29852e+19
43 13 6.29976e+19
44 13 6.29764e+19
45 13 6.29825e+19
46 13 6.29797e+19
47 13 6.29567e+19
48 13 6.29553e+19
49 13 6.2921e+19
50 13 6.29049e+19
51 13 6.2915e+19
52 13 6.28974e+19
53 13 6.28808e+19
54 13 6.28904e+19
55 13 6.28946e+19
56 13 6.28938e+19
57 13 6.28991e+19
58 13 6.28968e+19
59 13 6.28805e+19
60 13 6.28461e+19
61 13 6.28387e+19
62 13 6.28096e+19
0 14 6.47138e+19
1 14 6.47041e+19
2 14 6.47155e+19
3 14 6.47502e+19
4 14 6.47414e+19
5 14 6.4784e+19
6 14 6.48285e+19
7 14 6.48266e+19
8 14 6.48443e+19
9 14 6.48463e+19
10 14 6.48491e+19
11 14 6.48614e+19
12 14 6.48661e+19
13 14 6.48798e+19
14 14 6.48982e+19
15 14 6.48944e+19
16 14 6.49147e+19
17 14 6.49446e+19
18 14 6.49001e+19
19 14 6.49006e+19
20 14 6.49283e+19
21 14 6.49371e+19
22 14 6.49319e+19
23 14 6.49282e+19
24 14 6.49677e+19
25 14 6.49324e+19
26 14 6.48967e+19
27 14 6.4917e+19
28 14 6.49177e+19
29 14 6.48931e+19
30 14 6.48676e+19
31 14 6.48766e+19
32 14 6.48791e+19
33 14 6.48847e+19
34 14 6.48756e+19
35 14 6.4849e+19
36 14 6.48744e+19
37 14 6.48715e+19
38 14 6.48612e+19
39 14 6.48487e+19
40 14 6.48578e+19
41 14 6.48666e+19
42 14 6.4841e+19
43 14 6.48508e+19
44 14 6.4834e+19
45 14 6.48196e+19
46 14 6.48047e+19
47 14 6.48067e+19
48 14 6.48042e+19
49 14 6.47727e+19
50 14 6.47764e+19
51 14 6.47779e+19
52 14 6.47473e+19
53 14 6.47315e+19
54 14 6.47434e+19
55 14 6.47519e+19
56 14 6.47162e+19
57 14 6.46902e+19
58 14 6.47178e+19
59 14 6.47048e+19
60 14 6.46801e+19
61 14 6.46929e+19
62 14 6.46844e+19
0 15 6.65734e+19
1 15 6.65682e+19
2 15 6.65831e+19
3 15 6.66218e+19
4 15 6.66105e+19
5 15 6.6684e+19
6 15 6.67e+19
7 15 6.66439e+19
8 15 6.67424e+19
9 15 6.6788e+19
10 15 6.67652e+19
11 15 6.67614e+19
12 15 6.68015e+19
13 15 6.68669e+19
14 15 6.68472e+19
15 15 6.68473e+19
16 15 6.68451e+19
17 15 6.68297e+19
18 15 6.68485e+19
19 15 6.68385e+19
20 15 6.68547e+19
21 15 6.6879e+19
22 15 6.68686e+19
23 15 6.68479e+19
24 15 6.68289e+19
25 15 6.68132e+19
26 15 6.68144e+19
27 15 6.6844e+19
28 15 6.68543e+19
29 15 6.68258e+19
30 15 6.67942e+19
31 15 6.68042e+19
32 15 6.67964e+19
33 15 6.67464e+19
34 15 6.67832e+19
35 15 6.68208e+19
36 15 6.67869e+19
37 15 6.67704e+19
38 15 6.67422e+19
39 15 6.6717e+19
40 15 6.67174e+19
41 15 6.6732e+19
42 15 6.6715e+19
43 15 6.6724e+19
44 15 6.67512e+19
45 15 6.67219e+19
46 15 6.67125e+19
47 15 6.67105e+19
48 15 6.66658e+19
49 15 6.66614e+19
50 15 6.66651e+19
51 15 6.6638e+19
52 15 6.66724e+19
53 15 6.66925e+19
54 15 6.66475e+19
55 15 6.66189e+19
56 15 6.66157e+19
57 15 6.66045e+19
58 15 6.66073e+19
59 15 6.66193e+19
60 15 6.66059e+19
61 15 6.65886e+19
62 15 6.6595e+19
0 16 6.85636e+19
1 16 6.85964e+19
2 16 6.86219e+19
3 16 6.85987e+19
4 16 6.8644e+19
5 16 6.86517e+19
6 16 6.86314e+19
7 16 6.86569e+19
8 16 6.86714e+19
9 16 6.86695e+19
10 16 6.87078e+19
11 16 6.87525e+19
12 16 6.87751e+19
13 16 6.88062e+19
14 16 6.87888e+19
15 16 6.88015e+19
16 16 6.88218e+19
17 16 6.88309e+19
18 16 6.88631e+19
19 16 6.88571e+19
20 16 6.88331e+19
21 16 6.88255e+19
22 16 6.88132e+19
23 16 6.88168e+19
24 16 6.879e+19
25 16 6.87715e+19
26 16 6.88134e+19
27 16 6.88259e+19
28 16 6.87987e+19
29 16 6.87888e+19
30 16 6.88102e+19
31 16 6.88209e+19
32 16 6.88062e+19
33 16 6.8756e+19
34 16 6.87429e+19
35 16 6.87587e+19
36 16 6.87427e+19
37 16 6.87211e+19
38 16 6.86939e+19
39 16 6.87099e+19
40 16 6.87157e+19
41 16 6.86931e+19
42 16 6.86934e+19
43 16 6.86618e+19
44 16 6.86442e+19
45 16 6.86468e+19
46 16 6.86288e+19
47 16 6.86217e+19
48 16 6.86199e+19
49 16 6.8619e+19
50 16 6.85971e+19
51 16 6.85754e+19
52 16 6.85862e+19
53 16 6.85873e+19
54 16 6.85968e+19
55 16 6.85945e+19
56 16 6.85754e+19
57 16 6.85743e+19
58 16 6.85509e+19
59 16 6.85402e+19
60 16 6.85385e+19
61 16 6.85121e+19
62 16 6.85088e+19
0 17 7.05922e+19
1 17 7.05516e+19
2 17 7.05801e+19
3 17 7.06081e+19
4 17 7.06374e+19
5 17 7.06235e+19
6 17 7.06466e+19
7 17 7.07275e+19
8 17 7.07436e+19
9 17 7.07519e+19
10 17 7.07623e+19
11 17 7.07703e+19
12 17 7.07836e+19
13 17 7.07882e+19
14 17 7.08069e+19
15 17 7.08133e+19
16 17 7.08464e+19
17 17 7.08672e+19
18 17 7.08358e+19
19 17 7.08322e+19
20 17 7.08331e+19
21 17 7.08277e+19
22 17 7.08629e+19
23 17 7.08716e+19
24 17 7.08548e+19
25 17 7.08591e+19
26 17 7.08231e+19
27 17 7.07965e+19
28 17 7.08015e+19
29 17 7.08254e+19
30 17 7.08485e+19
31 17 7.08317e+19
32 17 7.08364e+19
33 17 7.0836e+19
34 17 7.07698e+19
35 17 7.07202e+19
36 17 7.07545e+19
37 17 7.0769e+19
38 17 7.07409e+19
39 17 7.07118e+19
40 17 7.07071e+19
41 17 7.07373e+19
42 17 7.07332e+19
43 17 7.06861e+19
44 17 7.06803e+19
45 17 7.06586e+19
46 17 7.06314e+19
47 17 7.06574e+19
48 17 7.06789e+19
49 17 7.06701e+19
50 17 7.06298e+19
51 17 7.06274e+19
52 17 7.06209e+19
53 17 7.05779e+19
54 17 7.05709e+19
55 17 7.05894e+19
56 17 7.05596e+19
57 17 7.05559e+19
58 17 7.05683e+19
59 17 7.05352e+19
60 17 7.05118e+19
61 17 7.05171e+19
62 17 7.05376e+19
0 18 7.2602e+19
1 18 7.2629e+19
2 18 7.26461e+19
3 18 7.26775e+19
4 18 7.27015e+19
5 18 7.27503e+19
6 18 7.27759e+19
7 18 7.27808e+19
8 18 7.27931e+19
9 18 7.28491e+19
10 18 7.28825e+19
11 18 7.2879e+19
12 18 7.29059e+19
13 18 7.28901e+19
14 18 7.29271e+19
15 18 7.29575e+19
16 18 7.29154e+19
17 18 7.29082e+19
18 18 7.29096e+19
19 18 7.29008e+19
20 18 7.28703e+19
21 18 7.28701e+19
22 18 7.29071e+19
23 18 7.29037e+19
24 18 7.29019e+19
25 18 7.2945e+19
26 18 7.29343e+19
27 18 7.28778e+19
28 18 7.28801e+19
29 18 7.29015e+19
30 18 7.28983e+19
31 18 7.28649e+19
32 18 7.28266e+19
33 18 7.28723e+19
34 18 7.28935e+19
35 18 7.28669e+19
36 18 7.2839e+19
37 18 7.28177e+19
38 18 7.28255e+19
39 18 7.2819e+19
40 18 7.27955e+19
41 18 7.27763e+19
42 18 7.27684e+19
43 18 7.27438e+19
44 18 7.27151e+19
45 18 7.27265e+19
46 18 7.27258e+19
47 18 7.27016e+19
48 18 7.269e+19
49 18 7.26869e+19
50 18 7.27021e+19
51 18 7.27001e+19
52 18 7.26823e+19
53 18 7.26659e+19
54 18 7.26513e+19
55 18 7.26216e+19
56 18 7.26067e+19
57 18 7.26098e+19
58 18 7.26119e+19
59 18 7.25674e+19
60 18 7.25492e+19
61 18 7.25698e+19
62 18 7.25667e+19
0 19 7.46296e+19
1 19 7.47088e+19
2 19 7.48282e+19
3 19 7.48612e+19
4 19 7.4868e+19
5 19 7.48864e+19
6 19 7.48987e+19
7 19 7.49173e+19
8 19 7.48825e+19
9 19 7.4888e+19
10 19 7.49847e+19
11 19 7.50116e+19
12 19 7.50011e+19
13 19 7.49887e+19
14 19 7.49973e+19
15 19 7.50052e+19
16 19 7.50217e+19
17 19 7.50198e+19
18 19 7.50177e+19
19 19 7.50424e+19
20 19 7.50359e+19
21 19 7.5041e+19
22 19 7.50326e+19
23 19 7.50112e+19
24 19 7.50223e+19
25 19 7.50415e+19
26 19 7.50401e+19
27 19 7.50424e+19
28 19 7.50185e+19
29 19 7.49999e+19
30 19 7.49697e+19
31 19 7.49476e+19
32 19 7.4989e+19
33 19 7.49867e+19
34 19 7.49957e+19
35 19 7.50265e+19
36 19 7.49696e+19
37 19 7.49442e+19
38 19 7.49711e+19
39 19 7.49457e+19
40 19 7.49046e+19
41 19 7.48897e+19
42 19 7.48791e+19
43 19 7.48641e+19
44 19 7.48482e+19
45 19 7.48631e+19
46 19 7.48574e+19
47 19 7.48045e+19
48 19 7.48035e+19
49 19 7.48343e+19
50 19 7.48366e+19
51 19 7.47945e+19
52 19 7.47231e+19
53 19 7.47068e+19
54 19 7.47321e+19
55 19 7.47323e+19
56 19 7.47667e+19
57 19 7.47738e+19
58 19 7.47119e+19
59 19 7.46669e+19
60 19 7.46744e+19
61 19 7.46902e+19
62 19 7.46694e+19
0 20 7.6836e+19
1 20 7.69102e+19
2 20 7.6934e+19
3 20 7.69358e+19
4 20 7.69742e+19
5 20 7.69777e+19
6 20 7.70386e+19
7 20 7.70737e+19
8 20 7.70769e+19
9 20 7.71066e+19
10 20 7.70946e+19
11 20 7.71119e+19
12 20 7.71809e+19
13 20 7.72073e+19
14 20 7.71939e+19
15 20 7.71649e+19
16 20 7.72149e+19
17 20 7.72211e+19
18 20 7.72059e+19
19 20 7.72687e+19
20 20 7.72824e+19
21 20 7.7262e+19
22 20 7.72345e+19
23 20 7.71933e+19
24 20 7.72079e+19
25 20 7.72132e+19
26 20 7.72178e+19
27 20 7.72076e+19
28 20 7.7179e+19
29 20 7.7193e+19
30 20 7.71904e+19
31 20 7.72183e+19
32 20 7.72137e+19
33 20 7.71853e+19
34 20 7.72112e+19
35 20 7.71864e+19
36 20 7.71723e+19
37 20 7.71703e+19
38 20 7.71251e+19
39 20 7.7074e+19
40 20 7.70626e+19
41 20 7.70685e+19
42 20 7.70372e+19
43 20 7.7055e+19
44 20 7.70832e+19
45 20 7.70596e+19
46 20 7.70671e+19
47 20 7.7049e+19
48 20 7.70229e+19
49 20 7.69974e+19
50 20 7.69355e+19
51 20 7.69242e+19
52 20 7.6935e+19
53 20 7.69417e+19
54 20 7.69063e+19
55 20 7.68628e+19
56 20 7.68873e+19
57 20 7.68691e+19
58 20 7.68203e+19
59 20 7.68635e+19
60 20 7.68828e+19
61 20 7.68606e+19
62 20 7.68277e+19
0 21 7.91343e+19
1 21 7.91525e+19
2 21 7.90874e+19
3 21 7.91248e+19
4 21 7.91736e+19
5 21 7.92401e+19
6 21 7.92702e+19
7 21 7.92751e+19
8 21 7.93751e+19
9 21 7.93723e+19
10 21 7.93446e+19
11 21 7.93708e+19
12 21 7.93662e+19
13 21 7.94476e+19
14 21 7.94683e+19
15 21 7.94796e+19
16 21 7.94889e+19
17 21 7.95143e+19
18 21 7.953e+19
19 21 7.9486e+19
20 21 7.95078e+19
21 21 7.94902e+19
22 21 7.94718e+19
23 21 7.94913e+19
24 21 7.94971e+19
25 21 7.94889e+19
26 21 7.94816e+19
27 21 7.94835e+19
28 21 7.95056e+19
29 21 7.94942e+19
30 21 7.94821e+19
31 21 7.94692e+19
32 21 7.94001e+19
33 21 7.9392e+19
34 21 7.94061e+19
35 21 7.94034e+19
36 21 7.94023e+19
37 21 7.9356e+19
38 21 7.93273e+19
39 21 7.93474e+19
40 21 7.93448e+19
41 21 7.9309e+19
42 21 7.9286e+19
43 21 7.92842e+19
44 21 7.92655e+19
45 21 7.92479e+19
46 21 7.92557e+19
47 21 7.9226e+19
48 21 7.91787e+19
49 21 7.91737e+19
50 21 7.91863e+19
51 21 7.91866e+19
52 21 7.92049e+19
53 21 7.92053e+19
54 21 7.91884e+19
55 21 7.91529e+19
56 21 7.90803e+19
57 21 7.90425e+19
58 21 7.90913e+19
59 21 7.91025e+19
60 21 7.90493e+19
61 21 7.90335e+19
62 21 7.90077e+19
0 22 8.14344e+19
1 22 8.13753e+19
2 22 8.14319e+19
3 22 8.15147e+19
4 22 8.15202e+19
5 22 8.15377e+19
6 22 8.15551e+19
7 22 8.16409e+19
8 22 8.16786e+19
9 22 8.16308e+19
10 22 8.16856e+19
11 22 8.17394e+19
12 22 8.16804e+19
13 22 8.17037e+19
14 22 8.17682e+19
15 22 8.18117e+19
16 22 8.18023e+19
17 22 8.18163e+19
18 22 8.18078e+19
19 22 8.17225e+19
20 22 8.1745e+19
21 22 8.17837e+19
22 22 8.17921e+19
23 22 8.18314e+19
24 22 8.18131e+19
25 22 8.17864e+19
26 22 8.17722e+19
27 22 8.17831e+19
28 22 8.18162e+19
29 22 8.17752e+19
30 22 8.17167e+19
31 22 8.17007e+19
32 22 8.17576e+19
33 22 8.17513e+19
34 22 8.16787e+19
35 22 8.16833e+19
36 22 8.1651e+19
37 22 8.16329e+19
38 22 8.16593e+19
39 22 8.16416e+19
40 22 8.16403e+19
41 22 8.16354e+19
42 22 8.16138e+19
43 22 8.15764e+19
44 22 8.15684e+19
45 22 8.15519e+19
46 22 8.14985e+19
47 22 8.15026e+19
48 22 8.14899e+19
49 22 8.14905e+19
50 22 8.15385e+19
51 22 8.1524e+19
52 22 8.14584e+19
53 22 8.1426e+19
54 22 8.14672e+19
55 22 8.14756e+19
56 22 8.14273e+19
57 22 8.14106e+19
58 22 8.14182e+19
59 22 8.13831e+19
60 22 8.13339e+19
61 22 8.13276e+19
62 22 8.13405e+19
0 23 8.37693e+19
1 23 8.37726e+19
2 23 8.38427e+19
3 23 8.38299e+19
4 23 8.38915e+19
5 23 8.39205e+19
6 23 8.39369e+19
7 23 8.39963e+19
8 23 8.39633e+19
9 23 8.40517e+19
10 23 8.40764e+19
11 23 8.40932e+19
12 23 8.41513e+19
13 23 8.41188e+19
14 23 8.41266e+19
15 23 8.41298e+19
16 23 8.41547e+19
17 23 8.41621e+19
18 23 8.41559e+19
19 23 8.41756e+19
20 23 8.41782e+19
21 23 8.41893e+19
22 23 8.41733e+19
23 23 8.41602e+19
24 23 8.41585e+19
25 23 8.41362e+19
26 23 8.4165e+19
27 23 8.41804e+19
28 23 8.41305e+19
29 23 8.40987e+19
30 23 8.40949e+19
31 23 8.41339e+19
32 23 8.41466e+19
33 23 8.41114e+19
34 23 8.40896e+19
35 23 8.40316e+19
36 23 8.40203e+19
37 23 8.40385e+19
38 23 8.40013e+19
39 23 8.39899e+19
40 23 8.40192e+19
41 23 8.39976e+19
42 23 8.39558e+19
43 23 8.39408e+19
44 23 8.39183e+19
45 23 8.38807e+19
46 23 8.38638e+19
47 23 8.38932e+19
48 23 8.38962e+19
49 23 8.38405e+19
50 23 8.37761e+19
51 23 8.38074e+19
52 23 8.38036e+19
53 23 8.37928e+19
54 23 8.38229e+19
55 23 8.37768e+19
56 23 8.37271e+19
57 23 8.37154e+19
58 23 8.36871e+19
59 23 8.36762e+19
60 23 8.3734e+19
61 23 8.37207e+19
62 23 8.36821e+19
0 24 8.61525e+19
1 24 8.62155e+19
2 24 8.62065e+19
3 24 8.62477e+19
4 24 8.62979e+19
5 24 8.63567e+19
6 24 8.63961e+19
7 24 8.63619e+19
8 24 8.63701e+19
9 24 8.64868e+19
10 24 8.65283e+19
11 24 8.64677e+19
12 24 8.65447e+19
13 24 8.65904e+19
14 24 8.65739e+19
15 24 8.65962e+19
16 24 8.66009e+19
17 24 8.65916e+19
18 24 8.65892e+19
19 24 8.66396e+19
20 24 8.66457e+19
21 24 8.65916e+19
22 24 8.65707e+19
23 24 8.65724e+19
24 24 8.65802e+19
25 24 8.65997e+19
26 24 8.65973e+19
27 24 8.65553e+19
28 24 8.65324e+19
29 24 8.65499e+19
30 24 8.6564e+19
31 24 8.6537e+19
32 24 8.64968e+19
33 24 8.64881e+19
34 24 8.64795e+19
35 24 8.64682e+19
36 24 8.64821e+19
37 24 8.64853e+19
38 24 8.64839e+19
39 24 8.64455e+19
40 24 8.63978e+19
41 24 8.63558e+19
42 24 8.62945e+19
43 24 8.62893e+19
44 24 8.62833e+19
45 24 8.62919e+19
46 24 8.6329e+19
47 24 8.63366e+19
48 24 8.63302e+19
49 24 8.62686e+19
50 24 8.61884e+19
51 24 8.61708e+19
52 24 8.62182e+19
53 24 8.62397e+19
54 24 8.61676e+19
55 24 8.6157e+19
56 24 8.61639e+19
57 24 8.61601e+19
58 24 8.61556e+19
59 24 8.61082e+19
60 24 8.61163e+19
61 24 8.60936e+19
62 24 8.60458e+19
0 25 8.8648e+19
1 25 8.86717e+19
2 25 8.87216e+19
3 25 8.8747e+19
4 25 8.87377e+19
5 25 8.87832e+19
6 25 8.88607e+19
7 25 8.88775e+19
8 25 8.89387e+19
9 25 8.89778e+19
10 25 8.90007e+19
11 25 8.90246e+19
12 25 8.9059e+19
13 25 8.90803e+19
14 25 8.90905e+19
15 25 8.90968e+19
16 25 8.90583e+19
17 25 8.90741e+19
18 25 8.9121e+19
19 25 8.91229e+19
20 25 8.90851e+19
21 25 8.90638e+19
22 25 8.90712e+19
23 25 8.90881e+19
24 25 8.90857e+19
25 25 8.90895e+19
26 25 8.90424e+19
27 25 8.89876e+19
28 25 8.90458e+19
29 25 8.90853e+19
30 25 8.90622e+19
31 25 8.89856e+19
32 25 8.89614e+19
33 25 8.9002e+19
34 25 8.89976e+19
35 25 8.90057e+19
36 25 8.89874e+19
37 25 8.89538e+19
38 25 8.89357e+19
39 25 8.89225e+19
40 25 8.8865e+19
41 25 8.88181e+19
42 25 8.88478e+19
43 25 8.88425e+19
44 25 8.88178e+19
45 25 8.88462e+19
46 25 8.88028e+19
47 25 8.87214e+19
48 25 8.86943e+19
49 25 8.86974e+19
50 25 8.87508e+19
51 25 8.87306e+19
52 25 8.87132e+19
53 25 8.87087e+19
54 25 8.86189e+19
55 25 8.85884e+19
56 25 8.86466e+19
57 25 8.86597e+19
58 25 8.86178e+19
59 25 8.86056e+19
60 25 8.85985e+19
61 25 8.85754e+19
62 25 8.85642e+19
0 26 9.11543e+19
1 26 9.11578e+19
2 26 9.11864e+19
3 26 9.12452e+19
4 26 9.1361e+19
5 26 9.13818e+19
6 26 9.14249e+19
7 26 9.15153e+19
8 26 9.14941e+19
9 26 9.14971e+19
10 26 9.15446e+19
11 26 9.16209e+19
12 26 9.16434e+19
13 26 9.16008e+19
14 26 9.15857e+19
15 26 9.15944e+19
16 26 9.16172e+19
17 26 9.16539e+19
18 26 9.17067e+19
19 26 9.17088e+19
20 26 9.16526e+19
21 26 9.1641e+19
22 26 9.16569e+19
23 26 9.16432e+19
24 26 9.16255e+19
25 26 9.16398e+19
26 26 9.16409e+19
27 26 9.16396e+19
28 26 9.16308e+19
29 26 9.1625e+19
30 26 9.16023e+19
31 26 9.15941e+19
32 26 9.15784e+19
33 26 9.15527e+19
34 26 9.15395e+19
35 26 9.15224e+19
36 26 9.15238e+19
37 26 9.14941e+19
38 26 9.14447e+19
39 26 9.14275e+19
40 26 9.14309e+19
41 26 9.14386e+19
42 26 9.14593e+19
43 26 9.14154e+19
44 26 9.13579e+19
45 26 9.13266e+19
46 26 9.1285e+19
47 26 9.12553e+19
48 26 9.12298e+19
49 26 9.12253e+19
50 26 9.12388e+19
51 26 9.12653e+19
52 26 9.1255e+19
53 26 9.11986e+19
54 26 9.11619e+19
55 26 9.11388e+19
56 26 9.11354e+19
57 26 9.1119e+19
58 26 9.10963e+19
59 26 9.10868e+19
60 26 9.10701e+19
61 26 9.10629e+19
62 26 9.10792e+19
0 27 9.36347e+19
1 27 9.37656e+19
2 27 9.37806e+19
3 27 9.39019e+19
4 27 9.40004e+19
5 27 9.40473e+19
6 27 9.40786e+19
7 27 9.40713e+19
8 27 9.41654e+19
9 27 9.41724e+19
10 27 9.41409e+19
11 27 9.41802e+19
12 27 9.42032e+19
13 27 9.42163e+19
14 27 9.42549e+19
15 27 9.42888e+19
16 27 9.43167e+19
17 27 9.42782e+19
18 27 9.42465e+19
19 27 9.42982e+19
20 27 9.43227e+19
21 27 9.42928e+19
22 27 9.42755e+19
23 27 9.42699e+19
24 27 9.42827e+19
25 27 9.4299e+19
26 27 9.43146e+19
27 27 9.4312e+19
28 27 9.42572e+19
29 27 9.41826e+19
30 27 9.41732e+19
31 27 9.42142e+19
32 27 9.42009e+19
33 27 9.41735e+19
34 27 9.41584e+19
35 27 9.41281e+19
36 27 9.40675e+19
37 27 9.40576e+19
38 27 9.40868e+19
39 27 9.40598e+19
40 27 9.40549e+19
41 27 9.40755e+19
42 27 9.40332e+19
43 27 9.3995e+19
44 27 9.39719e+19
45 27 9.38969e+19
46 27 9.39111e+19
47 27 9.39457e+19
48 27 9.39195e+19
49 27 9.39161e+19
50 27 9.38593e+19
51 27 9.37904e+19
52 27 9.37363e+19
53 27 9.37432e+19
54 27 9.3794e+19
55 27 9.37808e+19
56 27 9.37348e+19
57 27 9.37016e+19
58 27 9.37245e+19
59 27 9.37232e+19
60 27 9.37152e+19
61 27 9.37164e+19
62 27 9.36442e+19
0 28 9.63631e+19
1 28 9.64807e+19
2 28 9.65307e+19
3 28 9.65533e+19
4 28 9.65609e+19
5 28 9.66479e+19
6 28 9.67277e+19
7 28 9.67668e+19
8 28 9.68805e+19
9 28 9.69229e+19
10 28 9.68713e+19
11 28 9.68611e+19
12 28 9.68939e+19
13 28 9.6957e+19
14 28 9.69991e+19
15 28 9.70251e+19
16 28 9.70152e+19
17 28 9.70127e+19
18 28 9.70199e+19
19 28 9.70332e+19
20 28 9.70594e+19
21 28 9.70299e+19
22 28 9.69838e+19
23 28 9.69795e+19
24 28 9.69842e+19
25 28 9.69515e+19
26 28 9.6945e+19
27 28 9.69408e+19
28 28 9.69123e+19
29 28 9.69007e+19
30 28 9.691e+19
31 28 9.68913e+19
32 28 9.68537e+19
33 28 9.68352e+19
34 28 9.68414e+19
35 28 9.68439e+19
36 28 9.68227e+19
37 28 9.67879e+19
38 28 9.67609e+19
39 28 9.6778e+19
40 28 9.67414e+19
41 28 9.67203e+19
42 28 9.66966e+19
43 28 9.66033e+19
44 28 9.66037e+19
45 28 9.66134e+19
46 28 9.65602e+19
47 28 9.65697e+19
48 28 9.65893e+19
49 28 9.65715e+19
50 28 9.65403e+19
51 28 9.64692e+19
52 28 9.64224e+19
53 28 9.64345e+19
54 28 9.64849e+19
55 28 9.64874e+19
56 28 9.64363e+19
57 28 9.63982e+19
58 28 9.64059e+19
59 28 9.64415e+19
60 28 9.6434e+19
61 28 9.64198e+19
62 28 9.63733e+19
0 29 9.92571e+19
1 29 9.92536e+19
2 29 9.92709e+19
3 29 9.93016e+19
4 29 9.93351e+19
5 29 9.93943e+19
6 29 9.9467e+19
7 29 9.95645e+19
8 29 9.95538e+19
9 29 9.95989e+19
10 29 9.96953e+19
11 29 9.96978e+19
12 29 9.97023e+19
13 29 9.97434e+19
14 29 9.97424e+19
15 29 9.97211e+19
16 29 9.97412e+19
17 29 9.97808e+19
18 29 9.98191e+19
19 29 9.98039e+19
20 29 9.97962e+19
21 29 9.97988e+19
22 29 9.97328e+19
23 29 9.96845e+19
24 29 9.96846e+19
25 29 9.96896e+19
26 29 9.9678e+19
27 29 9.97022e+19
28 29 9.97097e+19
29 29 9.96926e+19
30 29 9.966e+19
31 29 9.95946e+19
32 29 9.96154e+19
33 29 9.96304e+19
34 29 9.95919e+19
35 29 9.95708e+19
36 29 9.95767e+19
37 29 9.95797e+19
38 29 9.95354e+19
39 29 9.95048e+19
40 29 9.94922e+19
41 29 9.94357e+19
42 29 9.93808e+19
43 29 9.93295e+19
44 29 9.9323e+19
45 29 9.93376e+19
46 29 9.93088e+19
47 29 9.92783e+19
48 29 9.92927e+19
49 29 9.92727e+19
50 29 9.9258e+19
51 29 9.92857e+19
52 29 9.92993e+19
53 29 9.92546e+19
54 29 9.91685e+19
55 29 9.91734e+19
56 29 9.91814e+19
57 29 9.91483e+19
58 29 9.90984e+19
59 29 9.90929e+19
60 29 9.90761e+19
61 29 9.90589e+19
62 29 9.90585e+19
0 30 1.02005e+20
1 30 1.01967e+20
2 30 1.021e+20
3 30 1.02196e+20
4 30 1.02283e+20
5 30 1.02326e+20
6 30 1.02303e+20
7 30 1.02336e+20
8 30 1.024e+20
9 30 1.02426e+20
10 30 1.02503e+20
11 30 1.02556e+20
12 30 1.0253e+20
13 30 1.02513e+20
14 30 1.02575e+20
15 30 1.02555e+20
16 30 1.02552e+20
17 30 1.02616e+20
18 30 1.02654e+20
19 30 1.02637e+20
20 30 1.02563e+20
21 30 1.02531e+20
22 30 1.02581e+20
23 30 1.0262e+20
24 30 1.02609e+20
25 30 1.02588e+20
26 30 1.02546e+20
27 30 1.02566e+20
28 30 1.02575e+20
29 30 1.02543e+20
30 30 1.02539e+20
31 30 1.02532e+20
32 30 1.02506e+20
33 30 1.02449e+20
34 30 1.02401e+20
35 30 1.02362e+20
36 30 1.02347e+20
37 30 1.02354e+20
38 30 1.02329e+20
39 30 1.02329e+20
40 30 1.02305e+20
41 30 1.02252e+20
42 30 1.02246e+20
43 30 1.02275e+20
44 30 1.02248e+20
45 30 1.02177e+20
46 30 1.02194e+20
47 30 1.0216e+20
48 30 1.02086e+20
49 30 1.0208e+20
50 30 1.02076e+20
51 30 1.02063e+20
52 30 1.02054e+20
53 30 1.02015e+20
54 30 1.01991e+20
55 30 1.01958e+20
56 30 1.01921e+20
57 30 1.01957e+20
58 30 1.01919e+20
59 30 1.01894e+20
60 30 1.0191e+20
61 30 1.01868e+20
62 30 1.01824e+20
0 31 1.04811e+20
1 31 1.04771e+20
2 31 1.04949e+20
3 31 1.05102e+20
4 31 1.0518e+20
5 31 1.05186e+20
6 31 1.05244e+20
7 31 1.05278e+20
8 31 1.05292e+20
9 31 1.05335e+20
10 31 1.05365e+20
11 31 1.05418e+20
12 31 1.05439e+20
13 31 1.05455e+20
14 31 1.05512e+20
15 31 1.05542e+20
16 31 1.05532e+20
17 31 1.05557e+20
18 31 1.05578e+20
19 31 1.05579e+20
20 31 1.05541e+20
21 31 1.05466e+20
22 31 1.05498e+20
23 31 1.05563e+20
24 31 1.05525e+20
25 31 1.05492e+20
26 31 1.05525e+20
27 31 1.05517e+20
28 31 1.05433e+20
29 31 1.054e+20
30 31 1.05425e+20
31 31 1.05441e+20
32 31 1.05361e+20
33 31 1.05303e+20
34 31 1.05296e+20
35 31 1.05289e+20
36 31 1.0532e+20
37 31 1.05291e+20
38 31 1.05278e+20
39 31 1.05247e+20
40 31 1.05196e+20
41 31 1.05202e+20
42 31 1.05219e+20
43 31 1.05166e+20
44 31 1.05119e+20
45 31 1.05118e+20
46 31 1.05088e+20
47 31 1.05082e+20
48 31 1.05028e+20
49 31 1.04987e+20
50 31 1.04978e+20
51 31 1.04927e+20
52 31 1.04897e+20
53 31 1.04899e+20
54 31 1.04942e+20
55 31 1.04921e+20
56 31 1.04833e+20
57 31 1.04832e+20
58 31 1.04825e+20
59 31 1.04781e+20
60 31 1.04796e+20
61 31 1.04802e+20
62 31 1.04784e+20
0 32 1.07846e+20
1 32 1.0788e+20
2 32 1.07892e+20
3 32 1.07993e+20
4 32 1.08033e+20
5 32 1.081e+20
6 32 1.08213e+20
7 32 1.08288e+20
8 32 1.08344e+20
9 32 1.08422e+20
10 32 1.08427e+20
11 32 1.08441e+20
12 32 1.08488e+20
13 32 1.08493e+20
14 32 1.08475e+20
15 32 1.08515e+20
16 32 1.08556e+20
17 32 1.08564e+20
18 32 1.08517e+20
19 32 1.08475e+20
20 32 1.08527e+20
21 32 1.08566e+20
22 32 1.0853e+20
23 32 1.08454e+20
24 32 1.08446e+20
25 32 1.0843e+20
26 32 1.08442e+20
27 32 1.08432e+20
28 32 1.08386e+20
29 32 1.08391e+20
30 32 1.08385e+20
31 32 1.08338e+20
32 32 1.08363e+20
33 32 1.08383e+20
34 32 1.08333e+20
35 32 1.08332e+20
36 32 1.08279e+20
37 32 1.0825e+20
38 32 1.08245e+20
39 32 1.08167e+20
40 32 1.08154e+20
41 32 1.08138e+20
42 32 1.0809e+20
43 32 1.08089e+20
44 32 1.08035e+20
45 32 1.07995e+20
46 32 1.08008e+20
47 32 1.07977e+20
48 32 1.07944e+20
49 32 1.07967e+20
50 32 1.07956e+20
51 32 1.07941e+20
52 32 1.07913e+20
53 32 1.07877e+20
54 32 1.07835e+20
55 32 1.0784e+20
56 32 1.07867e+20
57 32 1.07808e+20
58 32 1.07781e+20
59 32 1.07732e+20
60 32 1.07692e+20
61 32 1.07714e+20
62 32 1.07701e+20
0 33 1.10895e+20
1 33 1.11005e+20
2 33 1.11065e+20
3 33 1.11081e+20
4 33 1.11125e+20
5 33 1.1123e+20
6 33 1.113e+20
7 33 1.11372e+20
8 33 1.1145e+20
9 33 1.11473e+20
10 33 1.11487e+20
11 33 1.11494e+20
12 33 1.11525e+20
13 33 1.11522e+20
14 33 1.11511e+20
15 33 1.11571e+20
16 33 1.11633e+20
17 33 1.11639e+20
18 33 1.11577e+20
19 33 1.11536e+20
20 33 1.11584e+20
21 33 1.1162e+20
22 33 1.11606e+20
23 33 1.11587e+20
24 33 1.11574e+20
25 33 1.11553e+20
26 33 1.1154e+20
27 33 1.11482e+20
28 33 1.11475e+20
29 33 1.11458e+20
30 33 1.1143e+20
31 33 1.11477e+20
32 33 1.11489e+20
33 33 1.1141e+20
34 33 1.1133e+20
35 33 1.11305e+20
36 33 1.11252e+20
37 33 1.11243e+20
38 33 1.11246e+20
39 33 1.11227e+20
40 33 1.11218e+20
41 33 1.11156e+20
42 33 1.11038e+20
43 33 1.11051e+20
44 33 1.11052e+20
45 33 1.1102e+20
46 33 1.11027e+20
47 33 1.11001e+20
48 33 1.11041e+20
49 33 1.11016e+20
50 33 1.10945e+20
51 33 1.10967e+20
52 33 1.1094e+20
53 33 1.10874e+20
54 33 1.10824e+20
55 33 1.10803e+20
56 33 1.10838e+20
57 33 1.10806e+20
58 33 1.10807e+20
59 33 1.10823e+20
60 33 1.10775e+20
61 33 1.10714e+20
62 33 1.10682e+20
0 34 1.13916e+20
1 34 1.14051e+20
2 34 1.14165e+20
3 34 1.14231e+20
4 34 1.14324e+20
5 34 1.1439e+20
6 34 1.14478e+20
7 34 1.14535e+20
8 34 1.1451e+20
9 34 1.14447e+20
10 34 1.14537e+20
11 34 1.1461e+20
12 34 1.14603e+20
13 34 1.14676e+20
14 34 1.14733e+20
15 34 1.14767e+20
16 34 1.14771e+20
17 34 1.14708e+20
18 34 1.14715e+20
19 34 1.1476e+20
20 34 1.14785e+20
21 34 1.14811e+20
22 34 1.14784e+20
23 34 1.14781e+20
24 34 1.14757e+20
25 34 1.14721e+20
26 34 1.14692e+20
27 34 1.1467e+20
28 34 1.14694e+20
29 34 1.14642e+20
30 34 1.14551e+20
31 34 1.14577e+20
32 34 1.14501e+20
33 34 1.1443e+20
34 34 1.14475e+20
35 34 1.14417e+20
36 34 1.14381e+20
37 34 1.14382e+20
38 34 1.14361e+20
39 34 1.14358e+20
40 34 1.14373e+20
41 34 1.14359e+20
42 34 1.14303e+20
43 34 1.14203e+20
44 34 1.14173e+20
45 34 1.14167e+20
46 34 1.14104e+20
47 34 1.14098e+20
48 34 1.14109e+20
49 34 1.14046e+20
50 34 1.14014e+20
51 34 1.14033e+20
52 34 1.14023e+20
53 34 1.14018e+20
54 34 1.13991e+20
55 34 1.13927e+20
56 34 1.13894e+20
57 34 1.13907e+20
58 34 1.13942e+20
59 34 1.1394e+20
60 34 1.1389e+20
61 34 1.13865e+20
62 34 1.1378e+20
0 35 1.17123e+20
1 35 1.17239e+20
2 35 1.17333e+20
3 35 1.17407e+20
4 35 1.17514e+20
5 35 1.17595e+20
6 35 1.17646e+20
7 35 1.17714e+20
8 35 1.17708e+20
9 35 1.17772e+20
10 35 1.17854e+20
11 35 1.17863e+20
12 35 1.17982e+20
13 35 1.18064e+20
14 35 1.18021e+20
15 35 1.17976e+20
16 35 1.17991e+20
17 35 1.17958e+20
18 35 1.17978e+20
19 35 1.1803e+20
20 35 1.1801e+20
21 35 1.18029e+20
22 35 1.18008e+20
23 35 1.17947e+20
24 35 1.17923e+20
25 35 1.17932e+20
26 35 1.17879e+20
27 35 1.17876e+20
28 35 1.17875e+20
29 35 1.17856e+20
30 35 1.17829e+20
31 35 1.17719e+20
32 35 1.17648e+20
33 35 1.17661e+20
34 35 1.17713e+20
35 35 1.17695e+20
36 35 1.17652e+20
37 35 1.17623e+20
38 35 1.17578e+20
39 35 1.17465e+20
40 35 1.17409e+20
41 35 1.17484e+20
42 35 1.17498e+20
43 35 1.17455e+20
44 35 1.17409e+20
45 35 1.17363e+20
46 35 1.17353e+20
47 35 1.17331e+20
48 35 1.17247e+20
49 35 1.17225e+20
50 35 1.17277e+20
51 35 1.172e+20
52 35 1.17197e+20
53 35 1.17244e+20
54 35 1.17174e+20
55 35 1.17145e+20
56 35 1.17176e+20
57 35 1.17183e+20
58 35 1.17099e+20
59 35 1.17035e+20
60 35 1.17026e+20
61 35 1.17022e+20
62 35 1.16941e+20
0 36 1.20477e+20
1 36 1.20537e+20
2 36 1.20672e+20
3 36 1.20718e+20
4 36 1.20799e+20
5 36 1.20894e+20
6 36 1.20909e+20
7 36 1.20906e+20
8 36 1.21029e+20
9 36 1.21212e+20
10 36 1.21201e+20
11 36 1.21203e+20
12 36 1.21293e+20
13 36 1.2129e+20
14 36 1.21299e+20
15 36 1.21337e+20
16 36 1.21326e+20
17 36 1.21328e+20
18 36 1.21347e+20
19 36 1.21379e+20
20 36 1.21326e+20
21 36 1.21289e+20
22 36 1.21292e+20
23 36 1.21251e+20
24 36 1.21234e+20
25 36 1.21188e+20
26 36 1.21165e+20
27 36 1.21197e+20
28 36 1.21153e+20
29 36 1.21109e+20
30 36 1.21106e+20
31 36 1.21056e+20
32 36 1.21062e+20
33 36 1.21007e+20
34 36 1.2092e+20
35 36 1.20997e+20
36 36 1.20999e+20
37 36 1.20933e+20
38 36 1.20899e+20
39 36 1.20834e+20
40 36 1.20788e+20
41 36 1.20736e+20
42 36 1.20684e+20
43 36 1.20662e+20
44 36 1.2066e+20
45 36 1.20678e+20
46 36 1.2064e+20
47 36 1.2063e+20
48 36 1.20624e+20
49 36 1.2062e+20
50 36 1.2055e+20
51 36 1.20459e+20
52 36 1.20477e+20
53 36 1.20509e+20
54 36 1.20476e+20
55 36 1.20448e+20
56 36 1.20466e+20
57 36 1.20379e+20
58 36 1.20277e+20
59 36 1.20253e+20
60 36 1.20261e+20
61 36 1.20253e+20
62 36 1.20291e+20
0 37 1.23894e+20
1 37 1.23941e+20
2 37 1.24053e+20
3 37 1.24159e+20
4 37 1.24209e+20
5 37 1.2431e+20
6 37 1.24363e+20
7 37 1.24372e+20
8 37 1.24499e+20
9 37 1.24571e+20
10 37 1.24595e+20
11 37 1.24684e+20
12 37 1.24621e+20
13 37 1.24612e+20
14 37 1.24727e+20
15 37 1.24745e+20
16 37 1.24701e+20
17 37 1.24778e+20
18 37 1.24775e+20
19 37 1.24718e+20
20 37 1.24706e+20
21 37 1.24689e+20
22 37 1.24746e+20
23 37 1.24681e+20
24 37 1.24645e+20
25 37 1.24599e+20
26 37 1.24565e+20
27 37 1.24518e+20
28 37 1.24447e+20
29 37 1.24452e+20
30 37 1.24439e+20
31 37 1.24465e+20
32 37 1.24479e+20
33 37 1.24442e+20
34 37 1.2435e+20
35 37 1.24327e+20
36 37 1.24307e+20
37 37 1.24217e+20
38 37 1.24187e+20
39 37 1.24271e+20
40 37 1.24228e+20
41 37 1.2411e+20
42 37 1.24114e+20
43 37 1.24037e+20
44 37 1.24037e+20
45 37 1.24022e+20
46 37 1.23935e+20
47 37 1.2392e+20
48 37 1.23946e+20
49 37 1.23967e+20
50 37 1.23908e+20
51 37 1.23888e+20
52 37 1.2381e+20
53 37 1.23756e+20
54 37 1.23814e+20
55 37 1.23796e+20
56 37 1.23747e+20
57 37 1.23688e+20
58 37 1.23661e+20
59 37 1.23637e+20
60 37 1.23598e+20
61 37 1.23599e+20
62 37 1.23621e+20
0 38 1.27365e+20
1 38 1.27382e+20
2 38 1.27447e+20
3 38 1.27587e+20
4 38 1.27732e+20
5 38 1.27826e+20
6 38 1.27866e+20
7 38 1.27916e+20
8 38 1.27967e+20
9 38 1.27957e+20
10 38 1.28031e+20
11 38 1.28158e+20
12 38 1.28191e+20
13 38 1.28207e+20
14 38 1.28237e+20
15 38 1.28186e+20
16 38 1.28211e+20
17 38 1.28256e+20
18 38 1.28218e+20
19 38 1.28202e+20
20 38 1.28216e+20
21 38 1.28167e+20
22 38 1.28117e+20
23 38 1.28109e+20
24 38 1.28092e+20
25 38 1.2813e+20
26 38 1.28121e+20
27 38 1.28014e+20
28 38 1.27969e+20
29 38 1.27932e+20
30 38 1.27871e+20
31 38 1.27844e+20
32 38 1.27837e+20
33 38 1.279e+20
34 38 1.27892e+20
35 38 1.27752e+20
36 38 1.27702e+20
37 38 1.2772e+20
38 38 1.27649e+20
39 38 1.2762e+20
40 38 1.27567e+20
41 38 1.27585e+20
42 38 1.276e+20
43 38 1.27512e+20
44 38 1.27497e+20
45 38 1.27424e+20
46 38 1.27423e+20
47 38 1.2744e+20
48 38 1.27397e+20
49 38 1.2735e+20
50 38 1.27369e+20
51 38 1.27374e+20
52 38 1.27214e+20
53 38 1.27133e+20
54 38 1.27213e+20
55 38 1.27239e+20
56 38 1.27164e+20
57 38 1.27157e+20
58 38 1.27142e+20
59 38 1.27159e+20
60 38 1.27187e+20
61 38 1.27169e+20
62 38 1.27073e+20
0 39 1.30777e+20
1 39 1.30845e+20
2 39 1.3094e+20
3 39 1.31104e+20
4 39 1.31227e+20
5 39 1.31287e+20
6 39 1.31416e+20
7 39 1.31502e+20
8 39 1.31545e+20
9 39 1.31616e+20
10 39 1.31665e+20
11 39 1.31658e+20
12 39 1.31713e+20
13 39 1.31733e+20
14 39 1.31752e+20
15 39 1.31773e+20
16 39 1.31771e+20
17 39 1.31775e+20
18 39 1.31798e+20
19 39 1.31836e+20
20 39 1.31834e+20
21 39 1.31781e+20
22 39 1.31673e+20
23 39 1.31667e+20
24 39 1.31646e+20
25 39 1.31636e+20
26 39 1.31659e+20
27 39 1.31646e+20
28 39 1.31613e+20
29 39 1.31562e+20
30 39 1.31496e+20
31 39 1.31414e+20
32 39 1.31371e+20
33 39 1.31342e+20
34 39 1.31364e+20
35 39 1.31347e+20
36 39 1.31295e+20
37 39 1.31285e+20
38 39 1.31246e+20
39 39 1.31186e+20
40 39 1.31215e+20
41 39 1.31171e+20
42 39 1.31124e+20
43 39 1.31086e+20
44 39 1.30954e+20
45 39 1.3096e+20
46 39 1.30956e+20
47 39 1.30944e+20
48 39 1.30858e+20
49 39 1.30794e+20
50 39 1.30825e+20
51 39 1.30891e+20
52 39 1.30896e+20
53 39 1.30812e+20
54 39 1.30819e+20
55 39 1.30797e+20
56 39 1.30708e+20
57 39 1.3071e+20
58 39 1.30735e+20
59 39 1.30731e+20
60 39 1.30745e+20
61 39 1.30723e+20
62 39 1.30684e+20
0 40 1.3442e+20
1 40 1.3453e+20
2 40 1.34645e+20
3 40 1.34761e+20
4 40 1.34869e+20
5 40 1.34979e+20
6 40 1.35155e+20
7 40 1.35327e+20
8 40 1.35301e+20
9 40 1.35312e+20
10 40 1.35379e+20
11 40 1.35354e+20
12 40 1.35349e+20
13 40 1.35428e+20
14 40 1.35483e+20
15 40 1.35517e+20
16 40 1.35513e+20
17 40 1.35479e+20
18 40 1.35516e+20
19 40 1.35502e+20
20 40 1.35488e+20
21 40 1.35496e+20
22 40 1.35434e+20
23 40 1.35387e+20
24 40 1.35354e+20
25 40 1.35278e+20
26 40 1.35242e+20
27 40 1.3527e+20
28 40 1.35263e+20
29 40 1.35238e+20
30 40 1.35185e+20
31 40 1.35138e+20
32 40 1.35077e+20
33 40 1.35028e+20
34 40 1.35026e+20
35 40 1.34965e+20
36 40 1.3491e+20
37 40 1.34821e+20
38 40 1.34831e+20
39 40 1.34888e+20
40 40 1.34803e+20
41 40 1.34653e+20
42 40 1.34668e+20
43 40 1.34766e+20
44 40 1.34715e+20
45 40 1.34658e+20
46 40 1.34621e+20
47 40 1.34548e+20
48 40 1.34523e+20
49 40 1.34557e+20
50 40 1.34497e+20
51 40 1.3451e+20
52 40 1.34524e+20
53 40 1.34452e+20
54 40 1.34451e+20
55 40 1.3438e+20
56 40 1.34324e+20
57 40 1.34371e+20
58 40 1.34414e+20
59 40 1.34316e+20
60 40 1.3419e+20
61 40 1.34174e+20
62 40 1.34233e+20
