126 41 1.38063e+20
127 41 1.38002e+20
128 41 1.38033e+20
129 41 1.38026e+20
130 41 1.38013e+20
131 41 1.38083e+20
132 41 1.38036e+20
133 41 1.38076e+20
134 41 1.381e+20
135 41 1.38105e+20
136 41 1.38197e+20
137 41 1.38134e+20
138 41 1.38091e+20
139 41 1.38078e+20
140 41 1.37939e+20
141 41 1.37981e+20
142 41 1.3803e+20
143 41 1.38042e+20
144 41 1.38132e+20
145 41 1.38067e+20
146 41 1.38045e+20
147 41 1.38142e+20
148 41 1.38181e+20
149 41 1.38168e+20
150 41 1.38068e+20
151 41 1.38e+20
152 41 1.38136e+20
153 41 1.3809e+20
154 41 1.37968e+20
155 41 1.38043e+20
156 41 1.38029e+20
157 41 1.38041e+20
158 41 1.38065e+20
159 41 1.38107e+20
160 41 1.38145e+20
161 41 1.38052e+20
162 41 1.38049e+20
163 41 1.38071e+20
164 41 1.37962e+20
165 41 1.38014e+20
166 41 1.3805e+20
167 41 1.38007e+20
168 41 1.38059e+20
169 41 1.38071e+20
170 41 1.38047e+20
171 41 1.38029e+20
172 41 1.38075e+20
173 41 1.38078e+20
174 41 1.38107e+20
175 41 1.38117e+20
176 41 1.38027e+20
177 41 1.37935e+20
178 41 1.38007e+20
179 41 1.38013e+20
180 41 1.38074e+20
181 41 1.3823e+20
182 41 1.38078e+20
183 41 1.37983e+20
184 41 1.38005e+20
185 41 1.38106e+20
186 41 1.38183e+20
187 41 1.38116e+20
188 41 1.38144e+20
126 42 1.41836e+20
127 42 1.41915e+20
128 42 1.41854e+20
129 42 1.41809e+20
130 42 1.41839e+20
131 42 1.41791e+20
132 42 1.41828e+20
133 42 1.41878e+20
134 42 1.41945e+20
135 42 1.41928e+20
136 42 1.41837e+20
137 42 1.41877e+20
138 42 1.41916e+20
139 42 1.41824e+20
140 42 1.41818e+20
141 42 1.41867e+20
142 42 1.41861e+20
143 42 1.4186e+20
144 42 1.41893e+20
145 42 1.41969e+20
146 42 1.41876e+20
147 42 1.41835e+20
148 42 1.41893e+20
149 42 1.41962e+20
150 42 1.4196e+20
151 42 1.4184e+20
152 42 1.41861e+20
153 42 1.41941e+20
154 42 1.41891e+20
155 42 1.41908e+20
156 42 1.41955e+20
157 42 1.41913e+20
158 42 1.41875e+20
159 42 1.41779e+20
160 42 1.41785e+20
161 42 1.4186e+20
162 42 1.41869e+20
163 42 1.41848e+20
164 42 1.41831e+20
165 42 1.41882e+20
166 42 1.41952e+20
167 42 1.41886e+20
168 42 1.41908e+20
169 42 1.41916e+20
170 42 1.41832e+20
171 42 1.41895e+20
172 42 1.41882e+20
173 42 1.41805e+20
174 42 1.41849e+20
175 42 1.41966e+20
176 42 1.41943e+20
177 42 1.41956e+20
178 42 1.41944e+20
179 42 1.41798e+20
180 42 1.41831e+20
181 42 1.41888e+20
182 42 1.41884e+20
183 42 1.41884e+20
184 42 1.41916e+20
185 42 1.41918e+20
186 42 1.41862e+20
187 42 1.41805e+20
188 42 1.41831e+20
126 43 1.45811e+20
127 43 1.45786e+20
128 43 1.45743e+20
129 43 1.45779e+20
130 43 1.458e+20
131 43 1.45805e+20
132 43 1.45742e+20
133 43 1.45681e+20
134 43 1.45811e+20
135 43 1.45785e+20
136 43 1.45663e+20
137 43 1.4571e+20
138 43 1.45818e+20
139 43 1.45817e+20
140 43 1.45833e+20
141 43 1.45852e+20
142 43 1.4583e+20
143 43 1.45795e+20
144 43 1.45799e+20
145 43 1.45811e+20
146 43 1.45806e+20
147 43 1.4574e+20
148 43 1.45738e+20
149 43 1.45765e+20
150 43 1.45687e+20
151 43 1.45726e+20
152 43 1.45799e+20
153 43 1.45779e+20
154 43 1.45785e+20
155 43 1.45755e+20
156 43 1.45779e+20
157 43 1.45855e+20
158 43 1.45796e+20
159 43 1.45715e+20
160 43 1.45704e+20
161 43 1.45785e+20
162 43 1.45817e+20
163 43 1.45767e+20
164 43 1.45886e+20
165 43 1.4588e+20
166 43 1.4581e+20
167 43 1.45845e+20
168 43 1.45778e+20
169 43 1.45726e+20
170 43 1.45778e+20
171 43 1.45858e+20
172 43 1.45803e+20
173 43 1.45812e+20
174 43 1.45713e+20
175 43 1.45726e+20
176 43 1.45828e+20
177 43 1.45829e+20
178 43 1.45866e+20
179 43 1.45809e+20
180 43 1.45789e+20
181 43 1.45694e+20
182 43 1.45706e+20
183 43 1.45791e+20
184 43 1.45838e+20
185 43 1.45782e+20
186 43 1.45743e+20
187 43 1.45795e+20
188 43 1.45744e+20
126 44 1.49812e+20
127 44 1.49851e+20
128 44 1.49906e+20
129 44 1.49838e+20
130 44 1.49783e+20
131 44 1.49749e+20
132 44 1.49704e+20
133 44 1.49706e+20
134 44 1.49734e+20
135 44 1.49786e+20
136 44 1.49813e+20
137 44 1.49776e+20
138 44 1.49819e+20
139 44 1.4984e+20
140 44 1.49896e+20
141 44 1.4997e+20
142 44 1.4988e+20
143 44 1.49806e+20
144 44 1.49792e+20
145 44 1.49763e+20
146 44 1.49781e+20
147 44 1.4983e+20
148 44 1.49822e+20
149 44 1.49774e+20
150 44 1.49781e+20
151 44 1.49906e+20
152 44 1.49832e+20
153 44 1.49762e+20
154 44 1.49781e+20
155 44 1.49774e+20
156 44 1.49796e+20
157 44 1.49742e+20
158 44 1.4971e+20
159 44 1.49769e+20
160 44 1.49803e+20
161 44 1.49767e+20
162 44 1.49777e+20
163 44 1.49764e+20
164 44 1.49832e+20
165 44 1.49805e+20
166 44 1.49741e+20
167 44 1.4984e+20
168 44 1.4976e+20
169 44 1.49744e+20
170 44 1.49803e+20
171 44 1.49768e+20
172 44 1.49815e+20
173 44 1.49882e+20
174 44 1.49747e+20
175 44 1.49658e+20
176 44 1.49812e+20
177 44 1.49822e+20
178 44 1.49786e+20
179 44 1.4981e+20
180 44 1.49823e+20
181 44 1.4978e+20
182 44 1.49792e+20
183 44 1.49783e+20
184 44 1.49763e+20
185 44 1.4982e+20
186 44 1.4981e+20
187 44 1.4986e+20
188 44 1.4991e+20
126 45 1.53897e+20
127 45 1.53966e+20
128 45 1.53992e+20
129 45 1.53965e+20
130 45 1.5391e+20
131 45 1.53935e+20
132 45 1.54023e+20
133 45 1.53987e+20
134 45 1.53894e+20
135 45 1.53936e+20
136 45 1.5397e+20
137 45 1.54024e+20
138 45 1.53939e+20
139 45 1.53896e+20
140 45 1.53931e+20
141 45 1.5393e+20
142 45 1.53964e+20
143 45 1.53951e+20
144 45 1.53912e+20
145 45 1.53921e+20
146 45 1.53937e+20
147 45 1.53917e+20
148 45 1.53839e+20
149 45 1.5378e+20
150 45 1.53911e+20
151 45 1.5395e+20
152 45 1.53866e+20
153 45 1.53884e+20
154 45 1.53956e+20
155 45 1.54032e+20
156 45 1.53941e+20
157 45 1.53807e+20
158 45 1.53953e+20
159 45 1.53943e+20
160 45 1.5389e+20
161 45 1.53888e+20
162 45 1.53903e+20
163 45 1.53914e+20
164 45 1.53871e+20
165 45 1.53916e+20
166 45 1.53827e+20
167 45 1.53818e+20
168 45 1.53931e+20
169 45 1.53959e+20
170 45 1.53929e+20
171 45 1.53861e+20
172 45 1.5389e+20
173 45 1.53917e+20
174 45 1.53976e+20
175 45 1.53928e+20
176 45 1.53813e+20
177 45 1.53891e+20
178 45 1.53861e+20
179 45 1.53867e+20
180 45 1.53855e+20
181 45 1.53908e+20
182 45 1.54001e+20
183 45 1.53903e+20
184 45 1.53858e+20
185 45 1.53912e+20
186 45 1.53933e+20
187 45 1.53899e+20
188 45 1.53895e+20
126 46 1.58119e+20
127 46 1.58108e+20
128 46 1.5804e+20
129 46 1.58013e+20
130 46 1.58023e+20
131 46 1.5816e+20
132 46 1.58223e+20
133 46 1.58155e+20
134 46 1.58148e+20
135 46 1.58163e+20
136 46 1.58132e+20
137 46 1.5802e+20
138 46 1.57986e+20
139 46 1.58051e+20
140 46 1.58015e+20
141 46 1.58027e+20
142 46 1.58095e+20
143 46 1.58096e+20
144 46 1.58105e+20
145 46 1.58151e+20
146 46 1.58147e+20
147 46 1.58079e+20
148 46 1.58125e+20
149 46 1.58109e+20
150 46 1.58052e+20
151 46 1.58037e+20
152 46 1.57983e+20
153 46 1.58081e+20
154 46 1.5816e+20
155 46 1.58133e+20
156 46 1.58084e+20
157 46 1.58063e+20
158 46 1.58087e+20
159 46 1.58087e+20
160 46 1.58141e+20
161 46 1.58124e+20
162 46 1.58068e+20
163 46 1.58144e+20
164 46 1.5815e+20
165 46 1.58116e+20
166 46 1.58195e+20
167 46 1.58133e+20
168 46 1.58087e+20
169 46 1.58125e+20
170 46 1.58071e+20
171 46 1.58036e+20
172 46 1.58099e+20
173 46 1.5812e+20
174 46 1.58244e+20
175 46 1.58223e+20
176 46 1.58048e+20
177 46 1.58077e+20
178 46 1.5807e+20
179 46 1.58089e+20
180 46 1.58098e+20
181 46 1.58122e+20
182 46 1.58132e+20
183 46 1.58109e+20
184 46 1.58094e+20
185 46 1.58053e+20
186 46 1.58051e+20
187 46 1.58e+20
188 46 1.58002e+20
126 47 1.62431e+20
127 47 1.62375e+20
128 47 1.62349e+20
129 47 1.62356e+20
130 47 1.62451e+20
131 47 1.62419e+20
132 47 1.62356e+20
133 47 1.62311e+20
134 47 1.62368e+20
135 47 1.62474e+20
136 47 1.62397e+20
137 47 1.62345e+20
138 47 1.62407e+20
139 47 1.62404e+20
140 47 1.62449e+20
141 47 1.62408e+20
142 47 1.62375e+20
143 47 1.62405e+20
144 47 1.62411e+20
145 47 1.62454e+20
146 47 1.62455e+20
147 47 1.62417e+20
148 47 1.62511e+20
149 47 1.62565e+20
150 47 1.62451e+20
151 47 1.62504e+20
152 47 1.62522e+20
153 47 1.6249e+20
154 47 1.62467e+20
155 47 1.6245e+20
156 47 1.62518e+20
157 47 1.62455e+20
158 47 1.623e+20
159 47 1.62399e+20
160 47 1.62445e+20
161 47 1.62391e+20
162 47 1.62359e+20
163 47 1.62448e+20
164 47 1.62488e+20
165 47 1.62368e+20
166 47 1.62495e+20
167 47 1.62561e+20
168 47 1.62424e+20
169 47 1.62445e+20
170 47 1.6239e+20
171 47 1.62346e+20
172 47 1.6241e+20
173 47 1.62396e+20
174 47 1.62451e+20
175 47 1.62451e+20
176 47 1.6247e+20
177 47 1.62433e+20
178 47 1.62428e+20
179 47 1.62473e+20
180 47 1.62482e+20
181 47 1.62425e+20
182 47 1.62369e+20
183 47 1.62498e+20
184 47 1.62475e+20
185 47 1.6249e+20
186 47 1.62462e+20
187 47 1.62387e+20
188 47 1.62382e+20
126 48 1.66862e+20
127 48 1.66813e+20
128 48 1.66892e+20
129 48 1.66946e+20
130 48 1.67033e+20
131 48 1.66988e+20
132 48 1.66886e+20
133 48 1.66826e+20
134 48 1.66807e+20
135 48 1.66816e+20
136 48 1.66864e+20
137 48 1.6692e+20
138 48 1.66789e+20
139 48 1.66809e+20
140 48 1.66906e+20
141 48 1.6694e+20
142 48 1.66954e+20
143 48 1.66821e+20
144 48 1.66806e+20
145 48 1.6679e+20
146 48 1.66769e+20
147 48 1.66955e+20
148 48 1.66906e+20
149 48 1.6677e+20
150 48 1.66868e+20
151 48 1.66899e+20
152 48 1.66875e+20
153 48 1.66827e+20
154 48 1.66872e+20
155 48 1.66917e+20
156 48 1.66951e+20
157 48 1.6694e+20
158 48 1.66896e+20
159 48 1.66921e+20
160 48 1.66877e+20
161 48 1.66895e+20
162 48 1.66902e+20
163 48 1.66844e+20
164 48 1.66817e+20
165 48 1.66883e+20
166 48 1.66853e+20
167 48 1.66851e+20
168 48 1.6691e+20
169 48 1.66885e+20
170 48 1.66912e+20
171 48 1.67044e+20
172 48 1.66962e+20
173 48 1.66896e+20
174 48 1.66944e+20
175 48 1.66895e+20
176 48 1.66864e+20
177 48 1.66864e+20
178 48 1.66888e+20
179 48 1.66899e+20
180 48 1.66808e+20
181 48 1.66741e+20
182 48 1.66852e+20
183 48 1.66861e+20
184 48 1.66774e+20
185 48 1.66811e+20
186 48 1.66867e+20
187 48 1.669e+20
188 48 1.66857e+20
126 49 1.71378e+20
127 49 1.71376e+20
128 49 1.71381e+20
129 49 1.71398e+20
130 49 1.71394e+20
131 49 1.7143e+20
132 49 1.71464e+20
133 49 1.71502e+20
134 49 1.71369e+20
135 49 1.7128e+20
136 49 1.7134e+20
137 49 1.71393e+20
138 49 1.71468e+20
139 49 1.7145e+20
140 49 1.71362e+20
141 49 1.71416e+20
142 49 1.71442e+20
143 49 1.71448e+20
144 49 1.71462e+20
145 49 1.71335e+20
146 49 1.71303e+20
147 49 1.71405e+20
148 49 1.71395e+20
149 49 1.71352e+20
150 49 1.71431e+20
151 49 1.71322e+20
152 49 1.71235e+20
153 49 1.7133e+20
154 49 1.71348e+20
155 49 1.71299e+20
156 49 1.71353e+20
157 49 1.71444e+20
158 49 1.71515e+20
159 49 1.71357e+20
160 49 1.71233e+20
161 49 1.71355e+20
162 49 1.71448e+20
163 49 1.7136e+20
164 49 1.71301e+20
165 49 1.71418e+20
166 49 1.71411e+20
167 49 1.71329e+20
168 49 1.71342e+20
169 49 1.71448e+20
170 49 1.71456e+20
171 49 1.71457e+20
172 49 1.71422e+20
173 49 1.71394e+20
174 49 1.71381e+20
175 49 1.71379e+20
176 49 1.7141e+20
177 49 1.71438e+20
178 49 1.71359e+20
179 49 1.71307e+20
180 49 1.71333e+20
181 49 1.71345e+20
182 49 1.71407e+20
183 49 1.71342e+20
184 49 1.71379e+20
185 49 1.71387e+20
186 49 1.71356e+20
187 49 1.71357e+20
188 49 1.71391e+20
126 50 1.75999e+20
127 50 1.76088e+20
128 50 1.76028e+20
129 50 1.75987e+20
130 50 1.75904e+20
131 50 1.75872e+20
132 50 1.75994e+20
133 50 1.76064e+20
134 50 1.76047e+20
135 50 1.75982e+20
136 50 1.75884e+20
137 50 1.76032e+20
138 50 1.76245e+20
139 50 1.76171e+20
140 50 1.7605e+20
141 50 1.76008e+20
142 50 1.76032e+20
143 50 1.76125e+20
144 50 1.75987e+20
145 50 1.7603e+20
146 50 1.76206e+20
147 50 1.75972e+20
148 50 1.75998e+20
149 50 1.76165e+20
150 50 1.76113e+20
151 50 1.76097e+20
152 50 1.76115e+20
153 50 1.7606e+20
154 50 1.76014e+20
155 50 1.76053e+20
156 50 1.76019e+20
157 50 1.75973e+20
158 50 1.76031e+20
159 50 1.7605e+20
160 50 1.76023e+20
161 50 1.76034e+20
162 50 1.76087e+20
163 50 1.76071e+20
164 50 1.75958e+20
165 50 1.75942e+20
166 50 1.75972e+20
167 50 1.76e+20
168 50 1.75991e+20
169 50 1.76075e+20
170 50 1.76106e+20
171 50 1.75958e+20
172 50 1.75995e+20
173 50 1.76036e+20
174 50 1.75993e+20
175 50 1.76048e+20
176 50 1.76062e+20
177 50 1.76e+20
178 50 1.76022e+20
179 50 1.76028e+20
180 50 1.76093e+20
181 50 1.7615e+20
182 50 1.76086e+20
183 50 1.76073e+20
184 50 1.76114e+20
185 50 1.76116e+20
186 50 1.76021e+20
187 50 1.75917e+20
188 50 1.75965e+20
126 51 1.80779e+20
127 51 1.80882e+20
128 51 1.80885e+20
129 51 1.80788e+20
130 51 1.8072e+20
131 51 1.80812e+20
132 51 1.80756e+20
133 51 1.80703e+20
134 51 1.80858e+20
135 51 1.80906e+20
136 51 1.80944e+20
137 51 1.80861e+20
138 51 1.80728e+20
139 51 1.80794e+20
140 51 1.80829e+20
141 51 1.80779e+20
142 51 1.80821e+20
143 51 1.80787e+20
144 51 1.80765e+20
145 51 1.80893e+20
146 51 1.80929e+20
147 51 1.80907e+20
148 51 1.8079e+20
149 51 1.80709e+20
150 51 1.80724e+20
151 51 1.8086e+20
152 51 1.80953e+20
153 51 1.80891e+20
154 51 1.80874e+20
155 51 1.80771e+20
156 51 1.80689e+20
157 51 1.80787e+20
158 51 1.80817e+20
159 51 1.80809e+20
160 51 1.80889e+20
161 51 1.80884e+20
162 51 1.80743e+20
163 51 1.80757e+20
164 51 1.80865e+20
165 51 1.8085e+20
166 51 1.80856e+20
167 51 1.80818e+20
168 51 1.80832e+20
169 51 1.80709e+20
170 51 1.80754e+20
171 51 1.80965e+20
172 51 1.80918e+20
173 51 1.80838e+20
174 51 1.80831e+20
175 51 1.80837e+20
176 51 1.80802e+20
177 51 1.80814e+20
178 51 1.80846e+20
179 51 1.80885e+20
180 51 1.80885e+20
181 51 1.80821e+20
182 51 1.80762e+20
183 51 1.80852e+20
184 51 1.80886e+20
185 51 1.80847e+20
186 51 1.80869e+20
187 51 1.80784e+20
188 51 1.80871e+20
126 52 1.85733e+20
127 52 1.85665e+20
128 52 1.85691e+20
129 52 1.85732e+20
130 52 1.857e+20
131 52 1.85749e+20
132 52 1.85708e+20
133 52 1.85684e+20
134 52 1.85712e+20
135 52 1.85728e+20
136 52 1.85784e+20
137 52 1.85657e+20
138 52 1.85734e+20
139 52 1.85782e+20
140 52 1.85781e+20
141 52 1.85713e+20
142 52 1.85577e+20
143 52 1.856e+20
144 52 1.85712e+20
145 52 1.8576e+20
146 52 1.85671e+20
147 52 1.85708e+20
148 52 1.85691e+20
149 52 1.85684e+20
150 52 1.85718e+20
151 52 1.85711e+20
152 52 1.85728e+20
153 52 1.85765e+20
154 52 1.85686e+20
155 52 1.85626e+20
156 52 1.8556e+20
157 52 1.85618e+20
158 52 1.85798e+20
159 52 1.85732e+20
160 52 1.85614e+20
161 52 1.85604e+20
162 52 1.8568e+20
163 52 1.8577e+20
164 52 1.85854e+20
165 52 1.85739e+20
166 52 1.85715e+20
167 52 1.85753e+20
168 52 1.85668e+20
169 52 1.8564e+20
170 52 1.85706e+20
171 52 1.85719e+20
172 52 1.8563e+20
173 52 1.85674e+20
174 52 1.85555e+20
175 52 1.85532e+20
176 52 1.8571e+20
177 52 1.85728e+20
178 52 1.85738e+20
179 52 1.85778e+20
180 52 1.8567e+20
181 52 1.85623e+20
182 52 1.85644e+20
183 52 1.85674e+20
184 52 1.85753e+20
185 52 1.85688e+20
186 52 1.85762e+20
187 52 1.8585e+20
188 52 1.85857e+20
126 53 1.90782e+20
127 53 1.90676e+20
128 53 1.90658e+20
129 53 1.90791e+20
130 53 1.90842e+20
131 53 1.90712e+20
132 53 1.90768e+20
133 53 1.90788e+20
134 53 1.90758e+20
135 53 1.9072e+20
136 53 1.90601e+20
137 53 1.90574e+20
138 53 1.90718e+20
139 53 1.90737e+20
140 53 1.90653e+20
141 53 1.90663e+20
142 53 1.90701e+20
143 53 1.90767e+20
144 53 1.90736e+20
145 53 1.9068e+20
146 53 1.90547e+20
147 53 1.90516e+20
148 53 1.90635e+20
149 53 1.90722e+20
150 53 1.90756e+20
151 53 1.907e+20
152 53 1.90659e+20
153 53 1.90676e+20
154 53 1.90601e+20
155 53 1.90734e+20
156 53 1.90854e+20
157 53 1.90729e+20
158 53 1.90669e+20
159 53 1.90762e+20
160 53 1.90807e+20
161 53 1.90763e+20
162 53 1.9082e+20
163 53 1.90821e+20
164 53 1.90793e+20
165 53 1.90646e+20
166 53 1.90587e+20
167 53 1.90692e+20
168 53 1.90676e+20
169 53 1.90724e+20
170 53 1.90771e+20
171 53 1.9058e+20
172 53 1.90613e+20
173 53 1.9076e+20
174 53 1.9072e+20
175 53 1.90714e+20
176 53 1.90725e+20
177 53 1.90672e+20
178 53 1.90693e+20
179 53 1.90778e+20
180 53 1.90711e+20
181 53 1.90636e+20
182 53 1.90634e+20
183 53 1.90606e+20
184 53 1.90619e+20
185 53 1.90652e+20
186 53 1.90674e+20
187 53 1.9075e+20
188 53 1.90669e+20
126 54 1.95878e+20
127 54 1.95866e+20
128 54 1.95807e+20
129 54 1.95849e+20
130 54 1.95809e+20
131 54 1.95844e+20
132 54 1.95867e+20
133 54 1.95753e+20
134 54 1.95669e+20
135 54 1.95761e+20
136 54 1.95907e+20
137 54 1.95991e+20
138 54 1.95751e+20
139 54 1.95692e+20
140 54 1.95745e+20
141 54 1.95747e+20
142 54 1.95771e+20
143 54 1.95793e+20
144 54 1.95978e+20
145 54 1.95888e+20
146 54 1.95733e+20
147 54 1.95777e+20
148 54 1.95773e+20
149 54 1.9576e+20
150 54 1.9582e+20
151 54 1.95846e+20
152 54 1.95838e+20
153 54 1.9583e+20
154 54 1.95807e+20
155 54 1.95806e+20
156 54 1.95892e+20
157 54 1.9586e+20
158 54 1.95698e+20
159 54 1.95747e+20
160 54 1.95761e+20
161 54 1.9573e+20
162 54 1.95771e+20
163 54 1.95753e+20
164 54 1.95755e+20
165 54 1.95815e+20
166 54 1.9577e+20
167 54 1.9571e+20
168 54 1.95866e+20
169 54 1.95851e+20
170 54 1.95677e+20
171 54 1.95769e+20
172 54 1.95911e+20
173 54 1.95796e+20
174 54 1.9588e+20
175 54 1.95936e+20
176 54 1.95756e+20
177 54 1.95794e+20
178 54 1.95867e+20
179 54 1.95787e+20
180 54 1.95921e+20
181 54 1.95976e+20
182 54 1.95779e+20
183 54 1.95694e+20
184 54 1.95652e+20
185 54 1.95838e+20
186 54 1.95898e+20
187 54 1.95755e+20
188 54 1.95711e+20
126 55 2.009e+20
127 55 2.00919e+20
128 55 2.01098e+20
129 55 2.00975e+20
130 55 2.00897e+20
131 55 2.01e+20
132 55 2.01047e+20
133 55 2.01009e+20
134 55 2.00961e+20
135 55 2.00962e+20
136 55 2.01035e+20
137 55 2.01153e+20
138 55 2.0117e+20
139 55 2.01097e+20
140 55 2.01056e+20
141 55 2.01094e+20
142 55 2.01097e+20
143 55 2.01017e+20
144 55 2.01119e+20
145 55 2.01089e+20
146 55 2.01182e+20
147 55 2.01288e+20
148 55 2.01191e+20
149 55 2.01112e+20
150 55 2.01082e+20
151 55 2.0113e+20
152 55 2.01083e+20
153 55 2.00984e+20
154 55 2.01117e+20
155 55 2.01243e+20
156 55 2.01135e+20
157 55 2.0111e+20
158 55 2.0118e+20
159 55 2.01108e+20
160 55 2.01012e+20
161 55 2.01049e+20
162 55 2.01078e+20
163 55 2.01105e+20
164 55 2.01005e+20
165 55 2.01091e+20
166 55 2.01205e+20
167 55 2.01181e+20
168 55 2.01165e+20
169 55 2.01051e+20
170 55 2.00964e+20
171 55 2.01096e+20
172 55 2.01163e+20
173 55 2.0103e+20
174 55 2.01064e+20
175 55 2.01054e+20
176 55 2.00973e+20
177 55 2.01126e+20
178 55 2.01174e+20
179 55 2.01008e+20
180 55 2.01034e+20
181 55 2.01174e+20
182 55 2.01212e+20
183 55 2.0119e+20
184 55 2.01084e+20
185 55 2.01063e+20
186 55 2.01106e+20
187 55 2.01081e+20
188 55 2.0115e+20
126 56 2.06393e+20
127 56 2.06429e+20
128 56 2.06499e+20
129 56 2.06513e+20
130 56 2.06668e+20
131 56 2.0646e+20
132 56 2.06352e+20
133 56 2.0649e+20
134 56 2.0655e+20
135 56 2.06548e+20
136 56 2.06494e+20
137 56 2.06489e+20
138 56 2.06408e+20
139 56 2.06425e+20
140 56 2.06505e+20
141 56 2.06533e+20
142 56 2.06502e+20
143 56 2.0647e+20
144 56 2.06472e+20
145 56 2.06427e+20
146 56 2.06559e+20
147 56 2.06669e+20
148 56 2.06511e+20
149 56 2.06388e+20
150 56 2.06363e+20
151 56 2.0638e+20
152 56 2.06399e+20
153 56 2.06404e+20
154 56 2.06494e+20
155 56 2.06531e+20
156 56 2.06516e+20
157 56 2.06502e+20
158 56 2.06515e+20
159 56 2.06506e+20
160 56 2.06541e+20
161 56 2.06661e+20
162 56 2.06578e+20
163 56 2.06484e+20
164 56 2.06449e+20
165 56 2.06428e+20
166 56 2.06551e+20
167 56 2.06513e+20
168 56 2.06337e+20
169 56 2.06468e+20
170 56 2.06539e+20
171 56 2.06456e+20
172 56 2.06455e+20
173 56 2.06519e+20
174 56 2.0658e+20
175 56 2.06489e+20
176 56 2.06528e+20
177 56 2.06546e+20
178 56 2.06505e+20
179 56 2.06453e+20
180 56 2.0626e+20
181 56 2.06332e+20
182 56 2.06501e+20
183 56 2.06573e+20
184 56 2.06594e+20
185 56 2.0653e+20
186 56 2.06464e+20
187 56 2.06554e+20
188 56 2.06694e+20
126 57 2.1207e+20
127 57 2.12041e+20
128 57 2.12025e+20
129 57 2.12055e+20
130 57 2.12174e+20
131 57 2.1211e+20
132 57 2.11998e+20
133 57 2.12085e+20
134 57 2.11952e+20
135 57 2.11922e+20
136 57 2.12036e+20
137 57 2.12066e+20
138 57 2.1199e+20
139 57 2.11893e+20
140 57 2.11996e+20
141 57 2.11996e+20
142 57 2.12008e+20
143 57 2.11994e+20
144 57 2.11892e+20
145 57 2.12011e+20
146 57 2.11946e+20
147 57 2.11867e+20
148 57 2.11932e+20
149 57 2.12002e+20
150 57 2.11961e+20
151 57 2.11865e+20
152 57 2.11986e+20
153 57 2.12056e+20
154 57 2.11979e+20
155 57 2.11894e+20
156 57 2.11893e+20
157 57 2.11865e+20
158 57 2.11731e+20
159 57 2.11873e+20
160 57 2.11966e+20
161 57 2.11919e+20
162 57 2.11984e+20
163 57 2.12055e+20
164 57 2.12076e+20
165 57 2.12029e+20
166 57 2.11843e+20
167 57 2.11793e+20
168 57 2.11975e+20
169 57 2.12055e+20
170 57 2.11965e+20
171 57 2.11913e+20
172 57 2.11953e+20
173 57 2.11944e+20
174 57 2.11897e+20
175 57 2.11994e+20
176 57 2.12096e+20
177 57 2.11921e+20
178 57 2.11931e+20
179 57 2.1198e+20
180 57 2.11899e+20
181 57 2.11976e+20
182 57 2.11996e+20
183 57 2.12025e+20
184 57 2.121e+20
185 57 2.11976e+20
186 57 2.11864e+20
187 57 2.11853e+20
188 57 2.11943e+20
126 58 2.17619e+20
127 58 2.17542e+20
128 58 2.17637e+20
129 58 2.17673e+20
130 58 2.17574e+20
131 58 2.17594e+20
132 58 2.17571e+20
133 58 2.17598e+20
134 58 2.17608e+20
135 58 2.17553e+20
136 58 2.17588e+20
137 58 2.17581e+20
138 58 2.17741e+20
139 58 2.17729e+20
140 58 2.176e+20
141 58 2.17745e+20
142 58 2.17852e+20
143 58 2.17716e+20
144 58 2.17515e+20
145 58 2.17659e+20
146 58 2.17678e+20
147 58 2.17471e+20
148 58 2.1753e+20
149 58 2.1766e+20
150 58 2.17563e+20
151 58 2.17614e+20
152 58 2.17689e+20
153 58 2.17633e+20
154 58 2.17598e+20
155 58 2.17716e+20
156 58 2.17733e+20
157 58 2.17668e+20
158 58 2.17668e+20
159 58 2.17603e+20
160 58 2.176e+20
161 58 2.17618e+20
162 58 2.17598e+20
163 58 2.17583e+20
164 58 2.17692e+20
165 58 2.17704e+20
166 58 2.17632e+20
167 58 2.17757e+20
168 58 2.17731e+20
169 58 2.17565e+20
170 58 2.17665e+20
171 58 2.17704e+20
172 58 2.17628e+20
173 58 2.17529e+20
174 58 2.17546e+20
175 58 2.17629e+20
176 58 2.17569e+20
177 58 2.1762e+20
178 58 2.17622e+20
179 58 2.17754e+20
180 58 2.17899e+20
181 58 2.17731e+20
182 58 2.17678e+20
183 58 2.17735e+20
184 58 2.17655e+20
185 58 2.17582e+20
186 58 2.17519e+20
187 58 2.17456e+20
188 58 2.17472e+20
126 59 2.2334e+20
127 59 2.23442e+20
128 59 2.23411e+20
129 59 2.23303e+20
130 59 2.23276e+20
131 59 2.23347e+20
132 59 2.23324e+20
133 59 2.23313e+20
134 59 2.23466e+20
135 59 2.23527e+20
136 59 2.23462e+20
137 59 2.23373e+20
138 59 2.234e+20
139 59 2.2351e+20
140 59 2.23574e+20
141 59 2.23424e+20
142 59 2.23293e+20
143 59 2.2345e+20
144 59 2.23405e+20
145 59 2.23393e+20
146 59 2.23466e+20
147 59 2.23432e+20
148 59 2.23394e+20
149 59 2.23399e+20
150 59 2.23466e+20
151 59 2.23555e+20
152 59 2.23377e+20
153 59 2.23414e+20
154 59 2.23523e+20
155 59 2.23431e+20
156 59 2.2352e+20
157 59 2.2356e+20
158 59 2.23584e+20
159 59 2.23489e+20
160 59 2.23501e+20
161 59 2.2353e+20
162 59 2.23465e+20
163 59 2.23356e+20
164 59 2.23399e+20
165 59 2.23391e+20
166 59 2.23499e+20
167 59 2.23531e+20
168 59 2.23276e+20
169 59 2.23372e+20
170 59 2.23533e+20
171 59 2.23381e+20
172 59 2.23305e+20
173 59 2.23399e+20
174 59 2.23466e+20
175 59 2.23441e+20
176 59 2.23364e+20
177 59 2.23438e+20
178 59 2.23433e+20
179 59 2.23481e+20
180 59 2.23484e+20
181 59 2.23345e+20
182 59 2.23304e+20
183 59 2.23317e+20
184 59 2.23364e+20
185 59 2.23485e+20
186 59 2.23515e+20
187 59 2.23502e+20
188 59 2.23427e+20
126 60 2.33497e+20
127 60 2.35094e+20
128 60 2.36815e+20
129 60 2.38337e+20
130 60 2.37872e+20
131 60 2.37373e+20
132 60 2.36249e+20
133 60 2.34121e+20
134 60 2.35224e+20
135 60 2.3555e+20
136 60 2.34764e+20
137 60 2.347e+20
138 60 2.34605e+20
139 60 2.3514e+20
140 60 2.34416e+20
141 60 2.34569e+20
142 60 2.35943e+20
143 60 2.36448e+20
144 60 2.35534e+20
145 60 2.35908e+20
146 60 2.37322e+20
147 60 2.35428e+20
148 60 2.36244e+20
149 60 2.36849e+20
150 60 2.3486e+20
151 60 2.34775e+20
152 60 2.371e+20
153 60 2.36204e+20
154 60 2.33951e+20
155 60 2.34134e+20
156 60 2.34289e+20
157 60 2.35726e+20
158 60 2.36313e+20
159 60 2.3621e+20
160 60 2.35629e+20
161 60 2.34907e+20
162 60 2.35823e+20
163 60 2.36334e+20
164 60 2.35597e+20
165 60 2.36239e+20
166 60 2.35372e+20
167 60 2.34965e+20
168 60 2.34856e+20
169 60 2.34805e+20
170 60 2.37032e+20
171 60 2.36673e+20
172 60 2.35996e+20
173 60 2.37008e+20
174 60 2.36563e+20
175 60 2.36028e+20
176 60 2.3687e+20
177 60 2.35644e+20
178 60 2.35196e+20
179 60 2.35324e+20
180 60 2.3455e+20
181 60 2.35831e+20
182 60 2.37343e+20
183 60 2.36735e+20
184 60 2.34883e+20
185 60 2.34442e+20
186 60 2.35256e+20
187 60 2.36067e+20
188 60 2.37572e+20
126 61 4.95248e+20
127 61 5.00859e+20
128 61 4.5816e+20
129 61 4.44372e+20
130 61 4.81791e+20
131 61 5.29065e+20
132 61 4.99008e+20
133 61 5.04158e+20
134 61 5.73769e+20
135 61 5.63467e+20
136 61 4.38276e+20
137 61 4.25309e+20
138 61 5.42121e+20
139 61 5.65989e+20
140 61 5.98976e+20
141 61 5.91583e+20
142 61 4.87119e+20
143 61 5.6667e+20
144 61 5.86714e+20
145 61 5.1884e+20
146 61 5.26161e+20
147 61 4.86136e+20
148 61 4.5921e+20
149 61 4.43004e+20
150 61 4.12803e+20
151 61 4.66037e+20
152 61 4.91613e+20
153 61 5.21615e+20
154 61 5.35989e+20
155 61 4.59993e+20
156 61 4.86712e+20
157 61 4.91421e+20
158 61 6.24701e+20
159 61 6.22307e+20
160 61 5.164e+20
161 61 4.77472e+20
162 61 5.11028e+20
163 61 5.61858e+20
164 61 5.83562e+20
165 61 5.60084e+20
166 61 4.88723e+20
167 61 5.26026e+20
168 61 5.5241e+20
169 61 5.3845e+20
170 61 4.50093e+20
171 61 4.36142e+20
172 61 4.35596e+20
173 61 4.70531e+20
174 61 5.16381e+20
175 61 4.98333e+20
176 61 4.90611e+20
177 61 4.85851e+20
178 61 4.91388e+20
179 61 4.71093e+20
180 61 4.17482e+20
181 61 4.71225e+20
182 61 5.34437e+20
183 61 4.7876e+20
184 61 4.83072e+20
185 61 4.9856e+20
186 61 5.22182e+20
187 61 5.36615e+20
188 61 4.99457e+20
126 62 5.37486e+21
127 62 5.37896e+21
128 62 5.33452e+21
129 62 5.31905e+21
130 62 5.35696e+21
131 62 5.40493e+21
132 62 5.37603e+21
133 62 5.38325e+21
134 62 5.45177e+21
135 62 5.44116e+21
136 62 5.31669e+21
137 62 5.30376e+21
138 62 5.42068e+21
139 62 5.44401e+21
140 62 5.47786e+21
141 62 5.47006e+21
142 62 5.36414e+21
143 62 5.44342e+21
144 62 5.46436e+21
145 62 5.3961e+21
146 62 5.40197e+21
147 62 5.3639e+21
148 62 5.33619e+21
149 62 5.31936e+21
150 62 5.29124e+21
151 62 5.34453e+21
152 62 5.36765e+21
153 62 5.39863e+21
154 62 5.41534e+21
155 62 5.33898e+21
156 62 5.3656e+21
157 62 5.36895e+21
158 62 5.50156e+21
159 62 5.49927e+21
160 62 5.39404e+21
161 62 5.35581e+21
162 62 5.38845e+21
163 62 5.4388e+21
164 62 5.46119e+21
165 62 5.43703e+21
166 62 5.36653e+21
167 62 5.40418e+21
168 62 5.43066e+21
169 62 5.41685e+21
170 62 5.32624e+21
171 62 5.3125e+21
172 62 5.31265e+21
173 62 5.34671e+21
174 62 5.39297e+21
175 62 5.37548e+21
176 62 5.36693e+21
177 62 5.36331e+21
178 62 5.36931e+21
179 62 5.34886e+21
180 62 5.29596e+21
181 62 5.34847e+21
182 62 5.41017e+21
183 62 5.35512e+21
184 62 5.36139e+21
185 62 5.3773e+21
186 62 5.40012e+21
187 62 5.41377e+21
188 62 5.37509e+21
126 63 1e+22
127 63 1e+22
128 63 1e+22
129 63 1e+22
130 63 1e+22
131 63 1e+22
132 63 1e+22
133 63 1e+22
134 63 1e+22
135 63 1e+22
136 63 1e+22
137 63 1e+22
138 63 1e+22
139 63 1e+22
140 63 1e+22
141 63 1e+22
142 63 1e+22
143 63 1e+22
144 63 1e+22
145 63 1e+22
146 63 1e+22
147 63 1e+22
148 63 1e+22
149 63 1e+22
150 63 1e+22
151 63 1e+22
152 63 1e+22
153 63 1e+22
154 63 1e+22
155 63 1e+22
156 63 1e+22
157 63 1e+22
158 63 1e+22
159 63 1e+22
160 63 1e+22
161 63 1e+22
162 63 1e+22
163 63 1e+22
164 63 1e+22
165 63 1e+22
166 63 1e+22
167 63 1e+22
168 63 1e+22
169 63 1e+22
170 63 1e+22
171 63 1e+22
172 63 1e+22
173 63 1e+22
174 63 1e+22
175 63 1e+22
176 63 1e+22
177 63 1e+22
178 63 1e+22
179 63 1e+22
180 63 1e+22
181 63 1e+22
182 63 1e+22
183 63 1e+22
184 63 1e+22
185 63 1e+22
186 63 1e+22
187 63 1e+22
188 63 1e+22
126 64 1e+22
127 64 1e+22
128 64 1e+22
129 64 1e+22
130 64 1e+22
131 64 1e+22
132 64 1e+22
133 64 1e+22
134 64 1e+22
135 64 1e+22
136 64 1e+22
137 64 1e+22
138 64 1e+22
139 64 1e+22
140 64 1e+22
141 64 1e+22
142 64 1e+22
143 64 1e+22
144 64 1e+22
145 64 1e+22
146 64 1e+22
147 64 1e+22
148 64 1e+22
149 64 1e+22
150 64 1e+22
151 64 1e+22
152 64 1e+22
153 64 1e+22
154 64 1e+22
155 64 1e+22
156 64 1e+22
157 64 1e+22
158 64 1e+22
159 64 1e+22
160 64 1e+22
161 64 1e+22
162 64 1e+22
163 64 1e+22
164 64 1e+22
165 64 1e+22
166 64 1e+22
167 64 1e+22
168 64 1e+22
169 64 1e+22
170 64 1e+22
171 64 1e+22
172 64 1e+22
173 64 1e+22
174 64 1e+22
175 64 1e+22
176 64 1e+22
177 64 1e+22
178 64 1e+22
179 64 1e+22
180 64 1e+22
181 64 1e+22
182 64 1e+22
183 64 1e+22
184 64 1e+22
185 64 1e+22
186 64 1e+22
187 64 1e+22
188 64 1e+22
126 65 1e+22
127 65 1e+22
128 65 1e+22
129 65 1e+22
130 65 1e+22
131 65 1e+22
132 65 1e+22
133 65 1e+22
134 65 1e+22
135 65 1e+22
136 65 1e+22
137 65 1e+22
138 65 1e+22
139 65 1e+22
140 65 1e+22
141 65 1e+22
142 65 1e+22
143 65 1e+22
144 65 1e+22
145 65 1e+22
146 65 1e+22
147 65 1e+22
148 65 1e+22
149 65 1e+22
150 65 1e+22
151 65 1e+22
152 65 1e+22
153 65 1e+22
154 65 1e+22
155 65 1e+22
156 65 1e+22
157 65 1e+22
158 65 1e+22
159 65 1e+22
160 65 1e+22
161 65 1e+22
162 65 1e+22
163 65 1e+22
164 65 1e+22
165 65 1e+22
166 65 1e+22
167 65 1e+22
168 65 1e+22
169 65 1e+22
170 65 1e+22
171 65 1e+22
172 65 1e+22
173 65 1e+22
174 65 1e+22
175 65 1e+22
176 65 1e+22
177 65 1e+22
178 65 1e+22
179 65 1e+22
180 65 1e+22
181 65 1e+22
182 65 1e+22
183 65 1e+22
184 65 1e+22
185 65 1e+22
186 65 1e+22
187 65 1e+22
188 65 1e+22
126 66 1e+22
127 66 1e+22
128 66 1e+22
129 66 1e+22
130 66 1e+22
131 66 1e+22
132 66 1e+22
133 66 1e+22
134 66 1e+22
135 66 1e+22
136 66 1e+22
137 66 1e+22
138 66 1e+22
139 66 1e+22
140 66 1e+22
141 66 1e+22
142 66 1e+22
143 66 1e+22
144 66 1e+22
145 66 1e+22
146 66 1e+22
147 66 1e+22
148 66 1e+22
149 66 1e+22
150 66 1e+22
151 66 1e+22
152 66 1e+22
153 66 1e+22
154 66 1e+22
155 66 1e+22
156 66 1e+22
157 66 1e+22
158 66 1e+22
159 66 1e+22
160 66 1e+22
161 66 1e+22
162 66 1e+22
163 66 1e+22
164 66 1e+22
165 66 1e+22
166 66 1e+22
167 66 1e+22
168 66 1e+22
169 66 1e+22
170 66 1e+22
171 66 1e+22
172 66 1e+22
173 66 1e+22
174 66 1e+22
175 66 1e+22
176 66 1e+22
177 66 1e+22
178 66 1e+22
179 66 1e+22
180 66 1e+22
181 66 1e+22
182 66 1e+22
183 66 1e+22
184 66 1e+22
185 66 1e+22
186 66 1e+22
187 66 1e+22
188 66 1e+22
126 67 1e+22
127 67 1e+22
128 67 1e+22
129 67 1e+22
130 67 1e+22
131 67 1e+22
132 67 1e+22
133 67 1e+22
134 67 1e+22
135 67 1e+22
136 67 1e+22
137 67 1e+22
138 67 1e+22
139 67 1e+22
140 67 1e+22
141 67 1e+22
142 67 1e+22
143 67 1e+22
144 67 1e+22
145 67 1e+22
146 67 1e+22
147 67 1e+22
148 67 1e+22
149 67 1e+22
150 67 1e+22
151 67 1e+22
152 67 1e+22
153 67 1e+22
154 67 1e+22
155 67 1e+22
156 67 1e+22
157 67 1e+22
158 67 1e+22
159 67 1e+22
160 67 1e+22
161 67 1e+22
162 67 1e+22
163 67 1e+22
164 67 1e+22
165 67 1e+22
166 67 1e+22
167 67 1e+22
168 67 1e+22
169 67 1e+22
170 67 1e+22
171 67 1e+22
172 67 1e+22
173 67 1e+22
174 67 1e+22
175 67 1e+22
176 67 1e+22
177 67 1e+22
178 67 1e+22
179 67 1e+22
180 67 1e+22
181 67 1e+22
182 67 1e+22
183 67 1e+22
184 67 1e+22
185 67 1e+22
186 67 1e+22
187 67 1e+22
188 67 1e+22
126 68 1e+22
127 68 1e+22
128 68 1e+22
129 68 1e+22
130 68 1e+22
131 68 1e+22
132 68 1e+22
133 68 1e+22
134 68 1e+22
135 68 1e+22
136 68 1e+22
137 68 1e+22
138 68 1e+22
139 68 1e+22
140 68 1e+22
141 68 1e+22
142 68 1e+22
143 68 1e+22
144 68 1e+22
145 68 1e+22
146 68 1e+22
147 68 1e+22
148 68 1e+22
149 68 1e+22
150 68 1e+22
151 68 1e+22
152 68 1e+22
153 68 1e+22
154 68 1e+22
155 68 1e+22
156 68 1e+22
157 68 1e+22
158 68 1e+22
159 68 1e+22
160 68 1e+22
161 68 1e+22
162 68 1e+22
163 68 1e+22
164 68 1e+22
165 68 1e+22
166 68 1e+22
167 68 1e+22
168 68 1e+22
169 68 1e+22
170 68 1e+22
171 68 1e+22
172 68 1e+22
173 68 1e+22
174 68 1e+22
175 68 1e+22
176 68 1e+22
177 68 1e+22
178 68 1e+22
179 68 1e+22
180 68 1e+22
181 68 1e+22
182 68 1e+22
183 68 1e+22
184 68 1e+22
185 68 1e+22
186 68 1e+22
187 68 1e+22
188 68 1e+22
126 69 1e+22
127 69 1e+22
128 69 1e+22
129 69 1e+22
130 69 1e+22
131 69 1e+22
132 69 1e+22
133 69 1e+22
134 69 1e+22
135 69 1e+22
136 69 1e+22
137 69 1e+22
138 69 1e+22
139 69 1e+22
140 69 1e+22
141 69 1e+22
142 69 1e+22
143 69 1e+22
144 69 1e+22
145 69 1e+22
146 69 1e+22
147 69 1e+22
148 69 1e+22
149 69 1e+22
150 69 1e+22
151 69 1e+22
152 69 1e+22
153 69 1e+22
154 69 1e+22
155 69 1e+22
156 69 1e+22
157 69 1e+22
158 69 1e+22
159 69 1e+22
160 69 1e+22
161 69 1e+22
162 69 1e+22
163 69 1e+22
164 69 1e+22
165 69 1e+22
166 69 1e+22
167 69 1e+22
168 69 1e+22
169 69 1e+22
170 69 1e+22
171 69 1e+22
172 69 1e+22
173 69 1e+22
174 69 1e+22
175 69 1e+22
176 69 1e+22
177 69 1e+22
178 69 1e+22
179 69 1e+22
180 69 1e+22
181 69 1e+22
182 69 1e+22
183 69 1e+22
184 69 1e+22
185 69 1e+22
186 69 1e+22
187 69 1e+22
188 69 1e+22
126 70 1e+22
127 70 1e+22
128 70 1e+22
129 70 1e+22
130 70 1e+22
131 70 1e+22
132 70 1e+22
133 70 1e+22
134 70 1e+22
135 70 1e+22
136 70 1e+22
137 70 1e+22
138 70 1e+22
139 70 1e+22
140 70 1e+22
141 70 1e+22
142 70 1e+22
143 70 1e+22
144 70 1e+22
145 70 1e+22
146 70 1e+22
147 70 1e+22
148 70 1e+22
149 70 1e+22
150 70 1e+22
151 70 1e+22
152 70 1e+22
153 70 1e+22
154 70 1e+22
155 70 1e+22
156 70 1e+22
157 70 1e+22
158 70 1e+22
159 70 1e+22
160 70 1e+22
161 70 1e+22
162 70 1e+22
163 70 1e+22
164 70 1e+22
165 70 1e+22
166 70 1e+22
167 70 1e+22
168 70 1e+22
169 70 1e+22
170 70 1e+22
171 70 1e+22
172 70 1e+22
173 70 1e+22
174 70 1e+22
175 70 1e+22
176 70 1e+22
177 70 1e+22
178 70 1e+22
179 70 1e+22
180 70 1e+22
181 70 1e+22
182 70 1e+22
183 70 1e+22
184 70 1e+22
185 70 1e+22
186 70 1e+22
187 70 1e+22
188 70 1e+22
126 71 1e+22
127 71 1e+22
128 71 1e+22
129 71 1e+22
130 71 1e+22
131 71 1e+22
132 71 1e+22
133 71 1e+22
134 71 1e+22
135 71 1e+22
136 71 1e+22
137 71 1e+22
138 71 1e+22
139 71 1e+22
140 71 1e+22
141 71 1e+22
142 71 1e+22
143 71 1e+22
144 71 1e+22
145 71 1e+22
146 71 1e+22
147 71 1e+22
148 71 1e+22
149 71 1e+22
150 71 1e+22
151 71 1e+22
152 71 1e+22
153 71 1e+22
154 71 1e+22
155 71 1e+22
156 71 1e+22
157 71 1e+22
158 71 1e+22
159 71 1e+22
160 71 1e+22
161 71 1e+22
162 71 1e+22
163 71 1e+22
164 71 1e+22
165 71 1e+22
166 71 1e+22
167 71 1e+22
168 71 1e+22
169 71 1e+22
170 71 1e+22
171 71 1e+22
172 71 1e+22
173 71 1e+22
174 71 1e+22
175 71 1e+22
176 71 1e+22
177 71 1e+22
178 71 1e+22
179 71 1e+22
180 71 1e+22
181 71 1e+22
182 71 1e+22
183 71 1e+22
184 71 1e+22
185 71 1e+22
186 71 1e+22
187 71 1e+22
188 71 1e+22
126 72 1e+22
127 72 1e+22
128 72 1e+22
129 72 1e+22
130 72 1e+22
131 72 1e+22
132 72 1e+22
133 72 1e+22
134 72 1e+22
135 72 1e+22
136 72 1e+22
137 72 1e+22
138 72 1e+22
139 72 1e+22
140 72 1e+22
141 72 1e+22
142 72 1e+22
143 72 1e+22
144 72 1e+22
145 72 1e+22
146 72 1e+22
147 72 1e+22
148 72 1e+22
149 72 1e+22
150 72 1e+22
151 72 1e+22
152 72 1e+22
153 72 1e+22
154 72 1e+22
155 72 1e+22
156 72 1e+22
157 72 1e+22
158 72 1e+22
159 72 1e+22
160 72 1e+22
161 72 1e+22
162 72 1e+22
163 72 1e+22
164 72 1e+22
165 72 1e+22
166 72 1e+22
167 72 1e+22
168 72 1e+22
169 72 1e+22
170 72 1e+22
171 72 1e+22
172 72 1e+22
173 72 1e+22
174 72 1e+22
175 72 1e+22
176 72 1e+22
177 72 1e+22
178 72 1e+22
179 72 1e+22
180 72 1e+22
181 72 1e+22
182 72 1e+22
183 72 1e+22
184 72 1e+22
185 72 1e+22
186 72 1e+22
187 72 1e+22
188 72 1e+22
126 73 1e+22
127 73 1e+22
128 73 1e+22
129 73 1e+22
130 73 1e+22
131 73 1e+22
132 73 1e+22
133 73 1e+22
134 73 1e+22
135 73 1e+22
136 73 1e+22
137 73 1e+22
138 73 1e+22
139 73 1e+22
140 73 1e+22
141 73 1e+22
142 73 1e+22
143 73 1e+22
144 73 1e+22
145 73 1e+22
146 73 1e+22
147 73 1e+22
148 73 1e+22
149 73 1e+22
150 73 1e+22
151 73 1e+22
152 73 1e+22
153 73 1e+22
154 73 1e+22
155 73 1e+22
156 73 1e+22
157 73 1e+22
158 73 1e+22
159 73 1e+22
160 73 1e+22
161 73 1e+22
162 73 1e+22
163 73 1e+22
164 73 1e+22
165 73 1e+22
166 73 1e+22
167 73 1e+22
168 73 1e+22
169 73 1e+22
170 73 1e+22
171 73 1e+22
172 73 1e+22
173 73 1e+22
174 73 1e+22
175 73 1e+22
176 73 1e+22
177 73 1e+22
178 73 1e+22
179 73 1e+22
180 73 1e+22
181 73 1e+22
182 73 1e+22
183 73 1e+22
184 73 1e+22
185 73 1e+22
186 73 1e+22
187 73 1e+22
188 73 1e+22
126 74 1e+22
127 74 1e+22
128 74 1e+22
129 74 1e+22
130 74 1e+22
131 74 1e+22
132 74 1e+22
133 74 1e+22
134 74 1e+22
135 74 1e+22
136 74 1e+22
137 74 1e+22
138 74 1e+22
139 74 1e+22
140 74 1e+22
141 74 1e+22
142 74 1e+22
143 74 1e+22
144 74 1e+22
145 74 1e+22
146 74 1e+22
147 74 1e+22
148 74 1e+22
149 74 1e+22
150 74 1e+22
151 74 1e+22
152 74 1e+22
153 74 1e+22
154 74 1e+22
155 74 1e+22
156 74 1e+22
157 74 1e+22
158 74 1e+22
159 74 1e+22
160 74 1e+22
161 74 1e+22
162 74 1e+22
163 74 1e+22
164 74 1e+22
165 74 1e+22
166 74 1e+22
167 74 1e+22
168 74 1e+22
169 74 1e+22
170 74 1e+22
171 74 1e+22
172 74 1e+22
173 74 1e+22
174 74 1e+22
175 74 1e+22
176 74 1e+22
177 74 1e+22
178 74 1e+22
179 74 1e+22
180 74 1e+22
181 74 1e+22
182 74 1e+22
183 74 1e+22
184 74 1e+22
185 74 1e+22
186 74 1e+22
187 74 1e+22
188 74 1e+22
126 75 1e+22
127 75 1e+22
128 75 1e+22
129 75 1e+22
130 75 1e+22
131 75 1e+22
132 75 1e+22
133 75 1e+22
134 75 1e+22
135 75 1e+22
136 75 1e+22
137 75 1e+22
138 75 1e+22
139 75 1e+22
140 75 1e+22
141 75 1e+22
142 75 1e+22
143 75 1e+22
144 75 1e+22
145 75 1e+22
146 75 1e+22
147 75 1e+22
148 75 1e+22
149 75 1e+22
150 75 1e+22
151 75 1e+22
152 75 1e+22
153 75 1e+22
154 75 1e+22
155 75 1e+22
156 75 1e+22
157 75 1e+22
158 75 1e+22
159 75 1e+22
160 75 1e+22
161 75 1e+22
162 75 1e+22
163 75 1e+22
164 75 1e+22
165 75 1e+22
166 75 1e+22
167 75 1e+22
168 75 1e+22
169 75 1e+22
170 75 1e+22
171 75 1e+22
172 75 1e+22
173 75 1e+22
174 75 1e+22
175 75 1e+22
176 75 1e+22
177 75 1e+22
178 75 1e+22
179 75 1e+22
180 75 1e+22
181 75 1e+22
182 75 1e+22
183 75 1e+22
184 75 1e+22
185 75 1e+22
186 75 1e+22
187 75 1e+22
188 75 1e+22
126 76 1e+22
127 76 1e+22
128 76 1e+22
129 76 1e+22
130 76 1e+22
131 76 1e+22
132 76 1e+22
133 76 1e+22
134 76 1e+22
135 76 1e+22
136 76 1e+22
137 76 1e+22
138 76 1e+22
139 76 1e+22
140 76 1e+22
141 76 1e+22
142 76 1e+22
143 76 1e+22
144 76 1e+22
145 76 1e+22
146 76 1e+22
147 76 1e+22
148 76 1e+22
149 76 1e+22
150 76 1e+22
151 76 1e+22
152 76 1e+22
153 76 1e+22
154 76 1e+22
155 76 1e+22
156 76 1e+22
157 76 1e+22
158 76 1e+22
159 76 1e+22
160 76 1e+22
161 76 1e+22
162 76 1e+22
163 76 1e+22
164 76 1e+22
165 76 1e+22
166 76 1e+22
167 76 1e+22
168 76 1e+22
169 76 1e+22
170 76 1e+22
171 76 1e+22
172 76 1e+22
173 76 1e+22
174 76 1e+22
175 76 1e+22
176 76 1e+22
177 76 1e+22
178 76 1e+22
179 76 1e+22
180 76 1e+22
181 76 1e+22
182 76 1e+22
183 76 1e+22
184 76 1e+22
185 76 1e+22
186 76 1e+22
187 76 1e+22
188 76 1e+22
126 77 1e+22
127 77 1e+22
128 77 1e+22
129 77 1e+22
130 77 1e+22
131 77 1e+22
132 77 1e+22
133 77 1e+22
134 77 1e+22
135 77 1e+22
136 77 1e+22
137 77 1e+22
138 77 1e+22
139 77 1e+22
140 77 1e+22
141 77 1e+22
142 77 1e+22
143 77 1e+22
144 77 1e+22
145 77 1e+22
146 77 1e+22
147 77 1e+22
148 77 1e+22
149 77 1e+22
150 77 1e+22
151 77 1e+22
152 77 1e+22
153 77 1e+22
154 77 1e+22
155 77 1e+22
156 77 1e+22
157 77 1e+22
158 77 1e+22
159 77 1e+22
160 77 1e+22
161 77 1e+22
162 77 1e+22
163 77 1e+22
164 77 1e+22
165 77 1e+22
166 77 1e+22
167 77 1e+22
168 77 1e+22
169 77 1e+22
170 77 1e+22
171 77 1e+22
172 77 1e+22
173 77 1e+22
174 77 1e+22
175 77 1e+22
176 77 1e+22
177 77 1e+22
178 77 1e+22
179 77 1e+22
180 77 1e+22
181 77 1e+22
182 77 1e+22
183 77 1e+22
184 77 1e+22
185 77 1e+22
186 77 1e+22
187 77 1e+22
188 77 1e+22
126 78 1e+22
127 78 1e+22
128 78 1e+22
129 78 1e+22
130 78 1e+22
131 78 1e+22
132 78 1e+22
133 78 1e+22
134 78 1e+22
135 78 1e+22
136 78 1e+22
137 78 1e+22
138 78 1e+22
139 78 1e+22
140 78 1e+22
141 78 1e+22
142 78 1e+22
143 78 1e+22
144 78 1e+22
145 78 1e+22
146 78 1e+22
147 78 1e+22
148 78 1e+22
149 78 1e+22
150 78 1e+22
151 78 1e+22
152 78 1e+22
153 78 1e+22
154 78 1e+22
155 78 1e+22
156 78 1e+22
157 78 1e+22
158 78 1e+22
159 78 1e+22
160 78 1e+22
161 78 1e+22
162 78 1e+22
163 78 1e+22
164 78 1e+22
165 78 1e+22
166 78 1e+22
167 78 1e+22
168 78 1e+22
169 78 1e+22
170 78 1e+22
171 78 1e+22
172 78 1e+22
173 78 1e+22
174 78 1e+22
175 78 1e+22
176 78 1e+22
177 78 1e+22
178 78 1e+22
179 78 1e+22
180 78 1e+22
181 78 1e+22
182 78 1e+22
183 78 1e+22
184 78 1e+22
185 78 1e+22
186 78 1e+22
187 78 1e+22
188 78 1e+22
126 79 1e+22
127 79 1e+22
128 79 1e+22
129 79 1e+22
130 79 1e+22
131 79 1e+22
132 79 1e+22
133 79 1e+22
134 79 1e+22
135 79 1e+22
136 79 1e+22
137 79 1e+22
138 79 1e+22
139 79 1e+22
140 79 1e+22
141 79 1e+22
142 79 1e+22
143 79 1e+22
144 79 1e+22
145 79 1e+22
146 79 1e+22
147 79 1e+22
148 79 1e+22
149 79 1e+22
150 79 1e+22
151 79 1e+22
152 79 1e+22
153 79 1e+22
154 79 1e+22
155 79 1e+22
156 79 1e+22
157 79 1e+22
158 79 1e+22
159 79 1e+22
160 79 1e+22
161 79 1e+22
162 79 1e+22
163 79 1e+22
164 79 1e+22
165 79 1e+22
166 79 1e+22
167 79 1e+22
168 79 1e+22
169 79 1e+22
170 79 1e+22
171 79 1e+22
172 79 1e+22
173 79 1e+22
174 79 1e+22
175 79 1e+22
176 79 1e+22
177 79 1e+22
178 79 1e+22
179 79 1e+22
180 79 1e+22
181 79 1e+22
182 79 1e+22
183 79 1e+22
184 79 1e+22
185 79 1e+22
186 79 1e+22
187 79 1e+22
188 79 1e+22
