189 0 4.31134e+19
190 0 4.31421e+19
191 0 4.31227e+19
192 0 4.30974e+19
193 0 4.30953e+19
194 0 4.30566e+19
195 0 4.3095e+19
196 0 4.30957e+19
197 0 4.30812e+19
198 0 4.309e+19
199 0 4.31314e+19
200 0 4.31676e+19
201 0 4.31212e+19
202 0 4.30763e+19
203 0 4.31185e+19
204 0 4.31762e+19
205 0 4.31001e+19
206 0 4.30845e+19
207 0 4.31554e+19
208 0 4.32004e+19
209 0 4.31662e+19
210 0 4.30862e+19
211 0 4.30906e+19
212 0 4.30867e+19
213 0 4.30875e+19
214 0 4.31319e+19
215 0 4.31277e+19
216 0 4.31507e+19
217 0 4.31828e+19
218 0 4.32129e+19
219 0 4.31398e+19
220 0 4.30708e+19
221 0 4.31382e+19
222 0 4.31394e+19
223 0 4.31194e+19
224 0 4.30984e+19
225 0 4.30459e+19
226 0 4.30699e+19
227 0 4.31103e+19
228 0 4.30856e+19
229 0 4.30741e+19
230 0 4.31183e+19
231 0 4.31469e+19
232 0 4.31292e+19
233 0 4.30826e+19
234 0 4.30854e+19
235 0 4.31107e+19
236 0 4.31003e+19
237 0 4.31184e+19
238 0 4.31123e+19
239 0 4.31188e+19
240 0 4.31334e+19
241 0 4.31179e+19
242 0 4.31222e+19
243 0 4.31555e+19
244 0 4.32019e+19
245 0 4.3142e+19
246 0 4.30587e+19
247 0 4.30522e+19
248 0 4.30691e+19
249 0 4.31081e+19
189 1 4.4167e+19
190 1 4.41894e+19
191 1 4.41906e+19
192 1 4.42043e+19
193 1 4.42157e+19
194 1 4.4233e+19
195 1 4.4211e+19
196 1 4.41779e+19
197 1 4.41783e+19
198 1 4.41724e+19
199 1 4.41697e+19
200 1 4.41599e+19
201 1 4.41953e+19
202 1 4.42146e+19
203 1 4.41798e+19
204 1 4.41717e+19
205 1 4.4182e+19
206 1 4.41698e+19
207 1 4.41835e+19
208 1 4.42132e+19
209 1 4.41579e+19
210 1 4.4162e+19
211 1 4.42304e+19
212 1 4.42085e+19
213 1 4.41768e+19
214 1 4.41971e+19
215 1 4.41949e+19
216 1 4.41588e+19
217 1 4.42083e+19
218 1 4.42356e+19
219 1 4.41764e+19
220 1 4.41615e+19
221 1 4.41997e+19
222 1 4.419e+19
223 1 4.41623e+19
224 1 4.41878e+19
225 1 4.41842e+19
226 1 4.41739e+19
227 1 4.41682e+19
228 1 4.41798e+19
229 1 4.41768e+19
230 1 4.41805e+19
231 1 4.42116e+19
232 1 4.41876e+19
233 1 4.4194e+19
234 1 4.42107e+19
235 1 4.41865e+19
236 1 4.41578e+19
237 1 4.41574e+19
238 1 4.41858e+19
239 1 4.41797e+19
240 1 4.4164e+19
241 1 4.41757e+19
242 1 4.41841e+19
243 1 4.41816e+19
244 1 4.42106e+19
245 1 4.41904e+19
246 1 4.41747e+19
247 1 4.41881e+19
248 1 4.41791e+19
249 1 4.42052e+19
189 2 4.54757e+19
190 2 4.55013e+19
191 2 4.55293e+19
192 2 4.55062e+19
193 2 4.55235e+19
194 2 4.55622e+19
195 2 4.5541e+19
196 2 4.55003e+19
197 2 4.55062e+19
198 2 4.54913e+19
199 2 4.54986e+19
200 2 4.55043e+19
201 2 4.54998e+19
202 2 4.55153e+19
203 2 4.55131e+19
204 2 4.54951e+19
205 2 4.55268e+19
206 2 4.55186e+19
207 2 4.5519e+19
208 2 4.5542e+19
209 2 4.55006e+19
210 2 4.5481e+19
211 2 4.55235e+19
212 2 4.55353e+19
213 2 4.55064e+19
214 2 4.55033e+19
215 2 4.55067e+19
216 2 4.5529e+19
217 2 4.55731e+19
218 2 4.55225e+19
219 2 4.54857e+19
220 2 4.55216e+19
221 2 4.55103e+19
222 2 4.55175e+19
223 2 4.55003e+19
224 2 4.54823e+19
225 2 4.55021e+19
226 2 4.55248e+19
227 2 4.55043e+19
228 2 4.55086e+19
229 2 4.55374e+19
230 2 4.55017e+19
231 2 4.5493e+19
232 2 4.55151e+19
233 2 4.55255e+19
234 2 4.55181e+19
235 2 4.55513e+19
236 2 4.55312e+19
237 2 4.54973e+19
238 2 4.55404e+19
239 2 4.55483e+19
240 2 4.55139e+19
241 2 4.55171e+19
242 2 4.55551e+19
243 2 4.55169e+19
244 2 4.54871e+19
245 2 4.55136e+19
246 2 4.55374e+19
247 2 4.55385e+19
248 2 4.55172e+19
249 2 4.55179e+19
189 3 4.69034e+19
190 3 4.68892e+19
191 3 4.69018e+19
192 3 4.68789e+19
193 3 4.68698e+19
194 3 4.68822e+19
195 3 4.68664e+19
196 3 4.68401e+19
197 3 4.68742e+19
198 3 4.68817e+19
199 3 4.68638e+19
200 3 4.69135e+19
201 3 4.68892e+19
202 3 4.68601e+19
203 3 4.68914e+19
204 3 4.6918e+19
205 3 4.69097e+19
206 3 4.68931e+19
207 3 4.68802e+19
208 3 4.68681e+19
209 3 4.68951e+19
210 3 4.68991e+19
211 3 4.68751e+19
212 3 4.68664e+19
213 3 4.68866e+19
214 3 4.68643e+19
215 3 4.68551e+19
216 3 4.68866e+19
217 3 4.68763e+19
218 3 4.68901e+19
219 3 4.69287e+19
220 3 4.69352e+19
221 3 4.68574e+19
222 3 4.68443e+19
223 3 4.68988e+19
224 3 4.68961e+19
225 3 4.69061e+19
226 3 4.6904e+19
227 3 4.69108e+19
228 3 4.68642e+19
229 3 4.6852e+19
230 3 4.6898e+19
231 3 4.68774e+19
232 3 4.68884e+19
233 3 4.6908e+19
234 3 4.68928e+19
235 3 4.69181e+19
236 3 4.69318e+19
237 3 4.6908e+19
238 3 4.68783e+19
239 3 4.68734e+19
240 3 4.69008e+19
241 3 4.69253e+19
242 3 4.69026e+19
243 3 4.68851e+19
244 3 4.68594e+19
245 3 4.68697e+19
246 3 4.69027e+19
247 3 4.68881e+19
248 3 4.68879e+19
249 3 4.68574e+19
189 4 4.83078e+19
190 4 4.82937e+19
191 4 4.82911e+19
192 4 4.83018e+19
193 4 4.83134e+19
194 4 4.82902e+19
195 4 4.82643e+19
196 4 4.82963e+19
197 4 4.83031e+19
198 4 4.83065e+19
199 4 4.82966e+19
200 4 4.83105e+19
201 4 4.82936e+19
202 4 4.82559e+19
203 4 4.82782e+19
204 4 4.83221e+19
205 4 4.83048e+19
206 4 4.82823e+19
207 4 4.82963e+19
208 4 4.8289e+19
209 4 4.83096e+19
210 4 4.83158e+19
211 4 4.82633e+19
212 4 4.82784e+19
213 4 4.8328e+19
214 4 4.83057e+19
215 4 4.83001e+19
216 4 4.82827e+19
217 4 4.82664e+19
218 4 4.82966e+19
219 4 4.83077e+19
220 4 4.83042e+19
221 4 4.8297e+19
222 4 4.83002e+19
223 4 4.83123e+19
224 4 4.83309e+19
225 4 4.83456e+19
226 4 4.83044e+19
227 4 4.8299e+19
228 4 4.82923e+19
229 4 4.82837e+19
230 4 4.83189e+19
231 4 4.82927e+19
232 4 4.82923e+19
233 4 4.83045e+19
234 4 4.82899e+19
235 4 4.82968e+19
236 4 4.82957e+19
237 4 4.82641e+19
238 4 4.82715e+19
239 4 4.82965e+19
240 4 4.83104e+19
241 4 4.83069e+19
242 4 4.82653e+19
243 4 4.82548e+19
244 4 4.82722e+19
245 4 4.828e+19
246 4 4.82802e+19
247 4 4.83009e+19
248 4 4.82936e+19
249 4 4.8281e+19
189 5 4.9717e+19
190 5 4.97038e+19
191 5 4.97407e+19
192 5 4.97255e+19
193 5 4.97352e+19
194 5 4.97344e+19
195 5 4.97446e+19
196 5 4.98128e+19
197 5 4.97678e+19
198 5 4.97182e+19
199 5 4.97498e+19
200 5 4.97496e+19
201 5 4.97158e+19
202 5 4.97297e+19
203 5 4.9754e+19
204 5 4.97043e+19
205 5 4.97002e+19
206 5 4.97487e+19
207 5 4.97469e+19
208 5 4.97338e+19
209 5 4.97575e+19
210 5 4.97599e+19
211 5 4.97246e+19
212 5 4.97282e+19
213 5 4.97214e+19
214 5 4.97653e+19
215 5 4.97842e+19
216 5 4.97386e+19
217 5 4.97484e+19
218 5 4.97196e+19
219 5 4.97082e+19
220 5 4.9727e+19
221 5 4.97596e+19
222 5 4.97782e+19
223 5 4.9753e+19
224 5 4.97395e+19
225 5 4.97086e+19
226 5 4.97174e+19
227 5 4.97283e+19
228 5 4.97521e+19
229 5 4.97967e+19
230 5 4.97575e+19
231 5 4.97288e+19
232 5 4.97371e+19
233 5 4.97503e+19
234 5 4.97436e+19
235 5 4.97273e+19
236 5 4.9748e+19
237 5 4.97446e+19
238 5 4.97445e+19
239 5 4.97398e+19
240 5 4.97375e+19
241 5 4.97482e+19
242 5 4.97577e+19
243 5 4.97442e+19
244 5 4.97324e+19
245 5 4.97375e+19
246 5 4.97221e+19
247 5 4.974e+19
248 5 4.97592e+19
249 5 4.97594e+19
189 6 5.12408e+19
190 6 5.12103e+19
191 6 5.12025e+19
192 6 5.12274e+19
193 6 5.12078e+19
194 6 5.1209e+19
195 6 5.12499e+19
196 6 5.12577e+19
197 6 5.12569e+19
198 6 5.12332e+19
199 6 5.12178e+19
200 6 5.12371e+19
201 6 5.12409e+19
202 6 5.12468e+19
203 6 5.12314e+19
204 6 5.12269e+19
205 6 5.12432e+19
206 6 5.12172e+19
207 6 5.11994e+19
208 6 5.12263e+19
209 6 5.11986e+19
210 6 5.12339e+19
211 6 5.12579e+19
212 6 5.12286e+19
213 6 5.12248e+19
214 6 5.12186e+19
215 6 5.12172e+19
216 6 5.12214e+19
217 6 5.12047e+19
218 6 5.12014e+19
219 6 5.1241e+19
220 6 5.12139e+19
221 6 5.12262e+19
222 6 5.12604e+19
223 6 5.12141e+19
224 6 5.11956e+19
225 6 5.12178e+19
226 6 5.12186e+19
227 6 5.11926e+19
228 6 5.12022e+19
229 6 5.11949e+19
230 6 5.12014e+19
231 6 5.12637e+19
232 6 5.12231e+19
233 6 5.11973e+19
234 6 5.12261e+19
235 6 5.12175e+19
236 6 5.12385e+19
237 6 5.12436e+19
238 6 5.12269e+19
239 6 5.12139e+19
240 6 5.1211e+19
241 6 5.12253e+19
242 6 5.12358e+19
243 6 5.12709e+19
244 6 5.12533e+19
245 6 5.12305e+19
246 6 5.12409e+19
247 6 5.12243e+19
248 6 5.12247e+19
249 6 5.12236e+19
189 7 5.27468e+19
190 7 5.27466e+19
191 7 5.27223e+19
192 7 5.27389e+19
193 7 5.27415e+19
194 7 5.27476e+19
195 7 5.27607e+19
196 7 5.27341e+19
197 7 5.27528e+19
198 7 5.28033e+19
199 7 5.27905e+19
200 7 5.27359e+19
201 7 5.27755e+19
202 7 5.28074e+19
203 7 5.27608e+19
204 7 5.2753e+19
205 7 5.27744e+19
206 7 5.27667e+19
207 7 5.27445e+19
208 7 5.2756e+19
209 7 5.27611e+19
210 7 5.27723e+19
211 7 5.27775e+19
212 7 5.27642e+19
213 7 5.2786e+19
214 7 5.2773e+19
215 7 5.27425e+19
216 7 5.27346e+19
217 7 5.27021e+19
218 7 5.27398e+19
219 7 5.27795e+19
220 7 5.27358e+19
221 7 5.27202e+19
222 7 5.27297e+19
223 7 5.27343e+19
224 7 5.27326e+19
225 7 5.27782e+19
226 7 5.28006e+19
227 7 5.27713e+19
228 7 5.27531e+19
229 7 5.27203e+19
230 7 5.27374e+19
231 7 5.27592e+19
232 7 5.27422e+19
233 7 5.27228e+19
234 7 5.27564e+19
235 7 5.27589e+19
236 7 5.27161e+19
237 7 5.27603e+19
238 7 5.27859e+19
239 7 5.27656e+19
240 7 5.27572e+19
241 7 5.27529e+19
242 7 5.27463e+19
243 7 5.2742e+19
244 7 5.27723e+19
245 7 5.27665e+19
246 7 5.27531e+19
247 7 5.27647e+19
248 7 5.27485e+19
249 7 5.27574e+19
189 8 5.43254e+19
190 8 5.43618e+19
191 8 5.43378e+19
192 8 5.4348e+19
193 8 5.43344e+19
194 8 5.43177e+19
195 8 5.43204e+19
196 8 5.43018e+19
197 8 5.42809e+19
198 8 5.43225e+19
199 8 5.43623e+19
200 8 5.43283e+19
201 8 5.43306e+19
202 8 5.43357e+19
203 8 5.43599e+19
204 8 5.43175e+19
205 8 5.42991e+19
206 8 5.43817e+19
207 8 5.43581e+19
208 8 5.43221e+19
209 8 5.43421e+19
210 8 5.433e+19
211 8 5.43564e+19
212 8 5.43581e+19
213 8 5.434e+19
214 8 5.43727e+19
215 8 5.43581e+19
216 8 5.43265e+19
217 8 5.4335e+19
218 8 5.43311e+19
219 8 5.4321e+19
220 8 5.43377e+19
221 8 5.43173e+19
222 8 5.42742e+19
223 8 5.43238e+19
224 8 5.4346e+19
225 8 5.42996e+19
226 8 5.43218e+19
227 8 5.43743e+19
228 8 5.43523e+19
229 8 5.43491e+19
230 8 5.43624e+19
231 8 5.43194e+19
232 8 5.43377e+19
233 8 5.4332e+19
234 8 5.43348e+19
235 8 5.43269e+19
236 8 5.42939e+19
237 8 5.43441e+19
238 8 5.43282e+19
239 8 5.42925e+19
240 8 5.43093e+19
241 8 5.43203e+19
242 8 5.43239e+19
243 8 5.43056e+19
244 8 5.43035e+19
245 8 5.4345e+19
246 8 5.435e+19
247 8 5.43429e+19
248 8 5.4351e+19
249 8 5.43403e+19
189 9 5.59445e+19
190 9 5.59537e+19
191 9 5.59615e+19
192 9 5.59461e+19
193 9 5.59283e+19
194 9 5.59472e+19
195 9 5.59286e+19
196 9 5.59282e+19
197 9 5.59389e+19
198 9 5.59046e+19
199 9 5.58892e+19
200 9 5.59452e+19
201 9 5.59613e+19
202 9 5.58962e+19
203 9 5.59025e+19
204 9 5.59488e+19
205 9 5.59153e+19
206 9 5.59103e+19
207 9 5.595e+19
208 9 5.59344e+19
209 9 5.59075e+19
210 9 5.59029e+19
211 9 5.59363e+19
212 9 5.59498e+19
213 9 5.59387e+19
214 9 5.59333e+19
215 9 5.59441e+19
216 9 5.59772e+19
217 9 5.5958e+19
218 9 5.59269e+19
219 9 5.59345e+19
220 9 5.59858e+19
221 9 5.60054e+19
222 9 5.59555e+19
223 9 5.59467e+19
224 9 5.59846e+19
225 9 5.59491e+19
226 9 5.59279e+19
227 9 5.59542e+19
228 9 5.59626e+19
229 9 5.59312e+19
230 9 5.59036e+19
231 9 5.59389e+19
232 9 5.59481e+19
233 9 5.59493e+19
234 9 5.59365e+19
235 9 5.59382e+19
236 9 5.59459e+19
237 9 5.59275e+19
238 9 5.5923e+19
239 9 5.59442e+19
240 9 5.59319e+19
241 9 5.59139e+19
242 9 5.5934e+19
243 9 5.59452e+19
244 9 5.59285e+19
245 9 5.59271e+19
246 9 5.5942e+19
247 9 5.59297e+19
248 9 5.59244e+19
249 9 5.59281e+19
189 10 5.75651e+19
190 10 5.75494e+19
191 10 5.76286e+19
192 10 5.76092e+19
193 10 5.75787e+19
194 10 5.76002e+19
195 10 5.75896e+19
196 10 5.75753e+19
197 10 5.75903e+19
198 10 5.76131e+19
199 10 5.75807e+19
200 10 5.75882e+19
201 10 5.76005e+19
202 10 5.75709e+19
203 10 5.75419e+19
204 10 5.75792e+19
205 10 5.76327e+19
206 10 5.7557e+19
207 10 5.75651e+19
208 10 5.7603e+19
209 10 5.7606e+19
210 10 5.75988e+19
211 10 5.75638e+19
212 10 5.75695e+19
213 10 5.75702e+19
214 10 5.75647e+19
215 10 5.75793e+19
216 10 5.76251e+19
217 10 5.76202e+19
218 10 5.75911e+19
219 10 5.75847e+19
220 10 5.75832e+19
221 10 5.76237e+19
222 10 5.76151e+19
223 10 5.75949e+19
224 10 5.76082e+19
225 10 5.76141e+19
226 10 5.75944e+19
227 10 5.75657e+19
228 10 5.75958e+19
229 10 5.76216e+19
230 10 5.75764e+19
231 10 5.75843e+19
232 10 5.76209e+19
233 10 5.76237e+19
234 10 5.76025e+19
235 10 5.76092e+19
236 10 5.76254e+19
237 10 5.7595e+19
238 10 5.76242e+19
239 10 5.76536e+19
240 10 5.76226e+19
241 10 5.75866e+19
242 10 5.75847e+19
243 10 5.76334e+19
244 10 5.76405e+19
245 10 5.75738e+19
246 10 5.75673e+19
247 10 5.76131e+19
248 10 5.75979e+19
249 10 5.75803e+19
189 11 5.9276e+19
190 11 5.92768e+19
191 11 5.93256e+19
192 11 5.93472e+19
193 11 5.93344e+19
194 11 5.93082e+19
195 11 5.93255e+19
196 11 5.9306e+19
197 11 5.92818e+19
198 11 5.93172e+19
199 11 5.93269e+19
200 11 5.93144e+19
201 11 5.93015e+19
202 11 5.93314e+19
203 11 5.93184e+19
204 11 5.92839e+19
205 11 5.93113e+19
206 11 5.93173e+19
207 11 5.93133e+19
208 11 5.93048e+19
209 11 5.93019e+19
210 11 5.92938e+19
211 11 5.92574e+19
212 11 5.92316e+19
213 11 5.92687e+19
214 11 5.93347e+19
215 11 5.92907e+19
216 11 5.92646e+19
217 11 5.93233e+19
218 11 5.93096e+19
219 11 5.92897e+19
220 11 5.92972e+19
221 11 5.92897e+19
222 11 5.92825e+19
223 11 5.92744e+19
224 11 5.92659e+19
225 11 5.93112e+19
226 11 5.93141e+19
227 11 5.92933e+19
228 11 5.92964e+19
229 11 5.93078e+19
230 11 5.9338e+19
231 11 5.93062e+19
232 11 5.92974e+19
233 11 5.93012e+19
234 11 5.92978e+19
235 11 5.93097e+19
236 11 5.93014e+19
237 11 5.92541e+19
238 11 5.92467e+19
239 11 5.92499e+19
240 11 5.93083e+19
241 11 5.93577e+19
242 11 5.92775e+19
243 11 5.9277e+19
244 11 5.93413e+19
245 11 5.93443e+19
246 11 5.93126e+19
247 11 5.92896e+19
248 11 5.92922e+19
249 11 5.93256e+19
189 12 6.10319e+19
190 12 6.10527e+19
191 12 6.10355e+19
192 12 6.10588e+19
193 12 6.108e+19
194 12 6.1061e+19
195 12 6.10517e+19
196 12 6.10886e+19
197 12 6.1079e+19
198 12 6.10522e+19
199 12 6.10546e+19
200 12 6.10439e+19
201 12 6.10592e+19
202 12 6.10885e+19
203 12 6.10997e+19
204 12 6.10917e+19
205 12 6.10497e+19
206 12 6.10602e+19
207 12 6.10684e+19
208 12 6.10303e+19
209 12 6.10174e+19
210 12 6.10388e+19
211 12 6.10749e+19
212 12 6.1055e+19
213 12 6.10344e+19
214 12 6.10352e+19
215 12 6.10516e+19
216 12 6.10318e+19
217 12 6.10286e+19
218 12 6.10666e+19
219 12 6.10436e+19
220 12 6.10521e+19
221 12 6.10328e+19
222 12 6.10269e+19
223 12 6.10391e+19
224 12 6.10258e+19
225 12 6.10278e+19
226 12 6.10211e+19
227 12 6.10058e+19
228 12 6.09829e+19
229 12 6.10117e+19
230 12 6.10386e+19
231 12 6.10428e+19
232 12 6.10394e+19
233 12 6.10054e+19
234 12 6.10018e+19
235 12 6.10276e+19
236 12 6.1043e+19
237 12 6.10215e+19
238 12 6.10044e+19
239 12 6.09959e+19
240 12 6.1024e+19
241 12 6.10812e+19
242 12 6.10423e+19
243 12 6.09792e+19
244 12 6.09984e+19
245 12 6.10273e+19
246 12 6.10518e+19
247 12 6.0999e+19
248 12 6.09966e+19
249 12 6.10358e+19
189 13 6.28621e+19
190 13 6.28399e+19
191 13 6.27791e+19
192 13 6.28214e+19
193 13 6.28223e+19
194 13 6.28177e+19
195 13 6.28541e+19
196 13 6.28398e+19
197 13 6.28201e+19
198 13 6.28226e+19
199 13 6.28505e+19
200 13 6.28368e+19
201 13 6.28293e+19
202 13 6.28537e+19
203 13 6.28745e+19
204 13 6.28621e+19
205 13 6.28028e+19
206 13 6.27942e+19
207 13 6.28078e+19
208 13 6.28563e+19
209 13 6.2874e+19
210 13 6.28621e+19
211 13 6.28452e+19
212 13 6.28467e+19
213 13 6.28453e+19
214 13 6.28014e+19
215 13 6.28322e+19
216 13 6.28179e+19
217 13 6.28242e+19
218 13 6.28758e+19
219 13 6.28198e+19
220 13 6.2775e+19
221 13 6.2806e+19
222 13 6.28461e+19
223 13 6.28646e+19
224 13 6.28601e+19
225 13 6.28302e+19
226 13 6.28212e+19
227 13 6.28335e+19
228 13 6.28445e+19
229 13 6.28616e+19
230 13 6.28272e+19
231 13 6.28447e+19
232 13 6.28556e+19
233 13 6.28301e+19
234 13 6.28402e+19
235 13 6.28248e+19
236 13 6.28159e+19
237 13 6.28364e+19
238 13 6.28582e+19
239 13 6.28785e+19
240 13 6.28337e+19
241 13 6.28038e+19
242 13 6.28425e+19
243 13 6.28382e+19
244 13 6.28161e+19
245 13 6.28216e+19
246 13 6.28426e+19
247 13 6.28614e+19
248 13 6.28601e+19
249 13 6.28098e+19
189 14 6.47143e+19
190 14 6.47024e+19
191 14 6.46823e+19
192 14 6.4672e+19
193 14 6.46678e+19
194 14 6.46697e+19
195 14 6.47056e+19
196 14 6.47018e+19
197 14 6.46921e+19
198 14 6.46429e+19
199 14 6.46503e+19
200 14 6.4703e+19
201 14 6.46904e+19
202 14 6.4637e+19
203 14 6.46241e+19
204 14 6.46372e+19
205 14 6.46457e+19
206 14 6.46885e+19
207 14 6.46726e+19
208 14 6.46974e+19
209 14 6.47046e+19
210 14 6.46559e+19
211 14 6.46188e+19
212 14 6.46517e+19
213 14 6.47146e+19
214 14 6.47336e+19
215 14 6.46702e+19
216 14 6.46578e+19
217 14 6.47126e+19
218 14 6.467e+19
219 14 6.46988e+19
220 14 6.4732e+19
221 14 6.46955e+19
222 14 6.46865e+19
223 14 6.46971e+19
224 14 6.46981e+19
225 14 6.4701e+19
226 14 6.47158e+19
227 14 6.47492e+19
228 14 6.47781e+19
229 14 6.47115e+19
230 14 6.46859e+19
231 14 6.46643e+19
232 14 6.46393e+19
233 14 6.46866e+19
234 14 6.47048e+19
235 14 6.46968e+19
236 14 6.46643e+19
237 14 6.47005e+19
238 14 6.47227e+19
239 14 6.47047e+19
240 14 6.47405e+19
241 14 6.47119e+19
242 14 6.4692e+19
243 14 6.47004e+19
244 14 6.46937e+19
245 14 6.47075e+19
246 14 6.46483e+19
247 14 6.46819e+19
248 14 6.47156e+19
249 14 6.46677e+19
189 15 6.66174e+19
190 15 6.66281e+19
191 15 6.66178e+19
192 15 6.65848e+19
193 15 6.66086e+19
194 15 6.65875e+19
195 15 6.65576e+19
196 15 6.65744e+19
197 15 6.65878e+19
198 15 6.65846e+19
199 15 6.65708e+19
200 15 6.65946e+19
201 15 6.65959e+19
202 15 6.65282e+19
203 15 6.65212e+19
204 15 6.65713e+19
205 15 6.66098e+19
206 15 6.66025e+19
207 15 6.65909e+19
208 15 6.65642e+19
209 15 6.65559e+19
210 15 6.65787e+19
211 15 6.66014e+19
212 15 6.66158e+19
213 15 6.65831e+19
214 15 6.65802e+19
215 15 6.66122e+19
216 15 6.66313e+19
217 15 6.65801e+19
218 15 6.65417e+19
219 15 6.66042e+19
220 15 6.66254e+19
221 15 6.66201e+19
222 15 6.66028e+19
223 15 6.65532e+19
224 15 6.65523e+19
225 15 6.65993e+19
226 15 6.65805e+19
227 15 6.6545e+19
228 15 6.65699e+19
229 15 6.65301e+19
230 15 6.65635e+19
231 15 6.65529e+19
232 15 6.65291e+19
233 15 6.65599e+19
234 15 6.65421e+19
235 15 6.65713e+19
236 15 6.66e+19
237 15 6.65998e+19
238 15 6.65703e+19
239 15 6.65186e+19
240 15 6.65694e+19
241 15 6.65882e+19
242 15 6.65853e+19
243 15 6.66282e+19
244 15 6.65625e+19
245 15 6.65425e+19
246 15 6.65727e+19
247 15 6.65703e+19
248 15 6.65828e+19
249 15 6.65824e+19
189 16 6.85485e+19
190 16 6.85363e+19
191 16 6.85189e+19
192 16 6.85443e+19
193 16 6.85612e+19
194 16 6.85036e+19
195 16 6.84764e+19
196 16 6.84925e+19
197 16 6.849e+19
198 16 6.85509e+19
199 16 6.85797e+19
200 16 6.85165e+19
201 16 6.84749e+19
202 16 6.85219e+19
203 16 6.85688e+19
204 16 6.85617e+19
205 16 6.85166e+19
206 16 6.85277e+19
207 16 6.85463e+19
208 16 6.84974e+19
209 16 6.85248e+19
210 16 6.85645e+19
211 16 6.85676e+19
212 16 6.85469e+19
213 16 6.85404e+19
214 16 6.85134e+19
215 16 6.85212e+19
216 16 6.85045e+19
217 16 6.84608e+19
218 16 6.85426e+19
219 16 6.85227e+19
220 16 6.84675e+19
221 16 6.85227e+19
222 16 6.85286e+19
223 16 6.84986e+19
224 16 6.85056e+19
225 16 6.85097e+19
226 16 6.84944e+19
227 16 6.85136e+19
228 16 6.85017e+19
229 16 6.85227e+19
230 16 6.85572e+19
231 16 6.85476e+19
232 16 6.85595e+19
233 16 6.85487e+19
234 16 6.85538e+19
235 16 6.85413e+19
236 16 6.85602e+19
237 16 6.85747e+19
238 16 6.85524e+19
239 16 6.85176e+19
240 16 6.84601e+19
241 16 6.84945e+19
242 16 6.8533e+19
243 16 6.85445e+19
244 16 6.85568e+19
245 16 6.85446e+19
246 16 6.85693e+19
247 16 6.85357e+19
248 16 6.85166e+19
249 16 6.85661e+19
189 17 7.0522e+19
190 17 7.04889e+19
191 17 7.05227e+19
192 17 7.05253e+19
193 17 7.05169e+19
194 17 7.05527e+19
195 17 7.05566e+19
196 17 7.05504e+19
197 17 7.05541e+19
198 17 7.05303e+19
199 17 7.05209e+19
200 17 7.05034e+19
201 17 7.04854e+19
202 17 7.05106e+19
203 17 7.05105e+19
204 17 7.05025e+19
205 17 7.05371e+19
206 17 7.05434e+19
207 17 7.05499e+19
208 17 7.05742e+19
209 17 7.05575e+19
210 17 7.05214e+19
211 17 7.05286e+19
212 17 7.0556e+19
213 17 7.05633e+19
214 17 7.05285e+19
215 17 7.05011e+19
216 17 7.05121e+19
217 17 7.05299e+19
218 17 7.05442e+19
219 17 7.05413e+19
220 17 7.0534e+19
221 17 7.04813e+19
222 17 7.05432e+19
223 17 7.06228e+19
224 17 7.05818e+19
225 17 7.05417e+19
226 17 7.05545e+19
227 17 7.05911e+19
228 17 7.0523e+19
229 17 7.05108e+19
230 17 7.04806e+19
231 17 7.05054e+19
232 17 7.0575e+19
233 17 7.05865e+19
234 17 7.05871e+19
235 17 7.05761e+19
236 17 7.05567e+19
237 17 7.0533e+19
238 17 7.05509e+19
239 17 7.05914e+19
240 17 7.05811e+19
241 17 7.05598e+19
242 17 7.05369e+19
243 17 7.05011e+19
244 17 7.05683e+19
245 17 7.05511e+19
246 17 7.05244e+19
247 17 7.05523e+19
248 17 7.05373e+19
249 17 7.04957e+19
189 18 7.25724e+19
190 18 7.25732e+19
191 18 7.25916e+19
192 18 7.25478e+19
193 18 7.25325e+19
194 18 7.2608e+19
195 18 7.25808e+19
196 18 7.25575e+19
197 18 7.25893e+19
198 18 7.25724e+19
199 18 7.25404e+19
200 18 7.25433e+19
201 18 7.25991e+19
202 18 7.26077e+19
203 18 7.25796e+19
204 18 7.25765e+19
205 18 7.25792e+19
206 18 7.25443e+19
207 18 7.2576e+19
208 18 7.26343e+19
209 18 7.25672e+19
210 18 7.25332e+19
211 18 7.25774e+19
212 18 7.26001e+19
213 18 7.25795e+19
214 18 7.25713e+19
215 18 7.26079e+19
216 18 7.25891e+19
217 18 7.25839e+19
218 18 7.25709e+19
219 18 7.25591e+19
220 18 7.2564e+19
221 18 7.25375e+19
222 18 7.25998e+19
223 18 7.26297e+19
224 18 7.25869e+19
225 18 7.25994e+19
226 18 7.26209e+19
227 18 7.25836e+19
228 18 7.25905e+19
229 18 7.25942e+19
230 18 7.25409e+19
231 18 7.25757e+19
232 18 7.25882e+19
233 18 7.25887e+19
234 18 7.25418e+19
235 18 7.25308e+19
236 18 7.25767e+19
237 18 7.25281e+19
238 18 7.25268e+19
239 18 7.26037e+19
240 18 7.26075e+19
241 18 7.25624e+19
242 18 7.2578e+19
243 18 7.2555e+19
244 18 7.2571e+19
245 18 7.25886e+19
246 18 7.25956e+19
247 18 7.26316e+19
248 18 7.26339e+19
249 18 7.25884e+19
189 19 7.46444e+19
190 19 7.46921e+19
191 19 7.47116e+19
192 19 7.47335e+19
193 19 7.47178e+19
194 19 7.46758e+19
195 19 7.46333e+19
196 19 7.46653e+19
197 19 7.47383e+19
198 19 7.47281e+19
199 19 7.46935e+19
200 19 7.47039e+19
201 19 7.4744e+19
202 19 7.47339e+19
203 19 7.471e+19
204 19 7.46788e+19
205 19 7.46564e+19
206 19 7.4676e+19
207 19 7.46856e+19
208 19 7.47135e+19
209 19 7.47046e+19
210 19 7.46858e+19
211 19 7.46659e+19
212 19 7.46476e+19
213 19 7.46838e+19
214 19 7.46935e+19
215 19 7.46651e+19
216 19 7.47029e+19
217 19 7.47214e+19
218 19 7.46994e+19
219 19 7.46997e+19
220 19 7.46792e+19
221 19 7.4681e+19
222 19 7.4678e+19
223 19 7.46583e+19
224 19 7.46685e+19
225 19 7.46718e+19
226 19 7.46425e+19
227 19 7.4638e+19
228 19 7.47121e+19
229 19 7.47371e+19
230 19 7.47575e+19
231 19 7.47169e+19
232 19 7.46976e+19
233 19 7.47202e+19
234 19 7.46453e+19
235 19 7.46231e+19
236 19 7.46509e+19
237 19 7.46784e+19
238 19 7.4675e+19
239 19 7.46672e+19
240 19 7.46802e+19
241 19 7.46808e+19
242 19 7.47154e+19
243 19 7.46927e+19
244 19 7.46488e+19
245 19 7.46941e+19
246 19 7.46715e+19
247 19 7.46413e+19
248 19 7.46788e+19
249 19 7.47752e+19
189 20 7.68396e+19
190 20 7.68496e+19
191 20 7.68285e+19
192 20 7.6859e+19
193 20 7.69115e+19
194 20 7.68667e+19
195 20 7.69024e+19
196 20 7.69226e+19
197 20 7.68685e+19
198 20 7.68887e+19
199 20 7.69069e+19
200 20 7.68795e+19
201 20 7.68545e+19
202 20 7.68651e+19
203 20 7.68276e+19
204 20 7.68196e+19
205 20 7.68459e+19
206 20 7.68644e+19
207 20 7.68564e+19
208 20 7.68226e+19
209 20 7.68688e+19
210 20 7.68912e+19
211 20 7.68705e+19
212 20 7.68382e+19
213 20 7.68475e+19
214 20 7.68656e+19
215 20 7.6799e+19
216 20 7.68471e+19
217 20 7.68725e+19
218 20 7.68476e+19
219 20 7.6866e+19
220 20 7.68784e+19
221 20 7.69194e+19
222 20 7.68967e+19
223 20 7.68676e+19
224 20 7.68677e+19
225 20 7.68282e+19
226 20 7.68201e+19
227 20 7.68218e+19
228 20 7.68144e+19
229 20 7.68513e+19
230 20 7.68952e+19
231 20 7.68638e+19
232 20 7.68269e+19
233 20 7.68183e+19
234 20 7.68291e+19
235 20 7.68475e+19
236 20 7.6817e+19
237 20 7.68429e+19
238 20 7.68588e+19
239 20 7.68457e+19
240 20 7.68706e+19
241 20 7.69147e+19
242 20 7.68644e+19
243 20 7.68567e+19
244 20 7.68344e+19
245 20 7.68322e+19
246 20 7.6833e+19
247 20 7.67546e+19
248 20 7.67654e+19
249 20 7.68209e+19
189 21 7.90507e+19
190 21 7.9054e+19
191 21 7.90478e+19
192 21 7.90156e+19
193 21 7.90375e+19
194 21 7.90957e+19
195 21 7.91096e+19
196 21 7.91139e+19
197 21 7.90677e+19
198 21 7.90254e+19
199 21 7.90675e+19
200 21 7.90932e+19
201 21 7.90374e+19
202 21 7.90656e+19
203 21 7.91202e+19
204 21 7.90904e+19
205 21 7.90528e+19
206 21 7.90605e+19
207 21 7.90928e+19
208 21 7.90633e+19
209 21 7.90645e+19
210 21 7.91039e+19
211 21 7.90942e+19
212 21 7.90482e+19
213 21 7.90154e+19
214 21 7.91197e+19
215 21 7.91589e+19
216 21 7.90927e+19
217 21 7.90569e+19
218 21 7.90311e+19
219 21 7.90428e+19
220 21 7.9092e+19
221 21 7.91672e+19
222 21 7.9103e+19
223 21 7.90012e+19
224 21 7.90387e+19
225 21 7.90771e+19
226 21 7.91001e+19
227 21 7.91038e+19
228 21 7.90338e+19
229 21 7.90413e+19
230 21 7.90574e+19
231 21 7.91038e+19
232 21 7.91017e+19
233 21 7.90495e+19
234 21 7.90537e+19
235 21 7.90905e+19
236 21 7.9113e+19
237 21 7.90839e+19
238 21 7.90961e+19
239 21 7.90814e+19
240 21 7.90571e+19
241 21 7.90746e+19
242 21 7.90738e+19
243 21 7.90923e+19
244 21 7.90759e+19
245 21 7.90473e+19
246 21 7.91376e+19
247 21 7.91365e+19
248 21 7.90753e+19
249 21 7.90591e+19
189 22 8.13947e+19
190 22 8.13704e+19
191 22 8.1365e+19
192 22 8.13677e+19
193 22 8.13371e+19
194 22 8.13121e+19
195 22 8.12901e+19
196 22 8.13024e+19
197 22 8.13428e+19
198 22 8.12951e+19
199 22 8.13111e+19
200 22 8.13779e+19
201 22 8.13646e+19
202 22 8.13532e+19
203 22 8.13584e+19
204 22 8.13598e+19
205 22 8.1371e+19
206 22 8.13623e+19
207 22 8.13959e+19
208 22 8.14075e+19
209 22 8.13344e+19
210 22 8.1353e+19
211 22 8.13504e+19
212 22 8.1341e+19
213 22 8.14009e+19
214 22 8.13953e+19
215 22 8.14354e+19
216 22 8.13984e+19
217 22 8.13318e+19
218 22 8.13319e+19
219 22 8.13602e+19
220 22 8.13801e+19
221 22 8.13569e+19
222 22 8.13585e+19
223 22 8.13611e+19
224 22 8.13606e+19
225 22 8.13557e+19
226 22 8.13848e+19
227 22 8.14435e+19
228 22 8.1406e+19
229 22 8.13213e+19
230 22 8.129e+19
231 22 8.13128e+19
232 22 8.13861e+19
233 22 8.13756e+19
234 22 8.13513e+19
235 22 8.13498e+19
236 22 8.13499e+19
237 22 8.13769e+19
238 22 8.13628e+19
239 22 8.13134e+19
240 22 8.13027e+19
241 22 8.1308e+19
242 22 8.13416e+19
243 22 8.13436e+19
244 22 8.13781e+19
245 22 8.13706e+19
246 22 8.13654e+19
247 22 8.14239e+19
248 22 8.13528e+19
249 22 8.13415e+19
189 23 8.37622e+19
190 23 8.37412e+19
191 23 8.36832e+19
192 23 8.36973e+19
193 23 8.37104e+19
194 23 8.36679e+19
195 23 8.36848e+19
196 23 8.36824e+19
197 23 8.36458e+19
198 23 8.36663e+19
199 23 8.37095e+19
200 23 8.36953e+19
201 23 8.36829e+19
202 23 8.36853e+19
203 23 8.36694e+19
204 23 8.3712e+19
205 23 8.37002e+19
206 23 8.36655e+19
207 23 8.3658e+19
208 23 8.36544e+19
209 23 8.36409e+19
210 23 8.36554e+19
211 23 8.37269e+19
212 23 8.37352e+19
213 23 8.37304e+19
214 23 8.3672e+19
215 23 8.36128e+19
216 23 8.36097e+19
217 23 8.36642e+19
218 23 8.37193e+19
219 23 8.3689e+19
220 23 8.36844e+19
221 23 8.3667e+19
222 23 8.36864e+19
223 23 8.37339e+19
224 23 8.37127e+19
225 23 8.37103e+19
226 23 8.36861e+19
227 23 8.36475e+19
228 23 8.36928e+19
229 23 8.3721e+19
230 23 8.37159e+19
231 23 8.36809e+19
232 23 8.3643e+19
233 23 8.36213e+19
234 23 8.36985e+19
235 23 8.37068e+19
236 23 8.36445e+19
237 23 8.37087e+19
238 23 8.37374e+19
239 23 8.36971e+19
240 23 8.36933e+19
241 23 8.37117e+19
242 23 8.36979e+19
243 23 8.36227e+19
244 23 8.36411e+19
245 23 8.3685e+19
246 23 8.36383e+19
247 23 8.36505e+19
248 23 8.36697e+19
249 23 8.37314e+19
189 24 8.60253e+19
190 24 8.60602e+19
191 24 8.61027e+19
192 24 8.6062e+19
193 24 8.60943e+19
194 24 8.61622e+19
195 24 8.61561e+19
196 24 8.61587e+19
197 24 8.61638e+19
198 24 8.61926e+19
199 24 8.61645e+19
200 24 8.60834e+19
201 24 8.61125e+19
202 24 8.61243e+19
203 24 8.6088e+19
204 24 8.61368e+19
205 24 8.61624e+19
206 24 8.6174e+19
207 24 8.61325e+19
208 24 8.60922e+19
209 24 8.61423e+19
210 24 8.61247e+19
211 24 8.61351e+19
212 24 8.61102e+19
213 24 8.60259e+19
214 24 8.6083e+19
215 24 8.60694e+19
216 24 8.60414e+19
217 24 8.61116e+19
218 24 8.61127e+19
219 24 8.60765e+19
220 24 8.60922e+19
221 24 8.60995e+19
222 24 8.60974e+19
223 24 8.60982e+19
224 24 8.60976e+19
225 24 8.60994e+19
226 24 8.60723e+19
227 24 8.60584e+19
228 24 8.60683e+19
229 24 8.60617e+19
230 24 8.61018e+19
231 24 8.61501e+19
232 24 8.61415e+19
233 24 8.61302e+19
234 24 8.6116e+19
235 24 8.61067e+19
236 24 8.60646e+19
237 24 8.6043e+19
238 24 8.60927e+19
239 24 8.61189e+19
240 24 8.61444e+19
241 24 8.61404e+19
242 24 8.61022e+19
243 24 8.61144e+19
244 24 8.60837e+19
245 24 8.6094e+19
246 24 8.60756e+19
247 24 8.60632e+19
248 24 8.61335e+19
249 24 8.61486e+19
189 25 8.85579e+19
190 25 8.85509e+19
191 25 8.85886e+19
192 25 8.85823e+19
193 25 8.85644e+19
194 25 8.85928e+19
195 25 8.85925e+19
196 25 8.85573e+19
197 25 8.85669e+19
198 25 8.86045e+19
199 25 8.85906e+19
200 25 8.85365e+19
201 25 8.8581e+19
202 25 8.86116e+19
203 25 8.85756e+19
204 25 8.86067e+19
205 25 8.86408e+19
206 25 8.86375e+19
207 25 8.86136e+19
208 25 8.85883e+19
209 25 8.86119e+19
210 25 8.86183e+19
211 25 8.85698e+19
212 25 8.85606e+19
213 25 8.86046e+19
214 25 8.85809e+19
215 25 8.86141e+19
216 25 8.85997e+19
217 25 8.85454e+19
218 25 8.85917e+19
219 25 8.86121e+19
220 25 8.85843e+19
221 25 8.85565e+19
222 25 8.85708e+19
223 25 8.85851e+19
224 25 8.85838e+19
225 25 8.8556e+19
226 25 8.857e+19
227 25 8.85714e+19
228 25 8.85876e+19
229 25 8.85905e+19
230 25 8.85784e+19
231 25 8.85872e+19
232 25 8.86216e+19
233 25 8.86424e+19
234 25 8.85979e+19
235 25 8.85742e+19
236 25 8.85865e+19
237 25 8.85452e+19
238 25 8.8477e+19
239 25 8.8545e+19
240 25 8.85451e+19
241 25 8.85107e+19
242 25 8.8553e+19
243 25 8.86297e+19
244 25 8.86197e+19
245 25 8.8549e+19
246 25 8.85445e+19
247 25 8.85666e+19
248 25 8.85699e+19
249 25 8.85241e+19
189 26 9.11648e+19
190 26 9.11624e+19
191 26 9.11159e+19
192 26 9.11216e+19
193 26 9.10978e+19
194 26 9.10773e+19
195 26 9.11246e+19
196 26 9.11072e+19
197 26 9.10634e+19
198 26 9.1055e+19
199 26 9.10308e+19
200 26 9.10871e+19
201 26 9.1147e+19
202 26 9.11259e+19
203 26 9.11248e+19
204 26 9.11105e+19
205 26 9.11153e+19
206 26 9.11247e+19
207 26 9.10444e+19
208 26 9.10332e+19
209 26 9.10706e+19
210 26 9.10169e+19
211 26 9.10579e+19
212 26 9.11638e+19
213 26 9.11264e+19
214 26 9.10619e+19
215 26 9.1104e+19
216 26 9.11334e+19
217 26 9.1118e+19
218 26 9.1157e+19
219 26 9.11369e+19
220 26 9.10861e+19
221 26 9.10965e+19
222 26 9.11025e+19
223 26 9.10927e+19
224 26 9.11007e+19
225 26 9.1143e+19
226 26 9.11091e+19
227 26 9.1065e+19
228 26 9.11041e+19
229 26 9.11268e+19
230 26 9.11188e+19
231 26 9.11308e+19
232 26 9.10606e+19
233 26 9.10595e+19
234 26 9.11401e+19
235 26 9.11841e+19
236 26 9.11884e+19
237 26 9.11525e+19
238 26 9.11178e+19
239 26 9.11185e+19
240 26 9.10652e+19
241 26 9.10157e+19
242 26 9.10993e+19
243 26 9.11066e+19
244 26 9.11232e+19
245 26 9.10586e+19
246 26 9.10648e+19
247 26 9.11419e+19
248 26 9.11186e+19
249 26 9.11036e+19
189 27 9.37554e+19
190 27 9.37732e+19
191 27 9.37073e+19
192 27 9.37245e+19
193 27 9.36932e+19
194 27 9.36698e+19
195 27 9.37024e+19
196 27 9.37097e+19
197 27 9.37133e+19
198 27 9.3741e+19
199 27 9.36755e+19
200 27 9.3685e+19
201 27 9.37289e+19
202 27 9.36761e+19
203 27 9.36665e+19
204 27 9.36206e+19
205 27 9.36365e+19
206 27 9.36695e+19
207 27 9.3701e+19
208 27 9.36962e+19
209 27 9.3675e+19
210 27 9.36535e+19
211 27 9.36331e+19
212 27 9.36936e+19
213 27 9.37024e+19
214 27 9.36622e+19
215 27 9.36492e+19
216 27 9.3715e+19
217 27 9.36899e+19
218 27 9.35996e+19
219 27 9.3638e+19
220 27 9.37145e+19
221 27 9.37528e+19
222 27 9.37594e+19
223 27 9.37001e+19
224 27 9.368e+19
225 27 9.3752e+19
226 27 9.37423e+19
227 27 9.37431e+19
228 27 9.36882e+19
229 27 9.36183e+19
230 27 9.36173e+19
231 27 9.3633e+19
232 27 9.36553e+19
233 27 9.36748e+19
234 27 9.37189e+19
235 27 9.36958e+19
236 27 9.36549e+19
237 27 9.36546e+19
238 27 9.37165e+19
239 27 9.37078e+19
240 27 9.36587e+19
241 27 9.36776e+19
242 27 9.36804e+19
243 27 9.3683e+19
244 27 9.37067e+19
245 27 9.37444e+19
246 27 9.37266e+19
247 27 9.37171e+19
248 27 9.37604e+19
249 27 9.37355e+19
189 28 9.6306e+19
190 28 9.62896e+19
191 28 9.63426e+19
192 28 9.63433e+19
193 28 9.63278e+19
194 28 9.63265e+19
195 28 9.63402e+19
196 28 9.63477e+19
197 28 9.63398e+19
198 28 9.6341e+19
199 28 9.63943e+19
200 28 9.64025e+19
201 28 9.63553e+19
202 28 9.63198e+19
203 28 9.63365e+19
204 28 9.63581e+19
205 28 9.63328e+19
206 28 9.62971e+19
207 28 9.63583e+19
208 28 9.6413e+19
209 28 9.63183e+19
210 28 9.63396e+19
211 28 9.63847e+19
212 28 9.63631e+19
213 28 9.63928e+19
214 28 9.63942e+19
215 28 9.63587e+19
216 28 9.63694e+19
217 28 9.63968e+19
218 28 9.6324e+19
219 28 9.63874e+19
220 28 9.64043e+19
221 28 9.62931e+19
222 28 9.63047e+19
223 28 9.63483e+19
224 28 9.63566e+19
225 28 9.63393e+19
226 28 9.63738e+19
227 28 9.63864e+19
228 28 9.63612e+19
229 28 9.6381e+19
230 28 9.63938e+19
231 28 9.63249e+19
232 28 9.63734e+19
233 28 9.64656e+19
234 28 9.63895e+19
235 28 9.63042e+19
236 28 9.63376e+19
237 28 9.63946e+19
238 28 9.63579e+19
239 28 9.6377e+19
240 28 9.64357e+19
241 28 9.64401e+19
242 28 9.6357e+19
243 28 9.63429e+19
244 28 9.63755e+19
245 28 9.63976e+19
246 28 9.63782e+19
247 28 9.63224e+19
248 28 9.6357e+19
249 28 9.63647e+19
189 29 9.90555e+19
190 29 9.90549e+19
191 29 9.90952e+19
192 29 9.90394e+19
193 29 9.90824e+19
194 29 9.911e+19
195 29 9.90979e+19
196 29 9.91182e+19
197 29 9.90841e+19
198 29 9.90978e+19
199 29 9.91797e+19
200 29 9.91552e+19
201 29 9.90919e+19
202 29 9.91289e+19
203 29 9.91448e+19
204 29 9.91554e+19
205 29 9.913e+19
206 29 9.91706e+19
207 29 9.9138e+19
208 29 9.90726e+19
209 29 9.90719e+19
210 29 9.91144e+19
211 29 9.91979e+19
212 29 9.91738e+19
213 29 9.91088e+19
214 29 9.91259e+19
215 29 9.91801e+19
216 29 9.91047e+19
217 29 9.9077e+19
218 29 9.91758e+19
219 29 9.91985e+19
220 29 9.90746e+19
221 29 9.90324e+19
222 29 9.90687e+19
223 29 9.90804e+19
224 29 9.91074e+19
225 29 9.90514e+19
226 29 9.90602e+19
227 29 9.91094e+19
228 29 9.91463e+19
229 29 9.91737e+19
230 29 9.91509e+19
231 29 9.91185e+19
232 29 9.90535e+19
233 29 9.90687e+19
234 29 9.90771e+19
235 29 9.9092e+19
236 29 9.91323e+19
237 29 9.91444e+19
238 29 9.91611e+19
239 29 9.91591e+19
240 29 9.91878e+19
241 29 9.91503e+19
242 29 9.91043e+19
243 29 9.90504e+19
244 29 9.90729e+19
245 29 9.90939e+19
246 29 9.90554e+19
247 29 9.9054e+19
248 29 9.90447e+19
249 29 9.91155e+19
189 30 1.01959e+20
190 30 1.01993e+20
191 30 1.01939e+20
192 30 1.01954e+20
193 30 1.01955e+20
194 30 1.01919e+20
195 30 1.01895e+20
196 30 1.01882e+20
197 30 1.01889e+20
198 30 1.01927e+20
199 30 1.01923e+20
200 30 1.01885e+20
201 30 1.01925e+20
202 30 1.01957e+20
203 30 1.01933e+20
204 30 1.01927e+20
205 30 1.01903e+20
206 30 1.01939e+20
207 30 1.01935e+20
208 30 1.01903e+20
209 30 1.01961e+20
210 30 1.01965e+20
211 30 1.01855e+20
212 30 1.01799e+20
213 30 1.01888e+20
214 30 1.01897e+20
215 30 1.01917e+20
216 30 1.01921e+20
217 30 1.0185e+20
218 30 1.01905e+20
219 30 1.01883e+20
220 30 1.01915e+20
221 30 1.02017e+20
222 30 1.01983e+20
223 30 1.01919e+20
224 30 1.01937e+20
225 30 1.01911e+20
226 30 1.01886e+20
227 30 1.01918e+20
228 30 1.01963e+20
229 30 1.01934e+20
230 30 1.01827e+20
231 30 1.01865e+20
232 30 1.01918e+20
233 30 1.01888e+20
234 30 1.01909e+20
235 30 1.01884e+20
236 30 1.0187e+20
237 30 1.01884e+20
238 30 1.01911e+20
239 30 1.01946e+20
240 30 1.01909e+20
241 30 1.01909e+20
242 30 1.01948e+20
243 30 1.01931e+20
244 30 1.0189e+20
245 30 1.01937e+20
246 30 1.01931e+20
247 30 1.01952e+20
248 30 1.01969e+20
249 30 1.01946e+20
189 31 1.04786e+20
190 31 1.04786e+20
191 31 1.04808e+20
192 31 1.04857e+20
193 31 1.04835e+20
194 31 1.04859e+20
195 31 1.04802e+20
196 31 1.04699e+20
197 31 1.04744e+20
198 31 1.04805e+20
199 31 1.0475e+20
200 31 1.04813e+20
201 31 1.04849e+20
202 31 1.04787e+20
203 31 1.04781e+20
204 31 1.04742e+20
205 31 1.04778e+20
206 31 1.04785e+20
207 31 1.04746e+20
208 31 1.04777e+20
209 31 1.04821e+20
210 31 1.04815e+20
211 31 1.04776e+20
212 31 1.04758e+20
213 31 1.04754e+20
214 31 1.04801e+20
215 31 1.04838e+20
216 31 1.04857e+20
217 31 1.04844e+20
218 31 1.04763e+20
219 31 1.04719e+20
220 31 1.04791e+20
221 31 1.04809e+20
222 31 1.04769e+20
223 31 1.04743e+20
224 31 1.04743e+20
225 31 1.04809e+20
226 31 1.04815e+20
227 31 1.04802e+20
228 31 1.04764e+20
229 31 1.04774e+20
230 31 1.04865e+20
231 31 1.0488e+20
232 31 1.04888e+20
233 31 1.04881e+20
234 31 1.04857e+20
235 31 1.04815e+20
236 31 1.04832e+20
237 31 1.04842e+20
238 31 1.04737e+20
239 31 1.04775e+20
240 31 1.04787e+20
241 31 1.04784e+20
242 31 1.04812e+20
243 31 1.04863e+20
244 31 1.04874e+20
245 31 1.04816e+20
246 31 1.04799e+20
247 31 1.04821e+20
248 31 1.04888e+20
249 31 1.04824e+20
189 32 1.07756e+20
190 32 1.07716e+20
191 32 1.07755e+20
192 32 1.07779e+20
193 32 1.07797e+20
194 32 1.07818e+20
195 32 1.07822e+20
196 32 1.0784e+20
197 32 1.07789e+20
198 32 1.0771e+20
199 32 1.0774e+20
200 32 1.07777e+20
201 32 1.07709e+20
202 32 1.07703e+20
203 32 1.07782e+20
204 32 1.07726e+20
205 32 1.07724e+20
206 32 1.07734e+20
207 32 1.07726e+20
208 32 1.07784e+20
209 32 1.07794e+20
210 32 1.0779e+20
211 32 1.07842e+20
212 32 1.0784e+20
213 32 1.07771e+20
214 32 1.07805e+20
215 32 1.07818e+20
216 32 1.07761e+20
217 32 1.07763e+20
218 32 1.07775e+20
219 32 1.07706e+20
220 32 1.07661e+20
221 32 1.07706e+20
222 32 1.07748e+20
223 32 1.07789e+20
224 32 1.07786e+20
225 32 1.07844e+20
226 32 1.07816e+20
227 32 1.07772e+20
228 32 1.07725e+20
229 32 1.07679e+20
230 32 1.07806e+20
231 32 1.07813e+20
232 32 1.0776e+20
233 32 1.07767e+20
234 32 1.07801e+20
235 32 1.07762e+20
236 32 1.07706e+20
237 32 1.07771e+20
238 32 1.07803e+20
239 32 1.0779e+20
240 32 1.07786e+20
241 32 1.07721e+20
242 32 1.0768e+20
243 32 1.07742e+20
244 32 1.07727e+20
245 32 1.07746e+20
246 32 1.07807e+20
247 32 1.07737e+20
248 32 1.07726e+20
249 32 1.07754e+20
189 33 1.10829e+20
190 33 1.10891e+20
191 33 1.1085e+20
192 33 1.10786e+20
193 33 1.10778e+20
194 33 1.10747e+20
195 33 1.10791e+20
196 33 1.1089e+20
197 33 1.10871e+20
198 33 1.10778e+20
199 33 1.10796e+20
200 33 1.10772e+20
201 33 1.10829e+20
202 33 1.10791e+20
203 33 1.10729e+20
204 33 1.10834e+20
205 33 1.10829e+20
206 33 1.10766e+20
207 33 1.10847e+20
208 33 1.10859e+20
209 33 1.1077e+20
210 33 1.1076e+20
211 33 1.10766e+20
212 33 1.10746e+20
213 33 1.10772e+20
214 33 1.10761e+20
215 33 1.10714e+20
216 33 1.10739e+20
217 33 1.10809e+20
218 33 1.10845e+20
219 33 1.1082e+20
220 33 1.10808e+20
221 33 1.10798e+20
222 33 1.10822e+20
223 33 1.10924e+20
224 33 1.10936e+20
225 33 1.10796e+20
226 33 1.10737e+20
227 33 1.10798e+20
228 33 1.10833e+20
229 33 1.10839e+20
230 33 1.10793e+20
231 33 1.10702e+20
232 33 1.10733e+20
233 33 1.10766e+20
234 33 1.10748e+20
235 33 1.10763e+20
236 33 1.10806e+20
237 33 1.10839e+20
238 33 1.10859e+20
239 33 1.10787e+20
240 33 1.10749e+20
241 33 1.10787e+20
242 33 1.10812e+20
243 33 1.10778e+20
244 33 1.1067e+20
245 33 1.10771e+20
246 33 1.10859e+20
247 33 1.10802e+20
248 33 1.10775e+20
249 33 1.1078e+20
189 34 1.13935e+20
190 34 1.1395e+20
191 34 1.13939e+20
192 34 1.13921e+20
193 34 1.13897e+20
194 34 1.13944e+20
195 34 1.13915e+20
196 34 1.13927e+20
197 34 1.13987e+20
198 34 1.13987e+20
199 34 1.13997e+20
200 34 1.13939e+20
201 34 1.13944e+20
202 34 1.13985e+20
203 34 1.13902e+20
204 34 1.1389e+20
205 34 1.13928e+20
206 34 1.13904e+20
207 34 1.13964e+20
208 34 1.13912e+20
209 34 1.1385e+20
210 34 1.1387e+20
211 34 1.13862e+20
212 34 1.13872e+20
213 34 1.13895e+20
214 34 1.1394e+20
215 34 1.13943e+20
216 34 1.13939e+20
217 34 1.13918e+20
218 34 1.13908e+20
219 34 1.13951e+20
220 34 1.13984e+20
221 34 1.1395e+20
222 34 1.13891e+20
223 34 1.13853e+20
224 34 1.13918e+20
225 34 1.13882e+20
226 34 1.13837e+20
227 34 1.1393e+20
228 34 1.13929e+20
229 34 1.14015e+20
230 34 1.13991e+20
231 34 1.13902e+20
232 34 1.13921e+20
233 34 1.13849e+20
234 34 1.13797e+20
235 34 1.13889e+20
236 34 1.13988e+20
237 34 1.13916e+20
238 34 1.13874e+20
239 34 1.13859e+20
240 34 1.13849e+20
241 34 1.13943e+20
242 34 1.13963e+20
243 34 1.13909e+20
244 34 1.13965e+20
245 34 1.13912e+20
246 34 1.13864e+20
247 34 1.13931e+20
248 34 1.13926e+20
249 34 1.13877e+20
189 35 1.17088e+20
190 35 1.17033e+20
191 35 1.1709e+20
192 35 1.1715e+20
193 35 1.17171e+20
194 35 1.17138e+20
195 35 1.17081e+20
196 35 1.17097e+20
197 35 1.17134e+20
198 35 1.17138e+20
199 35 1.17116e+20
200 35 1.17084e+20
201 35 1.17046e+20
202 35 1.17108e+20
203 35 1.17182e+20
204 35 1.17178e+20
205 35 1.17104e+20
206 35 1.17124e+20
207 35 1.17097e+20
208 35 1.17053e+20
209 35 1.17155e+20
210 35 1.17097e+20
211 35 1.1703e+20
212 35 1.17104e+20
213 35 1.17085e+20
214 35 1.17098e+20
215 35 1.17138e+20
216 35 1.17092e+20
217 35 1.17063e+20
218 35 1.17092e+20
219 35 1.17133e+20
220 35 1.17126e+20
221 35 1.17136e+20
222 35 1.17108e+20
223 35 1.17071e+20
224 35 1.17067e+20
225 35 1.17117e+20
226 35 1.17168e+20
227 35 1.17109e+20
228 35 1.17114e+20
229 35 1.17084e+20
230 35 1.17084e+20
231 35 1.17167e+20
232 35 1.17165e+20
233 35 1.17133e+20
234 35 1.17109e+20
235 35 1.17125e+20
236 35 1.1706e+20
237 35 1.17038e+20
238 35 1.17097e+20
239 35 1.17125e+20
240 35 1.1713e+20
241 35 1.17151e+20
242 35 1.17169e+20
243 35 1.1715e+20
244 35 1.17195e+20
245 35 1.17148e+20
246 35 1.17084e+20
247 35 1.17083e+20
248 35 1.17064e+20
249 35 1.17122e+20
189 36 1.20367e+20
190 36 1.20324e+20
191 36 1.20379e+20
192 36 1.20386e+20
193 36 1.20345e+20
194 36 1.20308e+20
195 36 1.20362e+20
196 36 1.20389e+20
197 36 1.20341e+20
198 36 1.20363e+20
199 36 1.20317e+20
200 36 1.20326e+20
201 36 1.2035e+20
202 36 1.2032e+20
203 36 1.20349e+20
204 36 1.20383e+20
205 36 1.20376e+20
206 36 1.20404e+20
207 36 1.20328e+20
208 36 1.20302e+20
209 36 1.20382e+20
210 36 1.20393e+20
211 36 1.20405e+20
212 36 1.20431e+20
213 36 1.20379e+20
214 36 1.20315e+20
215 36 1.20383e+20
216 36 1.20413e+20
217 36 1.20392e+20
218 36 1.20332e+20
219 36 1.20375e+20
220 36 1.20384e+20
221 36 1.20323e+20
222 36 1.20389e+20
223 36 1.20467e+20
224 36 1.20369e+20
225 36 1.20378e+20
226 36 1.20475e+20
227 36 1.20408e+20
228 36 1.2035e+20
229 36 1.20331e+20
230 36 1.20372e+20
231 36 1.20361e+20
232 36 1.20359e+20
233 36 1.20377e+20
234 36 1.20399e+20
235 36 1.20378e+20
236 36 1.20341e+20
237 36 1.2032e+20
238 36 1.20363e+20
239 36 1.20403e+20
240 36 1.20394e+20
241 36 1.20368e+20
242 36 1.20398e+20
243 36 1.20468e+20
244 36 1.2041e+20
245 36 1.20412e+20
246 36 1.20385e+20
247 36 1.20376e+20
248 36 1.20409e+20
249 36 1.20426e+20
189 37 1.23725e+20
190 37 1.23726e+20
191 37 1.23717e+20
192 37 1.2364e+20
193 37 1.23682e+20
194 37 1.23706e+20
195 37 1.23715e+20
196 37 1.23743e+20
197 37 1.23705e+20
198 37 1.23676e+20
199 37 1.23658e+20
200 37 1.23709e+20
201 37 1.23749e+20
202 37 1.23729e+20
203 37 1.23701e+20
204 37 1.23687e+20
205 37 1.23722e+20
206 37 1.23723e+20
207 37 1.23746e+20
208 37 1.23787e+20
209 37 1.23702e+20
210 37 1.23736e+20
211 37 1.23854e+20
212 37 1.23848e+20
213 37 1.23792e+20
214 37 1.23792e+20
215 37 1.23837e+20
216 37 1.23799e+20
217 37 1.23737e+20
218 37 1.23712e+20
219 37 1.23713e+20
220 37 1.2372e+20
221 37 1.237e+20
222 37 1.23722e+20
223 37 1.23752e+20
224 37 1.23755e+20
225 37 1.23746e+20
226 37 1.23677e+20
227 37 1.23684e+20
228 37 1.23686e+20
229 37 1.23712e+20
230 37 1.23703e+20
231 37 1.23737e+20
232 37 1.23768e+20
233 37 1.23672e+20
234 37 1.23711e+20
235 37 1.23681e+20
236 37 1.23646e+20
237 37 1.23752e+20
238 37 1.23763e+20
239 37 1.23726e+20
240 37 1.23747e+20
241 37 1.23729e+20
242 37 1.23744e+20
243 37 1.23744e+20
244 37 1.2374e+20
245 37 1.2373e+20
246 37 1.23759e+20
247 37 1.23837e+20
248 37 1.23771e+20
249 37 1.23676e+20
189 38 1.27176e+20
190 38 1.27261e+20
191 38 1.27165e+20
192 38 1.27121e+20
193 38 1.27181e+20
194 38 1.27213e+20
195 38 1.272e+20
196 38 1.27129e+20
197 38 1.27153e+20
198 38 1.27216e+20
199 38 1.27183e+20
200 38 1.2722e+20
201 38 1.27235e+20
202 38 1.27182e+20
203 38 1.2713e+20
204 38 1.27171e+20
205 38 1.27175e+20
206 38 1.27142e+20
207 38 1.27241e+20
208 38 1.27199e+20
209 38 1.27174e+20
210 38 1.27211e+20
211 38 1.27113e+20
212 38 1.27112e+20
213 38 1.27171e+20
214 38 1.27176e+20
215 38 1.27174e+20
216 38 1.27145e+20
217 38 1.27139e+20
218 38 1.27204e+20
219 38 1.27181e+20
220 38 1.27171e+20
221 38 1.27226e+20
222 38 1.27201e+20
223 38 1.27138e+20
224 38 1.27176e+20
225 38 1.27178e+20
226 38 1.2719e+20
227 38 1.27142e+20
228 38 1.27139e+20
229 38 1.27202e+20
230 38 1.27184e+20
231 38 1.27231e+20
232 38 1.27223e+20
233 38 1.27198e+20
234 38 1.27138e+20
235 38 1.2716e+20
236 38 1.27171e+20
237 38 1.27243e+20
238 38 1.27182e+20
239 38 1.27083e+20
240 38 1.2719e+20
241 38 1.2722e+20
242 38 1.27216e+20
243 38 1.27156e+20
244 38 1.27154e+20
245 38 1.27175e+20
246 38 1.27233e+20
247 38 1.27207e+20
248 38 1.27167e+20
249 38 1.27238e+20
189 39 1.30745e+20
190 39 1.30736e+20
191 39 1.30677e+20
192 39 1.30734e+20
193 39 1.30734e+20
194 39 1.30712e+20
195 39 1.30765e+20
196 39 1.30786e+20
197 39 1.30734e+20
198 39 1.30742e+20
199 39 1.30844e+20
200 39 1.30775e+20
201 39 1.30717e+20
202 39 1.30765e+20
203 39 1.30752e+20
204 39 1.30701e+20
205 39 1.30661e+20
206 39 1.30735e+20
207 39 1.30719e+20
208 39 1.30746e+20
209 39 1.30784e+20
210 39 1.30745e+20
211 39 1.30687e+20
212 39 1.306e+20
213 39 1.30663e+20
214 39 1.30766e+20
215 39 1.3067e+20
216 39 1.30685e+20
217 39 1.30802e+20
218 39 1.30697e+20
219 39 1.30671e+20
220 39 1.30745e+20
221 39 1.30729e+20
222 39 1.30673e+20
223 39 1.30699e+20
224 39 1.30684e+20
225 39 1.30672e+20
226 39 1.30778e+20
227 39 1.30744e+20
228 39 1.30714e+20
229 39 1.30745e+20
230 39 1.30754e+20
231 39 1.30696e+20
232 39 1.30712e+20
233 39 1.30781e+20
234 39 1.30765e+20
235 39 1.3079e+20
236 39 1.30793e+20
237 39 1.30759e+20
238 39 1.30785e+20
239 39 1.30782e+20
240 39 1.30714e+20
241 39 1.30752e+20
242 39 1.30736e+20
243 39 1.30725e+20
244 39 1.30667e+20
245 39 1.30635e+20
246 39 1.30651e+20
247 39 1.30699e+20
248 39 1.30763e+20
249 39 1.3074e+20
189 40 1.34293e+20
190 40 1.343e+20
191 40 1.34347e+20
192 40 1.3436e+20
193 40 1.34407e+20
194 40 1.34394e+20
195 40 1.34371e+20
196 40 1.3437e+20
197 40 1.34407e+20
198 40 1.34356e+20
199 40 1.34361e+20
200 40 1.3433e+20
201 40 1.34323e+20
202 40 1.34396e+20
203 40 1.34479e+20
204 40 1.34447e+20
205 40 1.34358e+20
206 40 1.34327e+20
207 40 1.34321e+20
208 40 1.34412e+20
209 40 1.34325e+20
210 40 1.34248e+20
211 40 1.34353e+20
212 40 1.34372e+20
213 40 1.3433e+20
214 40 1.34434e+20
215 40 1.34424e+20
216 40 1.34305e+20
217 40 1.34324e+20
218 40 1.34355e+20
219 40 1.34386e+20
220 40 1.34364e+20
221 40 1.34368e+20
222 40 1.34391e+20
223 40 1.34358e+20
224 40 1.34352e+20
225 40 1.34359e+20
226 40 1.34268e+20
227 40 1.34278e+20
228 40 1.34353e+20
229 40 1.34369e+20
230 40 1.34352e+20
231 40 1.34302e+20
232 40 1.34336e+20
233 40 1.34366e+20
234 40 1.34386e+20
235 40 1.34339e+20
236 40 1.34291e+20
237 40 1.34322e+20
238 40 1.34416e+20
239 40 1.34382e+20
240 40 1.34248e+20
241 40 1.3426e+20
242 40 1.34346e+20
243 40 1.34335e+20
244 40 1.34345e+20
245 40 1.34349e+20
246 40 1.34277e+20
247 40 1.34316e+20
248 40 1.34308e+20
249 40 1.34256e+20
