0 41 1.38054e+20
1 41 1.37993e+20
2 41 1.38121e+20
3 41 1.38138e+20
4 41 1.38054e+20
5 41 1.38049e+20
6 41 1.38017e+20
7 41 1.3798e+20
8 41 1.3802e+20
9 41 1.38081e+20
10 41 1.38041e+20
11 41 1.38051e+20
12 41 1.37979e+20
13 41 1.37932e+20
14 41 1.38039e+20
15 41 1.37988e+20
16 41 1.37944e+20
17 41 1.38007e+20
18 41 1.37931e+20
19 41 1.37896e+20
20 41 1.38047e+20
21 41 1.38053e+20
22 41 1.37997e+20
23 41 1.38052e+20
24 41 1.38059e+20
25 41 1.3802e+20
26 41 1.37968e+20
27 41 1.37993e+20
28 41 1.3803e+20
29 41 1.38073e+20
30 41 1.38105e+20
31 41 1.38073e+20
32 41 1.37966e+20
33 41 1.3809e+20
34 41 1.38226e+20
35 41 1.3807e+20
36 41 1.38094e+20
37 41 1.38114e+20
38 41 1.38011e+20
39 41 1.38017e+20
40 41 1.3806e+20
41 41 1.38072e+20
42 41 1.38071e+20
43 41 1.38093e+20
44 41 1.38068e+20
45 41 1.37982e+20
46 41 1.38027e+20
47 41 1.38043e+20
48 41 1.38072e+20
49 41 1.38087e+20
50 41 1.37983e+20
51 41 1.37947e+20
52 41 1.38044e+20
53 41 1.38092e+20
54 41 1.38077e+20
55 41 1.38039e+20
56 41 1.38026e+20
57 41 1.38109e+20
58 41 1.38089e+20
59 41 1.38095e+20
60 41 1.38143e+20
61 41 1.38111e+20
62 41 1.38036e+20
0 42 1.41735e+20
1 42 1.41882e+20
2 42 1.41888e+20
3 42 1.41875e+20
4 42 1.4203e+20
5 42 1.41947e+20
6 42 1.41891e+20
7 42 1.41928e+20
8 42 1.41961e+20
9 42 1.41906e+20
10 42 1.4186e+20
11 42 1.41811e+20
12 42 1.41732e+20
13 42 1.41817e+20
14 42 1.41961e+20
15 42 1.41886e+20
16 42 1.41862e+20
17 42 1.41922e+20
18 42 1.4188e+20
19 42 1.41866e+20
20 42 1.41886e+20
21 42 1.41964e+20
22 42 1.41921e+20
23 42 1.41851e+20
24 42 1.41875e+20
25 42 1.41901e+20
26 42 1.41907e+20
27 42 1.41893e+20
28 42 1.41868e+20
29 42 1.41892e+20
30 42 1.41883e+20
31 42 1.41912e+20
32 42 1.41998e+20
33 42 1.41925e+20
34 42 1.4186e+20
35 42 1.41881e+20
36 42 1.4187e+20
37 42 1.41825e+20
38 42 1.41889e+20
39 42 1.41891e+20
40 42 1.41855e+20
41 42 1.41779e+20
42 42 1.4174e+20
43 42 1.41848e+20
44 42 1.41869e+20
45 42 1.41899e+20
46 42 1.41922e+20
47 42 1.41814e+20
48 42 1.41805e+20
49 42 1.41931e+20
50 42 1.41917e+20
51 42 1.41876e+20
52 42 1.41959e+20
53 42 1.41956e+20
54 42 1.41824e+20
55 42 1.41776e+20
56 42 1.41814e+20
57 42 1.41852e+20
58 42 1.41843e+20
59 42 1.41859e+20
60 42 1.41952e+20
61 42 1.41888e+20
62 42 1.41801e+20
0 43 1.45804e+20
1 43 1.45829e+20
2 43 1.45786e+20
3 43 1.4571e+20
4 43 1.45754e+20
5 43 1.45808e+20
6 43 1.4579e+20
7 43 1.45841e+20
8 43 1.45863e+20
9 43 1.45773e+20
10 43 1.45779e+20
11 43 1.45756e+20
12 43 1.4577e+20
13 43 1.45755e+20
14 43 1.45743e+20
15 43 1.45905e+20
16 43 1.45908e+20
17 43 1.45774e+20
18 43 1.45744e+20
19 43 1.45855e+20
20 43 1.45805e+20
21 43 1.45804e+20
22 43 1.45842e+20
23 43 1.45775e+20
24 43 1.45781e+20
25 43 1.45816e+20
26 43 1.45924e+20
27 43 1.45867e+20
28 43 1.45842e+20
29 43 1.45835e+20
30 43 1.45805e+20
31 43 1.45827e+20
32 43 1.45834e+20
33 43 1.45763e+20
34 43 1.4574e+20
35 43 1.45883e+20
36 43 1.45771e+20
37 43 1.45639e+20
38 43 1.45743e+20
39 43 1.45885e+20
40 43 1.45887e+20
41 43 1.458e+20
42 43 1.45788e+20
43 43 1.45837e+20
44 43 1.45894e+20
45 43 1.45886e+20
46 43 1.45843e+20
47 43 1.45854e+20
48 43 1.45739e+20
49 43 1.45768e+20
50 43 1.45959e+20
51 43 1.45851e+20
52 43 1.45806e+20
53 43 1.45856e+20
54 43 1.45777e+20
55 43 1.45849e+20
56 43 1.45873e+20
57 43 1.45751e+20
58 43 1.45778e+20
59 43 1.45745e+20
60 43 1.45727e+20
61 43 1.45752e+20
62 43 1.45833e+20
0 44 1.49798e+20
1 44 1.49808e+20
2 44 1.49804e+20
3 44 1.49825e+20
4 44 1.49659e+20
5 44 1.49757e+20
6 44 1.49801e+20
7 44 1.49738e+20
8 44 1.49791e+20
9 44 1.49889e+20
10 44 1.49837e+20
11 44 1.49737e+20
12 44 1.49758e+20
13 44 1.49754e+20
14 44 1.4972e+20
15 44 1.49768e+20
16 44 1.49781e+20
17 44 1.49768e+20
18 44 1.49798e+20
19 44 1.49829e+20
20 44 1.49793e+20
21 44 1.49734e+20
22 44 1.4983e+20
23 44 1.4982e+20
24 44 1.49775e+20
25 44 1.49818e+20
26 44 1.4979e+20
27 44 1.49721e+20
28 44 1.49748e+20
29 44 1.49789e+20
30 44 1.49751e+20
31 44 1.49745e+20
32 44 1.49712e+20
33 44 1.49765e+20
34 44 1.49796e+20
35 44 1.49773e+20
36 44 1.49774e+20
37 44 1.49749e+20
38 44 1.49735e+20
39 44 1.49834e+20
40 44 1.49848e+20
41 44 1.49806e+20
42 44 1.49829e+20
43 44 1.49865e+20
44 44 1.49835e+20
45 44 1.4979e+20
46 44 1.49816e+20
47 44 1.49846e+20
48 44 1.49821e+20
49 44 1.49741e+20
50 44 1.49812e+20
51 44 1.4972e+20
52 44 1.49647e+20
53 44 1.49813e+20
54 44 1.49845e+20
55 44 1.49873e+20
56 44 1.49859e+20
57 44 1.49746e+20
58 44 1.49727e+20
59 44 1.49784e+20
60 44 1.498e+20
61 44 1.49732e+20
62 44 1.49762e+20
0 45 1.5391e+20
1 45 1.53901e+20
2 45 1.53859e+20
3 45 1.5387e+20
4 45 1.53817e+20
5 45 1.53865e+20
6 45 1.53932e+20
7 45 1.5388e+20
8 45 1.53856e+20
9 45 1.53918e+20
10 45 1.53945e+20
11 45 1.53911e+20
12 45 1.53913e+20
13 45 1.5395e+20
14 45 1.53936e+20
15 45 1.5381e+20
16 45 1.53806e+20
17 45 1.5395e+20
18 45 1.54e+20
19 45 1.53968e+20
20 45 1.53956e+20
21 45 1.53914e+20
22 45 1.5392e+20
23 45 1.5395e+20
24 45 1.53926e+20
25 45 1.5389e+20
26 45 1.53822e+20
27 45 1.53875e+20
28 45 1.53861e+20
29 45 1.53869e+20
30 45 1.5393e+20
31 45 1.53933e+20
32 45 1.53905e+20
33 45 1.53835e+20
34 45 1.53857e+20
35 45 1.53889e+20
36 45 1.5392e+20
37 45 1.53954e+20
38 45 1.53903e+20
39 45 1.53816e+20
40 45 1.53784e+20
41 45 1.53836e+20
42 45 1.53832e+20
43 45 1.53822e+20
44 45 1.53781e+20
45 45 1.53891e+20
46 45 1.53975e+20
47 45 1.53866e+20
48 45 1.53896e+20
49 45 1.53896e+20
50 45 1.53828e+20
51 45 1.53845e+20
52 45 1.53862e+20
53 45 1.53861e+20
54 45 1.53958e+20
55 45 1.53876e+20
56 45 1.53793e+20
57 45 1.53929e+20
58 45 1.53902e+20
59 45 1.53882e+20
60 45 1.53818e+20
61 45 1.53813e+20
62 45 1.53865e+20
0 46 1.58184e+20
1 46 1.58066e+20
2 46 1.58015e+20
3 46 1.5799e+20
4 46 1.58051e+20
5 46 1.58158e+20
6 46 1.58138e+20
7 46 1.5812e+20
8 46 1.58095e+20
9 46 1.58025e+20
10 46 1.5809e+20
11 46 1.58229e+20
12 46 1.5829e+20
13 46 1.58184e+20
14 46 1.5807e+20
15 46 1.58042e+20
16 46 1.58173e+20
17 46 1.58161e+20
18 46 1.58046e+20
19 46 1.58081e+20
20 46 1.58106e+20
21 46 1.58167e+20
22 46 1.58109e+20
23 46 1.58089e+20
24 46 1.58138e+20
25 46 1.58193e+20
26 46 1.58161e+20
27 46 1.58131e+20
28 46 1.58127e+20
29 46 1.58091e+20
30 46 1.5808e+20
31 46 1.58074e+20
32 46 1.58178e+20
33 46 1.58137e+20
34 46 1.58081e+20
35 46 1.58057e+20
36 46 1.58096e+20
37 46 1.58225e+20
38 46 1.58185e+20
39 46 1.58123e+20
40 46 1.58033e+20
41 46 1.58006e+20
42 46 1.58104e+20
43 46 1.58076e+20
44 46 1.58082e+20
45 46 1.58088e+20
46 46 1.58063e+20
47 46 1.58045e+20
48 46 1.58072e+20
49 46 1.58056e+20
50 46 1.57973e+20
51 46 1.58108e+20
52 46 1.58182e+20
53 46 1.58146e+20
54 46 1.58194e+20
55 46 1.58178e+20
56 46 1.58153e+20
57 46 1.58193e+20
58 46 1.58201e+20
59 46 1.58221e+20
60 46 1.58167e+20
61 46 1.58137e+20
62 46 1.58199e+20
0 47 1.62462e+20
1 47 1.62374e+20
2 47 1.62421e+20
3 47 1.62489e+20
4 47 1.62504e+20
5 47 1.62379e+20
6 47 1.6231e+20
7 47 1.62485e+20
8 47 1.6255e+20
9 47 1.62416e+20
10 47 1.62382e+20
11 47 1.62444e+20
12 47 1.62442e+20
13 47 1.6242e+20
14 47 1.62441e+20
15 47 1.6248e+20
16 47 1.62468e+20
17 47 1.62362e+20
18 47 1.62328e+20
19 47 1.62324e+20
20 47 1.62304e+20
21 47 1.62354e+20
22 47 1.62408e+20
23 47 1.62434e+20
24 47 1.62479e+20
25 47 1.62535e+20
26 47 1.62515e+20
27 47 1.62399e+20
28 47 1.6243e+20
29 47 1.62464e+20
30 47 1.62392e+20
31 47 1.62418e+20
32 47 1.62524e+20
33 47 1.62517e+20
34 47 1.62421e+20
35 47 1.62433e+20
36 47 1.62475e+20
37 47 1.62432e+20
38 47 1.62435e+20
39 47 1.62483e+20
40 47 1.62527e+20
41 47 1.62485e+20
42 47 1.62522e+20
43 47 1.62495e+20
44 47 1.62438e+20
45 47 1.62433e+20
46 47 1.62373e+20
47 47 1.62367e+20
48 47 1.62405e+20
49 47 1.62494e+20
50 47 1.62409e+20
51 47 1.62409e+20
52 47 1.62487e+20
53 47 1.6247e+20
54 47 1.62401e+20
55 47 1.62468e+20
56 47 1.62505e+20
57 47 1.62381e+20
58 47 1.62382e+20
59 47 1.62454e+20
60 47 1.62595e+20
61 47 1.62569e+20
62 47 1.62435e+20
0 48 1.66774e+20
1 48 1.6685e+20
2 48 1.66989e+20
3 48 1.66951e+20
4 48 1.66944e+20
5 48 1.66883e+20
6 48 1.66878e+20
7 48 1.66842e+20
8 48 1.66814e+20
9 48 1.6688e+20
10 48 1.66849e+20
11 48 1.66784e+20
12 48 1.66707e+20
13 48 1.66721e+20
14 48 1.6687e+20
15 48 1.66936e+20
16 48 1.66783e+20
17 48 1.66819e+20
18 48 1.66935e+20
19 48 1.66851e+20
20 48 1.66859e+20
21 48 1.66788e+20
22 48 1.66817e+20
23 48 1.66928e+20
24 48 1.66763e+20
25 48 1.66684e+20
26 48 1.66928e+20
27 48 1.66967e+20
28 48 1.66882e+20
29 48 1.6681e+20
30 48 1.66816e+20
31 48 1.66941e+20
32 48 1.66924e+20
33 48 1.66846e+20
34 48 1.66822e+20
35 48 1.66891e+20
36 48 1.66855e+20
37 48 1.66783e+20
38 48 1.66855e+20
39 48 1.66853e+20
40 48 1.66913e+20
41 48 1.66989e+20
42 48 1.66825e+20
43 48 1.66876e+20
44 48 1.66898e+20
45 48 1.66846e+20
46 48 1.66936e+20
47 48 1.66908e+20
48 48 1.669e+20
49 48 1.66974e+20
50 48 1.66945e+20
51 48 1.66892e+20
52 48 1.66915e+20
53 48 1.6685e+20
54 48 1.66797e+20
55 48 1.66879e+20
56 48 1.66926e+20
57 48 1.66835e+20
58 48 1.6672e+20
59 48 1.6671e+20
60 48 1.66816e+20
61 48 1.66863e+20
62 48 1.66819e+20
0 49 1.71371e+20
1 49 1.71465e+20
2 49 1.71451e+20
3 49 1.71376e+20
4 49 1.71381e+20
5 49 1.71454e+20
6 49 1.7151e+20
7 49 1.7138e+20
8 49 1.71247e+20
9 49 1.71343e+20
10 49 1.71385e+20
11 49 1.71355e+20
12 49 1.71367e+20
13 49 1.71422e+20
14 49 1.71439e+20
15 49 1.71423e+20
16 49 1.71428e+20
17 49 1.71456e+20
18 49 1.7144e+20
19 49 1.71461e+20
20 49 1.7144e+20
21 49 1.7143e+20
22 49 1.71463e+20
23 49 1.71391e+20
24 49 1.71313e+20
25 49 1.71365e+20
26 49 1.71374e+20
27 49 1.71343e+20
28 49 1.7136e+20
29 49 1.71358e+20
30 49 1.71432e+20
31 49 1.71379e+20
32 49 1.71387e+20
33 49 1.71388e+20
34 49 1.71319e+20
35 49 1.71287e+20
36 49 1.71339e+20
37 49 1.71456e+20
38 49 1.71448e+20
39 49 1.71299e+20
40 49 1.71282e+20
41 49 1.71422e+20
42 49 1.71344e+20
43 49 1.71388e+20
44 49 1.71491e+20
45 49 1.71316e+20
46 49 1.71325e+20
47 49 1.7149e+20
48 49 1.71425e+20
49 49 1.71252e+20
50 49 1.71367e+20
51 49 1.7138e+20
52 49 1.71299e+20
53 49 1.71353e+20
54 49 1.7139e+20
55 49 1.71414e+20
56 49 1.71397e+20
57 49 1.71438e+20
58 49 1.71429e+20
59 49 1.71368e+20
60 49 1.71321e+20
61 49 1.7132e+20
62 49 1.71294e+20
0 50 1.76169e+20
1 50 1.761e+20
2 50 1.76064e+20
3 50 1.76044e+20
4 50 1.76056e+20
5 50 1.76023e+20
6 50 1.76058e+20
7 50 1.76109e+20
8 50 1.76043e+20
9 50 1.76091e+20
10 50 1.76121e+20
11 50 1.7608e+20
12 50 1.7605e+20
13 50 1.76134e+20
14 50 1.76149e+20
15 50 1.76e+20
16 50 1.76021e+20
17 50 1.76082e+20
18 50 1.76034e+20
19 50 1.76062e+20
20 50 1.76075e+20
21 50 1.76089e+20
22 50 1.76101e+20
23 50 1.7609e+20
24 50 1.7617e+20
25 50 1.76121e+20
26 50 1.75959e+20
27 50 1.75956e+20
28 50 1.76031e+20
29 50 1.76109e+20
30 50 1.76105e+20
31 50 1.76e+20
32 50 1.75972e+20
33 50 1.76005e+20
34 50 1.76015e+20
35 50 1.76096e+20
36 50 1.76124e+20
37 50 1.7601e+20
38 50 1.75962e+20
39 50 1.76095e+20
40 50 1.76164e+20
41 50 1.76057e+20
42 50 1.75968e+20
43 50 1.75883e+20
44 50 1.75972e+20
45 50 1.76004e+20
46 50 1.75926e+20
47 50 1.75949e+20
48 50 1.75989e+20
49 50 1.75997e+20
50 50 1.7603e+20
51 50 1.75987e+20
52 50 1.75964e+20
53 50 1.76027e+20
54 50 1.76094e+20
55 50 1.76034e+20
56 50 1.75913e+20
57 50 1.76023e+20
58 50 1.76075e+20
59 50 1.76024e+20
60 50 1.76041e+20
61 50 1.76111e+20
62 50 1.76089e+20
0 51 1.80853e+20
1 51 1.80745e+20
2 51 1.80718e+20
3 51 1.80761e+20
4 51 1.80806e+20
5 51 1.80946e+20
6 51 1.80873e+20
7 51 1.80749e+20
8 51 1.8082e+20
9 51 1.80812e+20
10 51 1.80828e+20
11 51 1.80851e+20
12 51 1.80757e+20
13 51 1.80781e+20
14 51 1.80864e+20
15 51 1.80829e+20
16 51 1.80815e+20
17 51 1.80794e+20
18 51 1.8084e+20
19 51 1.80893e+20
20 51 1.80943e+20
21 51 1.80864e+20
22 51 1.80749e+20
23 51 1.80769e+20
24 51 1.80821e+20
25 51 1.80764e+20
26 51 1.80765e+20
27 51 1.80864e+20
28 51 1.80931e+20
29 51 1.80914e+20
30 51 1.80758e+20
31 51 1.80823e+20
32 51 1.80794e+20
33 51 1.80787e+20
34 51 1.8088e+20
35 51 1.80804e+20
36 51 1.80705e+20
37 51 1.80795e+20
38 51 1.80909e+20
39 51 1.80943e+20
40 51 1.80879e+20
41 51 1.80751e+20
42 51 1.80738e+20
43 51 1.80724e+20
44 51 1.80788e+20
45 51 1.80823e+20
46 51 1.80804e+20
47 51 1.80753e+20
48 51 1.80761e+20
49 51 1.80862e+20
50 51 1.80835e+20
51 51 1.8096e+20
52 51 1.80965e+20
53 51 1.80844e+20
54 51 1.80814e+20
55 51 1.80749e+20
56 51 1.80738e+20
57 51 1.80703e+20
58 51 1.80841e+20
59 51 1.809e+20
60 51 1.80875e+20
61 51 1.80849e+20
62 51 1.8084e+20
0 52 1.85716e+20
1 52 1.85648e+20
2 52 1.85649e+20
3 52 1.85798e+20
4 52 1.85737e+20
5 52 1.8573e+20
6 52 1.85705e+20
7 52 1.85662e+20
8 52 1.85717e+20
9 52 1.85594e+20
10 52 1.85643e+20
11 52 1.85689e+20
12 52 1.85722e+20
13 52 1.85687e+20
14 52 1.85638e+20
15 52 1.85722e+20
16 52 1.85769e+20
17 52 1.85683e+20
18 52 1.85599e+20
19 52 1.85693e+20
20 52 1.8578e+20
21 52 1.8566e+20
22 52 1.85566e+20
23 52 1.85608e+20
24 52 1.85777e+20
25 52 1.85889e+20
26 52 1.85747e+20
27 52 1.85715e+20
28 52 1.85802e+20
29 52 1.8577e+20
30 52 1.85632e+20
31 52 1.85679e+20
32 52 1.85741e+20
33 52 1.85743e+20
34 52 1.85772e+20
35 52 1.8576e+20
36 52 1.85698e+20
37 52 1.85711e+20
38 52 1.85809e+20
39 52 1.85663e+20
40 52 1.85587e+20
41 52 1.85653e+20
42 52 1.85794e+20
43 52 1.85859e+20
44 52 1.85731e+20
45 52 1.85745e+20
46 52 1.85762e+20
47 52 1.85748e+20
48 52 1.85691e+20
49 52 1.85618e+20
50 52 1.85649e+20
51 52 1.85825e+20
52 52 1.85713e+20
53 52 1.85586e+20
54 52 1.85684e+20
55 52 1.85715e+20
56 52 1.85765e+20
57 52 1.85718e+20
58 52 1.85771e+20
59 52 1.85807e+20
60 52 1.85721e+20
61 52 1.85708e+20
62 52 1.85757e+20
0 53 1.90512e+20
1 53 1.90692e+20
2 53 1.90826e+20
3 53 1.9082e+20
4 53 1.90831e+20
5 53 1.90628e+20
6 53 1.90708e+20
7 53 1.90696e+20
8 53 1.90601e+20
9 53 1.90734e+20
10 53 1.90659e+20
11 53 1.90634e+20
12 53 1.9072e+20
13 53 1.90641e+20
14 53 1.90566e+20
15 53 1.90581e+20
16 53 1.90604e+20
17 53 1.90715e+20
18 53 1.90708e+20
19 53 1.90695e+20
20 53 1.90639e+20
21 53 1.90618e+20
22 53 1.90688e+20
23 53 1.90704e+20
24 53 1.90695e+20
25 53 1.9072e+20
26 53 1.9068e+20
27 53 1.90615e+20
28 53 1.90629e+20
29 53 1.90647e+20
30 53 1.90759e+20
31 53 1.90714e+20
32 53 1.90629e+20
33 53 1.90594e+20
34 53 1.90564e+20
35 53 1.90749e+20
36 53 1.90838e+20
37 53 1.90762e+20
38 53 1.90623e+20
39 53 1.90592e+20
40 53 1.90717e+20
41 53 1.90739e+20
42 53 1.90765e+20
43 53 1.90748e+20
44 53 1.90629e+20
45 53 1.90773e+20
46 53 1.90751e+20
47 53 1.90619e+20
48 53 1.90838e+20
49 53 1.90837e+20
50 53 1.90759e+20
51 53 1.90672e+20
52 53 1.90598e+20
53 53 1.90701e+20
54 53 1.90744e+20
55 53 1.9076e+20
56 53 1.9081e+20
57 53 1.90796e+20
58 53 1.90758e+20
59 53 1.90778e+20
60 53 1.90735e+20
61 53 1.90799e+20
62 53 1.90833e+20
0 54 1.95746e+20
1 54 1.95839e+20
2 54 1.95892e+20
3 54 1.95811e+20
4 54 1.95778e+20
5 54 1.95711e+20
6 54 1.95803e+20
7 54 1.9582e+20
8 54 1.95694e+20
9 54 1.95846e+20
10 54 1.95923e+20
11 54 1.9584e+20
12 54 1.9582e+20
13 54 1.95785e+20
14 54 1.95821e+20
15 54 1.9578e+20
16 54 1.95755e+20
17 54 1.95793e+20
18 54 1.95774e+20
19 54 1.95828e+20
20 54 1.95762e+20
21 54 1.95838e+20
22 54 1.95836e+20
23 54 1.95692e+20
24 54 1.95699e+20
25 54 1.95743e+20
26 54 1.95788e+20
27 54 1.95787e+20
28 54 1.95797e+20
29 54 1.95823e+20
30 54 1.95879e+20
31 54 1.95827e+20
32 54 1.95756e+20
33 54 1.95872e+20
34 54 1.95929e+20
35 54 1.95773e+20
36 54 1.95755e+20
37 54 1.95904e+20
38 54 1.95815e+20
39 54 1.95676e+20
40 54 1.95702e+20
41 54 1.9583e+20
42 54 1.95836e+20
43 54 1.95803e+20
44 54 1.95828e+20
45 54 1.95735e+20
46 54 1.95711e+20
47 54 1.9581e+20
48 54 1.95885e+20
49 54 1.9594e+20
50 54 1.95869e+20
51 54 1.95728e+20
52 54 1.95799e+20
53 54 1.9583e+20
54 54 1.95694e+20
55 54 1.9572e+20
56 54 1.958e+20
57 54 1.95785e+20
58 54 1.95827e+20
59 54 1.95866e+20
60 54 1.95819e+20
61 54 1.95817e+20
62 54 1.95789e+20
0 55 2.01256e+20
1 55 2.01133e+20
2 55 2.01033e+20
3 55 2.01041e+20
4 55 2.00998e+20
5 55 2.01163e+20
6 55 2.01123e+20
7 55 2.01078e+20
8 55 2.01139e+20
9 55 2.01112e+20
10 55 2.01119e+20
11 55 2.01076e+20
12 55 2.01105e+20
13 55 2.01132e+20
14 55 2.01153e+20
15 55 2.01173e+20
16 55 2.01126e+20
17 55 2.01114e+20
18 55 2.01098e+20
19 55 2.0091e+20
20 55 2.00999e+20
21 55 2.01162e+20
22 55 2.01193e+20
23 55 2.01212e+20
24 55 2.01117e+20
25 55 2.01125e+20
26 55 2.01176e+20
27 55 2.01178e+20
28 55 2.01166e+20
29 55 2.01083e+20
30 55 2.00979e+20
31 55 2.01055e+20
32 55 2.01185e+20
33 55 2.01273e+20
34 55 2.01303e+20
35 55 2.01141e+20
36 55 2.01037e+20
37 55 2.00948e+20
38 55 2.00985e+20
39 55 2.01108e+20
40 55 2.01099e+20
41 55 2.0103e+20
42 55 2.00998e+20
43 55 2.01126e+20
44 55 2.01125e+20
45 55 2.0103e+20
46 55 2.01133e+20
47 55 2.01111e+20
48 55 2.00922e+20
49 55 2.00972e+20
50 55 2.0095e+20
51 55 2.0107e+20
52 55 2.0112e+20
53 55 2.00952e+20
54 55 2.01029e+20
55 55 2.01082e+20
56 55 2.01064e+20
57 55 2.01089e+20
58 55 2.01035e+20
59 55 2.01011e+20
60 55 2.00968e+20
61 55 2.00878e+20
62 55 2.00982e+20
0 56 2.06511e+20
1 56 2.06439e+20
2 56 2.06412e+20
3 56 2.06444e+20
4 56 2.06564e+20
5 56 2.06672e+20
6 56 2.06511e+20
7 56 2.06448e+20
8 56 2.06531e+20
9 56 2.06441e+20
10 56 2.06347e+20
11 56 2.06452e+20
12 56 2.06599e+20
13 56 2.0657e+20
14 56 2.06486e+20
15 56 2.06506e+20
16 56 2.0645e+20
17 56 2.06474e+20
18 56 2.06562e+20
19 56 2.06418e+20
20 56 2.06345e+20
21 56 2.06442e+20
22 56 2.06676e+20
23 56 2.06728e+20
24 56 2.06592e+20
25 56 2.06542e+20
26 56 2.06489e+20
27 56 2.06438e+20
28 56 2.06358e+20
29 56 2.06345e+20
30 56 2.0643e+20
31 56 2.06411e+20
32 56 2.06497e+20
33 56 2.06532e+20
34 56 2.06441e+20
35 56 2.06502e+20
36 56 2.06536e+20
37 56 2.06533e+20
38 56 2.06552e+20
39 56 2.06401e+20
40 56 2.06461e+20
41 56 2.06526e+20
42 56 2.06474e+20
43 56 2.06519e+20
44 56 2.06466e+20
45 56 2.06473e+20
46 56 2.06482e+20
47 56 2.06452e+20
48 56 2.06479e+20
49 56 2.06438e+20
50 56 2.06391e+20
51 56 2.06527e+20
52 56 2.06547e+20
53 56 2.06518e+20
54 56 2.06558e+20
55 56 2.06502e+20
56 56 2.06519e+20
57 56 2.06542e+20
58 56 2.06464e+20
59 56 2.06424e+20
60 56 2.06532e+20
61 56 2.06431e+20
62 56 2.06374e+20
0 57 2.11827e+20
1 57 2.11906e+20
2 57 2.11924e+20
3 57 2.12017e+20
4 57 2.12032e+20
5 57 2.11901e+20
6 57 2.11905e+20
7 57 2.12043e+20
8 57 2.1202e+20
9 57 2.11941e+20
10 57 2.11984e+20
11 57 2.12058e+20
12 57 2.12062e+20
13 57 2.12119e+20
14 57 2.11989e+20
15 57 2.11924e+20
16 57 2.11969e+20
17 57 2.11839e+20
18 57 2.11973e+20
19 57 2.12102e+20
20 57 2.11982e+20
21 57 2.11942e+20
22 57 2.11814e+20
23 57 2.11789e+20
24 57 2.11934e+20
25 57 2.11833e+20
26 57 2.11923e+20
27 57 2.12035e+20
28 57 2.11897e+20
29 57 2.11982e+20
30 57 2.11968e+20
31 57 2.11901e+20
32 57 2.11968e+20
33 57 2.11921e+20
34 57 2.11924e+20
35 57 2.11901e+20
36 57 2.1196e+20
37 57 2.12125e+20
38 57 2.12046e+20
39 57 2.11988e+20
40 57 2.12004e+20
41 57 2.11907e+20
42 57 2.11955e+20
43 57 2.11992e+20
44 57 2.12007e+20
45 57 2.12009e+20
46 57 2.11926e+20
47 57 2.11975e+20
48 57 2.12026e+20
49 57 2.1197e+20
50 57 2.12044e+20
51 57 2.12001e+20
52 57 2.12029e+20
53 57 2.12117e+20
54 57 2.12065e+20
55 57 2.12013e+20
56 57 2.11988e+20
57 57 2.11977e+20
58 57 2.11914e+20
59 57 2.11863e+20
60 57 2.12048e+20
61 57 2.12227e+20
62 57 2.11883e+20
0 58 2.1759e+20
1 58 2.17659e+20
2 58 2.17572e+20
3 58 2.17516e+20
4 58 2.17543e+20
5 58 2.17528e+20
6 58 2.17639e+20
7 58 2.17596e+20
8 58 2.17588e+20
9 58 2.1763e+20
10 58 2.17624e+20
11 58 2.17623e+20
12 58 2.1748e+20
13 58 2.17557e+20
14 58 2.17579e+20
15 58 2.17517e+20
16 58 2.17654e+20
17 58 2.1779e+20
18 58 2.17638e+20
19 58 2.1766e+20
20 58 2.17722e+20
21 58 2.17599e+20
22 58 2.17506e+20
23 58 2.17642e+20
24 58 2.17594e+20
25 58 2.17424e+20
26 58 2.17607e+20
27 58 2.17771e+20
28 58 2.17806e+20
29 58 2.17699e+20
30 58 2.1774e+20
31 58 2.17785e+20
32 58 2.17621e+20
33 58 2.17554e+20
34 58 2.17568e+20
35 58 2.17531e+20
36 58 2.17585e+20
37 58 2.17641e+20
38 58 2.17609e+20
39 58 2.17767e+20
40 58 2.17749e+20
41 58 2.17585e+20
42 58 2.17641e+20
43 58 2.17618e+20
44 58 2.17647e+20
45 58 2.17716e+20
46 58 2.17679e+20
47 58 2.17541e+20
48 58 2.17564e+20
49 58 2.17721e+20
50 58 2.17763e+20
51 58 2.17716e+20
52 58 2.17668e+20
53 58 2.1751e+20
54 58 2.17574e+20
55 58 2.17756e+20
56 58 2.17583e+20
57 58 2.17592e+20
58 58 2.17686e+20
59 58 2.17626e+20
60 58 2.17526e+20
61 58 2.17593e+20
62 58 2.17618e+20
0 59 2.23459e+20
1 59 2.23513e+20
2 59 2.23609e+20
3 59 2.23449e+20
4 59 2.23325e+20
5 59 2.23331e+20
6 59 2.2341e+20
7 59 2.23346e+20
8 59 2.23386e+20
9 59 2.23424e+20
10 59 2.23447e+20
11 59 2.23453e+20
12 59 2.23397e+20
13 59 2.23385e+20
14 59 2.23459e+20
15 59 2.23442e+20
16 59 2.2344e+20
17 59 2.23533e+20
18 59 2.23478e+20
19 59 2.23478e+20
20 59 2.23512e+20
21 59 2.23452e+20
22 59 2.23489e+20
23 59 2.23564e+20
24 59 2.23474e+20
25 59 2.23508e+20
26 59 2.23392e+20
27 59 2.2327e+20
28 59 2.23473e+20
29 59 2.23448e+20
30 59 2.23501e+20
31 59 2.23514e+20
32 59 2.23439e+20
33 59 2.23468e+20
34 59 2.23415e+20
35 59 2.23514e+20
36 59 2.23487e+20
37 59 2.23527e+20
38 59 2.2359e+20
39 59 2.23401e+20
40 59 2.23374e+20
41 59 2.23519e+20
42 59 2.23464e+20
43 59 2.23394e+20
44 59 2.23437e+20
45 59 2.23359e+20
46 59 2.23308e+20
47 59 2.2341e+20
48 59 2.23468e+20
49 59 2.23428e+20
50 59 2.23383e+20
51 59 2.2346e+20
52 59 2.23375e+20
53 59 2.23299e+20
54 59 2.23379e+20
55 59 2.23456e+20
56 59 2.23401e+20
57 59 2.23402e+20
58 59 2.23488e+20
59 59 2.23481e+20
60 59 2.23411e+20
61 59 2.23203e+20
62 59 2.23372e+20
0 60 2.29407e+20
1 60 2.29481e+20
2 60 2.29325e+20
3 60 2.29333e+20
4 60 2.29457e+20
5 60 2.29444e+20
6 60 2.29359e+20
7 60 2.29374e+20
8 60 2.29417e+20
9 60 2.29387e+20
10 60 2.2939e+20
11 60 2.29411e+20
12 60 2.29404e+20
13 60 2.29374e+20
14 60 2.29442e+20
15 60 2.29432e+20
16 60 2.29262e+20
17 60 2.29122e+20
18 60 2.29332e+20
19 60 2.29412e+20
20 60 2.29332e+20
21 60 2.29341e+20
22 60 2.29355e+20
23 60 2.29304e+20
24 60 2.29323e+20
25 60 2.29435e+20
26 60 2.29384e+20
27 60 2.29374e+20
28 60 2.29314e+20
29 60 2.29272e+20
30 60 2.29188e+20
31 60 2.29235e+20
32 60 2.29407e+20
33 60 2.29423e+20
34 60 2.29447e+20
35 60 2.2948e+20
36 60 2.29434e+20
37 60 2.2944e+20
38 60 2.29411e+20
39 60 2.2934e+20
40 60 2.2928e+20
41 60 2.29241e+20
42 60 2.29281e+20
43 60 2.29386e+20
44 60 2.29379e+20
45 60 2.29295e+20
46 60 2.29335e+20
47 60 2.29475e+20
48 60 2.29316e+20
49 60 2.29198e+20
50 60 2.2933e+20
51 60 2.2932e+20
52 60 2.29396e+20
53 60 2.29497e+20
54 60 2.29363e+20
55 60 2.29284e+20
56 60 2.29403e+20
57 60 2.2941e+20
58 60 2.29366e+20
59 60 2.29343e+20
60 60 2.2941e+20
61 60 2.2945e+20
62 60 2.29426e+20
0 61 2.35295e+20
1 61 2.35409e+20
2 61 2.35224e+20
3 61 2.35247e+20
4 61 2.35394e+20
5 61 2.3541e+20
6 61 2.35449e+20
7 61 2.35472e+20
8 61 2.35398e+20
9 61 2.35496e+20
10 61 2.35522e+20
11 61 2.35424e+20
12 61 2.35434e+20
13 61 2.35444e+20
14 61 2.35428e+20
15 61 2.35452e+20
16 61 2.35476e+20
17 61 2.35375e+20
18 61 2.35302e+20
19 61 2.35442e+20
20 61 2.35485e+20
21 61 2.3546e+20
22 61 2.35538e+20
23 61 2.35518e+20
24 61 2.35553e+20
25 61 2.35522e+20
26 61 2.35483e+20
27 61 2.35571e+20
28 61 2.35475e+20
29 61 2.35293e+20
30 61 2.35397e+20
31 61 2.35567e+20
32 61 2.35433e+20
33 61 2.35414e+20
34 61 2.35528e+20
35 61 2.35397e+20
36 61 2.3546e+20
37 61 2.35367e+20
38 61 2.35304e+20
39 61 2.35528e+20
40 61 2.35434e+20
41 61 2.35385e+20
42 61 2.35411e+20
43 61 2.35384e+20
44 61 2.35415e+20
45 61 2.35447e+20
46 61 2.35509e+20
47 61 2.35414e+20
48 61 2.35324e+20
49 61 2.35449e+20
50 61 2.35534e+20
51 61 2.35358e+20
52 61 2.35258e+20
53 61 2.35243e+20
54 61 2.35316e+20
55 61 2.35366e+20
56 61 2.35435e+20
57 61 2.35445e+20
58 61 2.35285e+20
59 61 2.35327e+20
60 61 2.35373e+20
61 61 2.3541e+20
62 61 2.35505e+20
0 62 2.41554e+20
1 62 2.4159e+20
2 62 2.41685e+20
3 62 2.41674e+20
4 62 2.41623e+20
5 62 2.41565e+20
6 62 2.41564e+20
7 62 2.41643e+20
8 62 2.41676e+20
9 62 2.41768e+20
10 62 2.41725e+20
11 62 2.41591e+20
12 62 2.41575e+20
13 62 2.41698e+20
14 62 2.41644e+20
15 62 2.41647e+20
16 62 2.41849e+20
17 62 2.41836e+20
18 62 2.41606e+20
19 62 2.41637e+20
20 62 2.41697e+20
21 62 2.41703e+20
22 62 2.41806e+20
23 62 2.41692e+20
24 62 2.41673e+20
25 62 2.41767e+20
26 62 2.41697e+20
27 62 2.41665e+20
28 62 2.41678e+20
29 62 2.41622e+20
30 62 2.41731e+20
31 62 2.41665e+20
32 62 2.41554e+20
33 62 2.41558e+20
34 62 2.41638e+20
35 62 2.41587e+20
36 62 2.41603e+20
37 62 2.41605e+20
38 62 2.41488e+20
39 62 2.41607e+20
40 62 2.41754e+20
41 62 2.41721e+20
42 62 2.41779e+20
43 62 2.41771e+20
44 62 2.41734e+20
45 62 2.41711e+20
46 62 2.41544e+20
47 62 2.41707e+20
48 62 2.41862e+20
49 62 2.41747e+20
50 62 2.41642e+20
51 62 2.41608e+20
52 62 2.41507e+20
53 62 2.41516e+20
54 62 2.41714e+20
55 62 2.41685e+20
56 62 2.41578e+20
57 62 2.41492e+20
58 62 2.41544e+20
59 62 2.41656e+20
60 62 2.416e+20
61 62 2.41644e+20
62 62 2.41577e+20
0 63 2.482e+20
1 63 2.47993e+20
2 63 2.48059e+20
3 63 2.48e+20
4 63 2.47911e+20
5 63 2.47962e+20
6 63 2.47931e+20
7 63 2.47904e+20
8 63 2.4803e+20
9 63 2.48043e+20
10 63 2.4798e+20
11 63 2.47936e+20
12 63 2.48013e+20
13 63 2.48034e+20
14 63 2.47925e+20
15 63 2.47957e+20
16 63 2.48022e+20
17 63 2.48051e+20
18 63 2.48023e+20
19 63 2.47925e+20
20 63 2.47893e+20
21 63 2.47999e+20
22 63 2.47988e+20
23 63 2.47839e+20
24 63 2.4786e+20
25 63 2.4806e+20
26 63 2.48096e+20
27 63 2.48004e+20
28 63 2.48059e+20
29 63 2.48206e+20
30 63 2.48115e+20
31 63 2.47867e+20
32 63 2.47787e+20
33 63 2.47875e+20
34 63 2.47928e+20
35 63 2.48014e+20
36 63 2.48109e+20
37 63 2.48116e+20
38 63 2.4804e+20
39 63 2.47871e+20
40 63 2.47844e+20
41 63 2.48048e+20
42 63 2.48123e+20
43 63 2.48031e+20
44 63 2.47977e+20
45 63 2.47895e+20
46 63 2.47895e+20
47 63 2.48071e+20
48 63 2.48188e+20
49 63 2.48075e+20
50 63 2.47853e+20
51 63 2.4798e+20
52 63 2.48233e+20
53 63 2.48133e+20
54 63 2.48108e+20
55 63 2.48139e+20
56 63 2.48031e+20
57 63 2.4793e+20
58 63 2.48065e+20
59 63 2.48143e+20
60 63 2.48059e+20
61 63 2.48142e+20
62 63 2.48176e+20
0 64 2.54606e+20
1 64 2.54542e+20
2 64 2.54558e+20
3 64 2.54584e+20
4 64 2.54559e+20
5 64 2.54549e+20
6 64 2.54601e+20
7 64 2.54475e+20
8 64 2.54364e+20
9 64 2.54428e+20
10 64 2.54467e+20
11 64 2.54614e+20
12 64 2.54717e+20
13 64 2.54566e+20
14 64 2.54418e+20
15 64 2.54392e+20
16 64 2.54368e+20
17 64 2.54556e+20
18 64 2.54681e+20
19 64 2.54534e+20
20 64 2.54563e+20
21 64 2.5451e+20
22 64 2.54411e+20
23 64 2.54507e+20
24 64 2.54531e+20
25 64 2.54414e+20
26 64 2.54445e+20
27 64 2.54444e+20
28 64 2.544e+20
29 64 2.54633e+20
30 64 2.54692e+20
31 64 2.54571e+20
32 64 2.54539e+20
33 64 2.5467e+20
34 64 2.54511e+20
35 64 2.54539e+20
36 64 2.54644e+20
37 64 2.5442e+20
38 64 2.54496e+20
39 64 2.54601e+20
40 64 2.54548e+20
41 64 2.54579e+20
42 64 2.54495e+20
43 64 2.54461e+20
44 64 2.54448e+20
45 64 2.54454e+20
46 64 2.5453e+20
47 64 2.54343e+20
48 64 2.54224e+20
49 64 2.5441e+20
50 64 2.54642e+20
51 64 2.54588e+20
52 64 2.54529e+20
53 64 2.54637e+20
54 64 2.54482e+20
55 64 2.54459e+20
56 64 2.54621e+20
57 64 2.54632e+20
58 64 2.54549e+20
59 64 2.54564e+20
60 64 2.54548e+20
61 64 2.54423e+20
62 64 2.54588e+20
0 65 2.61301e+20
1 65 2.61294e+20
2 65 2.61191e+20
3 65 2.61349e+20
4 65 2.61553e+20
5 65 2.61455e+20
6 65 2.61252e+20
7 65 2.61348e+20
8 65 2.61335e+20
9 65 2.61187e+20
10 65 2.61203e+20
11 65 2.61445e+20
12 65 2.61458e+20
13 65 2.61215e+20
14 65 2.61241e+20
15 65 2.61101e+20
16 65 2.60994e+20
17 65 2.61241e+20
18 65 2.61334e+20
19 65 2.6126e+20
20 65 2.61219e+20
21 65 2.61166e+20
22 65 2.61114e+20
23 65 2.61156e+20
24 65 2.61257e+20
25 65 2.6106e+20
26 65 2.61054e+20
27 65 2.61233e+20
28 65 2.6121e+20
29 65 2.61273e+20
30 65 2.61268e+20
31 65 2.61193e+20
32 65 2.61416e+20
33 65 2.61407e+20
34 65 2.61128e+20
35 65 2.61177e+20
36 65 2.61135e+20
37 65 2.61088e+20
38 65 2.6132e+20
39 65 2.61386e+20
40 65 2.61303e+20
41 65 2.61248e+20
42 65 2.61266e+20
43 65 2.61366e+20
44 65 2.61349e+20
45 65 2.61381e+20
46 65 2.61344e+20
47 65 2.61307e+20
48 65 2.61157e+20
49 65 2.61107e+20
50 65 2.6134e+20
51 65 2.61329e+20
52 65 2.612e+20
53 65 2.61279e+20
54 65 2.61242e+20
55 65 2.61134e+20
56 65 2.61208e+20
57 65 2.61295e+20
58 65 2.61297e+20
59 65 2.61245e+20
60 65 2.61353e+20
61 65 2.61399e+20
62 65 2.61145e+20
0 66 2.66468e+20
1 66 2.54295e+20
2 66 2.24952e+20
3 66 2.16096e+20
4 66 2.15467e+20
5 66 2.06954e+20
6 66 2.38607e+20
7 66 2.23147e+20
8 66 1.6619e+20
9 66 1.64504e+20
10 66 1.7387e+20
11 66 1.85892e+20
12 66 1.87567e+20
13 66 1.67501e+20
14 66 1.60291e+20
15 66 1.77494e+20
16 66 1.85057e+20
17 66 1.91516e+20
18 66 2.16788e+20
19 66 2.24843e+20
20 66 2.46012e+20
21 66 2.69934e+20
22 66 2.69653e+20
23 66 2.69721e+20
24 66 2.70084e+20
25 66 2.70522e+20
26 66 2.71675e+20
27 66 2.72131e+20
28 66 2.71459e+20
29 66 2.70509e+20
30 66 2.70106e+20
31 66 2.70727e+20
32 66 2.71108e+20
33 66 2.71067e+20
34 66 2.71508e+20
35 66 2.709e+20
36 66 2.70227e+20
37 66 2.71746e+20
38 66 2.71666e+20
39 66 2.70344e+20
40 66 2.70319e+20
41 66 2.70118e+20
42 66 2.7073e+20
43 66 2.71063e+20
44 66 2.70935e+20
45 66 2.71136e+20
46 66 2.70429e+20
47 66 2.69837e+20
48 66 2.70349e+20
49 66 2.70358e+20
50 66 2.70232e+20
51 66 2.70613e+20
52 66 2.70802e+20
53 66 2.71394e+20
54 66 2.71373e+20
55 66 2.70935e+20
56 66 2.70088e+20
57 66 2.69627e+20
58 66 2.69951e+20
59 66 2.7024e+20
60 66 2.70353e+20
61 66 2.71244e+20
62 66 2.76342e+20
0 67 1.35049e+20
1 67 1.22828e+20
2 67 9.34811e+19
3 67 8.45385e+19
4 67 8.39291e+19
5 67 7.55148e+19
6 67 1.07419e+20
7 67 9.17842e+19
8 67 3.45097e+19
9 67 3.29253e+19
10 67 4.23348e+19
11 67 5.42521e+19
12 67 5.59292e+19
13 67 3.60597e+19
14 67 2.8708e+19
15 67 4.58471e+19
16 67 5.35871e+19
17 67 6.01645e+19
18 67 8.57224e+19
19 67 9.71171e+19
20 67 2.48979e+20
21 67 4.34496e+20
22 67 4.41108e+20
23 67 4.15721e+20
24 67 4.43039e+20
25 67 4.8269e+20
26 67 6.17692e+20
27 67 6.67994e+20
28 67 5.30526e+20
29 67 5.26655e+20
30 67 5.33129e+20
31 67 5.25557e+20
32 67 5.48934e+20
33 67 5.41538e+20
34 67 4.69612e+20
35 67 4.14871e+20
36 67 4.43199e+20
37 67 4.90953e+20
38 67 4.99696e+20
39 67 4.84725e+20
40 67 5.79734e+20
41 67 5.48753e+20
42 67 4.97438e+20
43 67 5.08594e+20
44 67 4.7912e+20
45 67 5.10509e+20
46 67 4.90838e+20
47 67 4.57957e+20
48 67 4.92843e+20
49 67 6.14136e+20
50 67 6.03344e+20
51 67 5.23219e+20
52 67 5.15204e+20
53 67 4.43527e+20
54 67 4.78885e+20
55 67 5.37574e+20
56 67 5.8333e+20
57 67 5.55446e+20
58 67 4.48942e+20
59 67 5.02761e+20
60 67 6.11759e+20
61 67 6.95523e+20
62 67 7.96011e+20
0 68 1.44036e+18
1 68 1.33286e+18
2 68 1.2742e+18
3 68 1.24851e+18
4 68 1.3064e+18
5 68 1.41884e+18
6 68 1.56961e+18
7 68 1.56567e+18
8 68 1.33941e+18
9 68 1.26833e+18
10 68 1.29679e+18
11 68 1.27147e+18
12 68 1.28815e+18
13 68 1.35438e+18
14 68 1.29741e+18
15 68 1.17552e+18
16 68 1.24225e+18
17 68 1.41872e+18
18 68 2.32855e+18
19 68 3.45151e+19
20 68 2.66433e+21
21 68 5.29687e+21
22 68 5.30369e+21
23 68 5.27813e+21
24 68 5.30524e+21
25 68 5.34442e+21
26 68 5.47826e+21
27 68 5.52822e+21
28 68 5.39152e+21
29 68 5.3886e+21
30 68 5.39533e+21
31 68 5.38712e+21
32 68 5.41022e+21
33 68 5.40274e+21
34 68 5.3303e+21
35 68 5.27626e+21
36 68 5.30521e+21
37 68 5.35154e+21
38 68 5.36053e+21
39 68 5.34678e+21
40 68 5.44159e+21
41 68 5.41092e+21
42 68 5.35903e+21
43 68 5.36982e+21
44 68 5.34057e+21
45 68 5.37173e+21
46 68 5.35281e+21
47 68 5.32063e+21
48 68 5.35497e+21
49 68 5.47612e+21
50 68 5.46531e+21
51 68 5.3849e+21
52 68 5.37681e+21
53 68 5.3044e+21
54 68 5.33989e+21
55 68 5.39902e+21
56 68 5.4455e+21
57 68 5.41813e+21
58 68 5.31133e+21
59 68 5.36484e+21
60 68 5.47387e+21
61 68 5.55687e+21
62 68 5.65197e+21
0 69 1e+18
1 69 1e+18
2 69 1e+18
3 69 1e+18
4 69 1e+18
5 69 1e+18
6 69 1e+18
7 69 1e+18
8 69 1e+18
9 69 1e+18
10 69 1e+18
11 69 1e+18
12 69 1e+18
13 69 1e+18
14 69 1e+18
15 69 1e+18
16 69 1.02285e+18
17 69 1.74284e+18
18 69 3.47936e+19
19 69 2.56271e+21
20 69 7.52914e+21
21 69 1e+22
22 69 1e+22
23 69 1e+22
24 69 1e+22
25 69 1e+22
26 69 1e+22
27 69 1e+22
28 69 1e+22
29 69 1e+22
30 69 1e+22
31 69 1e+22
32 69 1e+22
33 69 1e+22
34 69 1e+22
35 69 1e+22
36 69 1e+22
37 69 1e+22
38 69 1e+22
39 69 1e+22
40 69 1e+22
41 69 1e+22
42 69 1e+22
43 69 1e+22
44 69 1e+22
45 69 1e+22
46 69 1e+22
47 69 1e+22
48 69 1e+22
49 69 1e+22
50 69 1e+22
51 69 1e+22
52 69 1e+22
53 69 1e+22
54 69 1e+22
55 69 1e+22
56 69 1e+22
57 69 1e+22
58 69 1e+22
59 69 1e+22
60 69 1e+22
61 69 1e+22
62 69 1e+22
0 70 1e+18
1 70 1e+18
2 70 1e+18
3 70 1e+18
4 70 1e+18
5 70 1e+18
6 70 1e+18
7 70 1e+18
8 70 1e+18
9 70 1e+18
10 70 1e+18
11 70 1e+18
12 70 1e+18
13 70 1e+18
14 70 1e+18
15 70 1.02e+18
16 70 1.36798e+18
17 70 1.26225e+19
18 70 2.54453e+21
19 70 7.53276e+21
20 70 1e+22
21 70 1e+22
22 70 1e+22
23 70 1e+22
24 70 1e+22
25 70 1e+22
26 70 1e+22
27 70 1e+22
28 70 1e+22
29 70 1e+22
30 70 1e+22
31 70 1e+22
32 70 1e+22
33 70 1e+22
34 70 1e+22
35 70 1e+22
36 70 1e+22
37 70 1e+22
38 70 1e+22
39 70 1e+22
40 70 1e+22
41 70 1e+22
42 70 1e+22
43 70 1e+22
44 70 1e+22
45 70 1e+22
46 70 1e+22
47 70 1e+22
48 70 1e+22
49 70 1e+22
50 70 1e+22
51 70 1e+22
52 70 1e+22
53 70 1e+22
54 70 1e+22
55 70 1e+22
56 70 1e+22
57 70 1e+22
58 70 1e+22
59 70 1e+22
60 70 1e+22
61 70 1e+22
62 70 1e+22
0 71 1e+18
1 71 1e+18
2 71 1e+18
3 71 1e+18
4 71 1e+18
5 71 1e+18
6 71 1e+18
7 71 1e+18
8 71 1e+18
9 71 1e+18
10 71 1e+18
11 71 1e+18
12 71 1e+18
13 71 1e+18
14 71 1.00596e+18
15 71 1.36462e+18
16 71 1.54521e+19
17 71 2.52546e+21
18 71 7.51087e+21
19 71 1e+22
20 71 1e+22
21 71 1e+22
22 71 1e+22
23 71 1e+22
24 71 1e+22
25 71 1e+22
26 71 1e+22
27 71 1e+22
28 71 1e+22
29 71 1e+22
30 71 1e+22
31 71 1e+22
32 71 1e+22
33 71 1e+22
34 71 1e+22
35 71 1e+22
36 71 1e+22
37 71 1e+22
38 71 1e+22
39 71 1e+22
40 71 1e+22
41 71 1e+22
42 71 1e+22
43 71 1e+22
44 71 1e+22
45 71 1e+22
46 71 1e+22
47 71 1e+22
48 71 1e+22
49 71 1e+22
50 71 1e+22
51 71 1e+22
52 71 1e+22
53 71 1e+22
54 71 1e+22
55 71 1e+22
56 71 1e+22
57 71 1e+22
58 71 1e+22
59 71 1e+22
60 71 1e+22
61 71 1e+22
62 71 1e+22
0 72 1e+18
1 72 1e+18
2 72 1e+18
3 72 1e+18
4 72 1e+18
5 72 1e+18
6 72 1e+18
7 72 1e+18
8 72 1e+18
9 72 1e+18
10 72 1e+18
11 72 1e+18
12 72 1e+18
13 72 1.01025e+18
14 72 1.24386e+18
15 72 1.09402e+19
16 72 2.52422e+21
17 72 7.51402e+21
18 72 1e+22
19 72 1e+22
20 72 1e+22
21 72 1e+22
22 72 1e+22
23 72 1e+22
24 72 1e+22
25 72 1e+22
26 72 1e+22
27 72 1e+22
28 72 1e+22
29 72 1e+22
30 72 1e+22
31 72 1e+22
32 72 1e+22
33 72 1e+22
34 72 1e+22
35 72 1e+22
36 72 1e+22
37 72 1e+22
38 72 1e+22
39 72 1e+22
40 72 1e+22
41 72 1e+22
42 72 1e+22
43 72 1e+22
44 72 1e+22
45 72 1e+22
46 72 1e+22
47 72 1e+22
48 72 1e+22
49 72 1e+22
50 72 1e+22
51 72 1e+22
52 72 1e+22
53 72 1e+22
54 72 1e+22
55 72 1e+22
56 72 1e+22
57 72 1e+22
58 72 1e+22
59 72 1e+22
60 72 1e+22
61 72 1e+22
62 72 1e+22
0 73 1e+18
1 73 1e+18
2 73 1e+18
3 73 1e+18
4 73 1e+18
5 73 1e+18
6 73 1e+18
7 73 1e+18
8 73 1e+18
9 73 1e+18
10 73 1e+18
11 73 1e+18
12 73 1.01144e+18
13 73 1.39506e+18
14 73 1.01335e+19
15 73 2.51887e+21
16 73 7.50962e+21
17 73 1e+22
18 73 1e+22
19 73 1e+22
20 73 1e+22
21 73 1e+22
22 73 1e+22
23 73 1e+22
24 73 1e+22
25 73 1e+22
26 73 1e+22
27 73 1e+22
28 73 1e+22
29 73 1e+22
30 73 1e+22
31 73 1e+22
32 73 1e+22
33 73 1e+22
34 73 1e+22
35 73 1e+22
36 73 1e+22
37 73 1e+22
38 73 1e+22
39 73 1e+22
40 73 1e+22
41 73 1e+22
42 73 1e+22
43 73 1e+22
44 73 1e+22
45 73 1e+22
46 73 1e+22
47 73 1e+22
48 73 1e+22
49 73 1e+22
50 73 1e+22
51 73 1e+22
52 73 1e+22
53 73 1e+22
54 73 1e+22
55 73 1e+22
56 73 1e+22
57 73 1e+22
58 73 1e+22
59 73 1e+22
60 73 1e+22
61 73 1e+22
62 73 1e+22
0 74 1e+18
1 74 1e+18
2 74 1e+18
3 74 1e+18
4 74 1e+18
5 74 1e+18
6 74 1e+18
7 74 1e+18
8 74 1e+18
9 74 1e+18
10 74 1e+18
11 74 1.04523e+18
12 74 1.33077e+18
13 74 1.91686e+19
14 74 2.52716e+21
15 74 7.50877e+21
16 74 1e+22
17 74 1e+22
18 74 1e+22
19 74 1e+22
20 74 1e+22
21 74 1e+22
22 74 1e+22
23 74 1e+22
24 74 1e+22
25 74 1e+22
26 74 1e+22
27 74 1e+22
28 74 1e+22
29 74 1e+22
30 74 1e+22
31 74 1e+22
32 74 1e+22
33 74 1e+22
34 74 1e+22
35 74 1e+22
36 74 1e+22
37 74 1e+22
38 74 1e+22
39 74 1e+22
40 74 1e+22
41 74 1e+22
42 74 1e+22
43 74 1e+22
44 74 1e+22
45 74 1e+22
46 74 1e+22
47 74 1e+22
48 74 1e+22
49 74 1e+22
50 74 1e+22
51 74 1e+22
52 74 1e+22
53 74 1e+22
54 74 1e+22
55 74 1e+22
56 74 1e+22
57 74 1e+22
58 74 1e+22
59 74 1e+22
60 74 1e+22
61 74 1e+22
62 74 1e+22
0 75 1e+18
1 75 1e+18
2 75 1e+18
3 75 1e+18
4 75 1e+18
5 75 1e+18
6 75 1e+18
7 75 1e+18
8 75 1e+18
9 75 1.02387e+18
10 75 1.12179e+18
11 75 2.10484e+18
12 75 5.32215e+19
13 75 2.56947e+21
14 75 7.51776e+21
15 75 1e+22
16 75 1e+22
17 75 1e+22
18 75 1e+22
19 75 1e+22
20 75 1e+22
21 75 1e+22
22 75 1e+22
23 75 1e+22
24 75 1e+22
25 75 1e+22
26 75 1e+22
27 75 1e+22
28 75 1e+22
29 75 1e+22
30 75 1e+22
31 75 1e+22
32 75 1e+22
33 75 1e+22
34 75 1e+22
35 75 1e+22
36 75 1e+22
37 75 1e+22
38 75 1e+22
39 75 1e+22
40 75 1e+22
41 75 1e+22
42 75 1e+22
43 75 1e+22
44 75 1e+22
45 75 1e+22
46 75 1e+22
47 75 1e+22
48 75 1e+22
49 75 1e+22
50 75 1e+22
51 75 1e+22
52 75 1e+22
53 75 1e+22
54 75 1e+22
55 75 1e+22
56 75 1e+22
57 75 1e+22
58 75 1e+22
59 75 1e+22
60 75 1e+22
61 75 1e+22
62 75 1e+22
0 76 1e+18
1 76 1e+18
2 76 1e+18
3 76 1e+18
4 76 1e+18
5 76 1e+18
6 76 1e+18
7 76 1.00567e+18
8 76 1.05921e+18
9 76 1.44817e+18
10 76 2.01488e+19
11 76 2.52047e+21
12 76 5.0524e+21
13 76 7.55119e+21
14 76 1e+22
15 76 1e+22
16 76 1e+22
17 76 1e+22
18 76 1e+22
19 76 1e+22
20 76 1e+22
21 76 1e+22
22 76 1e+22
23 76 1e+22
24 76 1e+22
25 76 1e+22
26 76 1e+22
27 76 1e+22
28 76 1e+22
29 76 1e+22
30 76 1e+22
31 76 1e+22
32 76 1e+22
33 76 1e+22
34 76 1e+22
35 76 1e+22
36 76 1e+22
37 76 1e+22
38 76 1e+22
39 76 1e+22
40 76 1e+22
41 76 1e+22
42 76 1e+22
43 76 1e+22
44 76 1e+22
45 76 1e+22
46 76 1e+22
47 76 1e+22
48 76 1e+22
49 76 1e+22
50 76 1e+22
51 76 1e+22
52 76 1e+22
53 76 1e+22
54 76 1e+22
55 76 1e+22
56 76 1e+22
57 76 1e+22
58 76 1e+22
59 76 1e+22
60 76 1e+22
61 76 1e+22
62 76 1e+22
0 77 1e+18
1 77 1e+18
2 77 1e+18
3 77 1e+18
4 77 1.00883e+18
5 77 1.05318e+18
6 77 1.15124e+18
7 77 1.36662e+18
8 77 3.99834e+18
9 77 9.12359e+19
10 77 2.6069e+21
11 77 7.51891e+21
12 77 1e+22
13 77 1e+22
14 77 1e+22
15 77 1e+22
16 77 1e+22
17 77 1e+22
18 77 1e+22
19 77 1e+22
20 77 1e+22
21 77 1e+22
22 77 1e+22
23 77 1e+22
24 77 1e+22
25 77 1e+22
26 77 1e+22
27 77 1e+22
28 77 1e+22
29 77 1e+22
30 77 1e+22
31 77 1e+22
32 77 1e+22
33 77 1e+22
34 77 1e+22
35 77 1e+22
36 77 1e+22
37 77 1e+22
38 77 1e+22
39 77 1e+22
40 77 1e+22
41 77 1e+22
42 77 1e+22
43 77 1e+22
44 77 1e+22
45 77 1e+22
46 77 1e+22
47 77 1e+22
48 77 1e+22
49 77 1e+22
50 77 1e+22
51 77 1e+22
52 77 1e+22
53 77 1e+22
54 77 1e+22
55 77 1e+22
56 77 1e+22
57 77 1e+22
58 77 1e+22
59 77 1e+22
60 77 1e+22
61 77 1e+22
62 77 1e+22
0 78 1.30735e+18
1 78 1.44758e+18
2 78 1.36296e+18
3 78 1.40876e+18
4 78 1.55261e+18
5 78 2.5261e+18
6 78 1.10286e+19
7 78 4.55207e+19
8 78 2.53918e+21
9 78 5.09031e+21
10 78 7.58738e+21
11 78 1e+22
12 78 1e+22
13 78 1e+22
14 78 1e+22
15 78 1e+22
16 78 1e+22
17 78 1e+22
18 78 1e+22
19 78 1e+22
20 78 1e+22
21 78 1e+22
22 78 1e+22
23 78 1e+22
24 78 1e+22
25 78 1e+22
26 78 1e+22
27 78 1e+22
28 78 1e+22
29 78 1e+22
30 78 1e+22
31 78 1e+22
32 78 1e+22
33 78 1e+22
34 78 1e+22
35 78 1e+22
36 78 1e+22
37 78 1e+22
38 78 1e+22
39 78 1e+22
40 78 1e+22
41 78 1e+22
42 78 1e+22
43 78 1e+22
44 78 1e+22
45 78 1e+22
46 78 1e+22
47 78 1e+22
48 78 1e+22
49 78 1e+22
50 78 1e+22
51 78 1e+22
52 78 1e+22
53 78 1e+22
54 78 1e+22
55 78 1e+22
56 78 1e+22
57 78 1e+22
58 78 1e+22
59 78 1e+22
60 78 1e+22
61 78 9.99764e+21
62 78 9.88977e+21
0 79 1.82829e+19
1 79 2.95067e+19
2 79 3.31108e+19
3 79 3.10577e+19
4 79 4.72656e+19
5 79 1.40784e+20
6 79 2.61993e+21
7 79 5.04466e+21
8 79 7.53574e+21
9 79 1e+22
10 79 1e+22
11 79 1e+22
12 79 1e+22
13 79 1e+22
14 79 1e+22
15 79 1e+22
16 79 1e+22
17 79 1e+22
18 79 1e+22
19 79 1e+22
20 79 1e+22
21 79 1e+22
22 79 1e+22
23 79 1e+22
24 79 1e+22
25 79 1e+22
26 79 1e+22
27 79 1e+22
28 79 1e+22
29 79 1e+22
30 79 1e+22
31 79 1e+22
32 79 1e+22
33 79 1e+22
34 79 1e+22
35 79 1e+22
36 79 1e+22
37 79 1e+22
38 79 1e+22
39 79 1e+22
40 79 1e+22
41 79 1e+22
42 79 1e+22
43 79 1e+22
44 79 1e+22
45 79 1e+22
46 79 1e+22
47 79 1e+22
48 79 1e+22
49 79 1e+22
50 79 1e+22
51 79 1e+22
52 79 1e+22
53 79 1e+22
54 79 1e+22
55 79 1e+22
56 79 1e+22
57 79 1e+22
58 79 1e+22
59 79 1e+22
60 79 1e+22
61 79 9.93525e+21
62 79 9.3494e+21
