189 41 1.38117e+20
190 41 1.38097e+20
191 41 1.3814e+20
192 41 1.38117e+20
193 41 1.38069e+20
194 41 1.38128e+20
195 41 1.38153e+20
196 41 1.38094e+20
197 41 1.38118e+20
198 41 1.38072e+20
199 41 1.37999e+20
200 41 1.38072e+20
201 41 1.38078e+20
202 41 1.38054e+20
203 41 1.3812e+20
204 41 1.38077e+20
205 41 1.3809e+20
206 41 1.38063e+20
207 41 1.38074e+20
208 41 1.38036e+20
209 41 1.37998e+20
210 41 1.3803e+20
211 41 1.38018e+20
212 41 1.38065e+20
213 41 1.38066e+20
214 41 1.38039e+20
215 41 1.38066e+20
216 41 1.38088e+20
217 41 1.38005e+20
218 41 1.38101e+20
219 41 1.38133e+20
220 41 1.3806e+20
221 41 1.3809e+20
222 41 1.38165e+20
223 41 1.38124e+20
224 41 1.38115e+20
225 41 1.38135e+20
226 41 1.38052e+20
227 41 1.38082e+20
228 41 1.38101e+20
229 41 1.38015e+20
230 41 1.37996e+20
231 41 1.38012e+20
232 41 1.3798e+20
233 41 1.38054e+20
234 41 1.38041e+20
235 41 1.38029e+20
236 41 1.38043e+20
237 41 1.38055e+20
238 41 1.3805e+20
239 41 1.38024e+20
240 41 1.38014e+20
241 41 1.37963e+20
242 41 1.38016e+20
243 41 1.38038e+20
244 41 1.38163e+20
245 41 1.38237e+20
246 41 1.38052e+20
247 41 1.37958e+20
248 41 1.3801e+20
249 41 1.38001e+20
189 42 1.4194e+20
190 42 1.41934e+20
191 42 1.41884e+20
192 42 1.4186e+20
193 42 1.41795e+20
194 42 1.41844e+20
195 42 1.41829e+20
196 42 1.41836e+20
197 42 1.41903e+20
198 42 1.4183e+20
199 42 1.41816e+20
200 42 1.41865e+20
201 42 1.41889e+20
202 42 1.41853e+20
203 42 1.41857e+20
204 42 1.41808e+20
205 42 1.41809e+20
206 42 1.42e+20
207 42 1.42e+20
208 42 1.4194e+20
209 42 1.41948e+20
210 42 1.41898e+20
211 42 1.41851e+20
212 42 1.41859e+20
213 42 1.41903e+20
214 42 1.41841e+20
215 42 1.41835e+20
216 42 1.41936e+20
217 42 1.41931e+20
218 42 1.41897e+20
219 42 1.41901e+20
220 42 1.4185e+20
221 42 1.41791e+20
222 42 1.41759e+20
223 42 1.41829e+20
224 42 1.41924e+20
225 42 1.41859e+20
226 42 1.41886e+20
227 42 1.41916e+20
228 42 1.41927e+20
229 42 1.41883e+20
230 42 1.41782e+20
231 42 1.41792e+20
232 42 1.41783e+20
233 42 1.41911e+20
234 42 1.41922e+20
235 42 1.41881e+20
236 42 1.41956e+20
237 42 1.41878e+20
238 42 1.41845e+20
239 42 1.41923e+20
240 42 1.41925e+20
241 42 1.41928e+20
242 42 1.41837e+20
243 42 1.41848e+20
244 42 1.41862e+20
245 42 1.41805e+20
246 42 1.41791e+20
247 42 1.41851e+20
248 42 1.41899e+20
249 42 1.41854e+20
189 43 1.45764e+20
190 43 1.45793e+20
191 43 1.45726e+20
192 43 1.45697e+20
193 43 1.45705e+20
194 43 1.45738e+20
195 43 1.45735e+20
196 43 1.45707e+20
197 43 1.45812e+20
198 43 1.45833e+20
199 43 1.4583e+20
200 43 1.4579e+20
201 43 1.45738e+20
202 43 1.45779e+20
203 43 1.4572e+20
204 43 1.45726e+20
205 43 1.45741e+20
206 43 1.45754e+20
207 43 1.4583e+20
208 43 1.45855e+20
209 43 1.4578e+20
210 43 1.45781e+20
211 43 1.45747e+20
212 43 1.45715e+20
213 43 1.45753e+20
214 43 1.45728e+20
215 43 1.45723e+20
216 43 1.45752e+20
217 43 1.45812e+20
218 43 1.4576e+20
219 43 1.45708e+20
220 43 1.45792e+20
221 43 1.45787e+20
222 43 1.45726e+20
223 43 1.45746e+20
224 43 1.45735e+20
225 43 1.45704e+20
226 43 1.45772e+20
227 43 1.45797e+20
228 43 1.45771e+20
229 43 1.45825e+20
230 43 1.45871e+20
231 43 1.45908e+20
232 43 1.45813e+20
233 43 1.45735e+20
234 43 1.45769e+20
235 43 1.45752e+20
236 43 1.45747e+20
237 43 1.45715e+20
238 43 1.45719e+20
239 43 1.4576e+20
240 43 1.45891e+20
241 43 1.45856e+20
242 43 1.45748e+20
243 43 1.45802e+20
244 43 1.45786e+20
245 43 1.45776e+20
246 43 1.45878e+20
247 43 1.45894e+20
248 43 1.45877e+20
249 43 1.4592e+20
189 44 1.49876e+20
190 44 1.49804e+20
191 44 1.49824e+20
192 44 1.49746e+20
193 44 1.49759e+20
194 44 1.49775e+20
195 44 1.49841e+20
196 44 1.49901e+20
197 44 1.4977e+20
198 44 1.49822e+20
199 44 1.49813e+20
200 44 1.49758e+20
201 44 1.49729e+20
202 44 1.49825e+20
203 44 1.49847e+20
204 44 1.49815e+20
205 44 1.49834e+20
206 44 1.49696e+20
207 44 1.49631e+20
208 44 1.49658e+20
209 44 1.49749e+20
210 44 1.49909e+20
211 44 1.49882e+20
212 44 1.49766e+20
213 44 1.49788e+20
214 44 1.49841e+20
215 44 1.4982e+20
216 44 1.49787e+20
217 44 1.49827e+20
218 44 1.49814e+20
219 44 1.49778e+20
220 44 1.49786e+20
221 44 1.49765e+20
222 44 1.49833e+20
223 44 1.49781e+20
224 44 1.49756e+20
225 44 1.4988e+20
226 44 1.49804e+20
227 44 1.49834e+20
228 44 1.49839e+20
229 44 1.4979e+20
230 44 1.49899e+20
231 44 1.49956e+20
232 44 1.49952e+20
233 44 1.49773e+20
234 44 1.49725e+20
235 44 1.49782e+20
236 44 1.49759e+20
237 44 1.4978e+20
238 44 1.49779e+20
239 44 1.49805e+20
240 44 1.49888e+20
241 44 1.49867e+20
242 44 1.49824e+20
243 44 1.49764e+20
244 44 1.49741e+20
245 44 1.49804e+20
246 44 1.49894e+20
247 44 1.49936e+20
248 44 1.49858e+20
249 44 1.49795e+20
189 45 1.53886e+20
190 45 1.53873e+20
191 45 1.53923e+20
192 45 1.53943e+20
193 45 1.53884e+20
194 45 1.53837e+20
195 45 1.53864e+20
196 45 1.53901e+20
197 45 1.53828e+20
198 45 1.53881e+20
199 45 1.53962e+20
200 45 1.53957e+20
201 45 1.53969e+20
202 45 1.53922e+20
203 45 1.53937e+20
204 45 1.53941e+20
205 45 1.53962e+20
206 45 1.53975e+20
207 45 1.53806e+20
208 45 1.53824e+20
209 45 1.53925e+20
210 45 1.53863e+20
211 45 1.53918e+20
212 45 1.53965e+20
213 45 1.53965e+20
214 45 1.53927e+20
215 45 1.53973e+20
216 45 1.54042e+20
217 45 1.53962e+20
218 45 1.53992e+20
219 45 1.53977e+20
220 45 1.53814e+20
221 45 1.539e+20
222 45 1.53856e+20
223 45 1.53834e+20
224 45 1.54008e+20
225 45 1.53986e+20
226 45 1.53882e+20
227 45 1.53836e+20
228 45 1.53915e+20
229 45 1.53981e+20
230 45 1.53897e+20
231 45 1.5379e+20
232 45 1.53873e+20
233 45 1.53966e+20
234 45 1.53946e+20
235 45 1.53885e+20
236 45 1.53897e+20
237 45 1.53897e+20
238 45 1.53917e+20
239 45 1.5396e+20
240 45 1.53851e+20
241 45 1.53854e+20
242 45 1.53907e+20
243 45 1.53893e+20
244 45 1.53846e+20
245 45 1.53793e+20
246 45 1.53819e+20
247 45 1.53859e+20
248 45 1.5392e+20
249 45 1.53942e+20
189 46 1.57995e+20
190 46 1.58027e+20
191 46 1.58104e+20
192 46 1.58179e+20
193 46 1.58157e+20
194 46 1.58115e+20
195 46 1.58145e+20
196 46 1.58098e+20
197 46 1.58012e+20
198 46 1.58043e+20
199 46 1.58116e+20
200 46 1.58107e+20
201 46 1.58144e+20
202 46 1.58104e+20
203 46 1.58119e+20
204 46 1.58176e+20
205 46 1.58097e+20
206 46 1.58098e+20
207 46 1.58163e+20
208 46 1.58135e+20
209 46 1.58098e+20
210 46 1.58061e+20
211 46 1.58147e+20
212 46 1.58222e+20
213 46 1.581e+20
214 46 1.58014e+20
215 46 1.57999e+20
216 46 1.57996e+20
217 46 1.58073e+20
218 46 1.5816e+20
219 46 1.58091e+20
220 46 1.58122e+20
221 46 1.58181e+20
222 46 1.58125e+20
223 46 1.58176e+20
224 46 1.58084e+20
225 46 1.5795e+20
226 46 1.5805e+20
227 46 1.5805e+20
228 46 1.58048e+20
229 46 1.5807e+20
230 46 1.58029e+20
231 46 1.5806e+20
232 46 1.5803e+20
233 46 1.5811e+20
234 46 1.5822e+20
235 46 1.58205e+20
236 46 1.58139e+20
237 46 1.58118e+20
238 46 1.5811e+20
239 46 1.58055e+20
240 46 1.58052e+20
241 46 1.58131e+20
242 46 1.58126e+20
243 46 1.58101e+20
244 46 1.58228e+20
245 46 1.58199e+20
246 46 1.5802e+20
247 46 1.57983e+20
248 46 1.58147e+20
249 46 1.58196e+20
189 47 1.62421e+20
190 47 1.62496e+20
191 47 1.62462e+20
192 47 1.6245e+20
193 47 1.62533e+20
194 47 1.62505e+20
195 47 1.62466e+20
196 47 1.6249e+20
197 47 1.62449e+20
198 47 1.62436e+20
199 47 1.6235e+20
200 47 1.62295e+20
201 47 1.62347e+20
202 47 1.62384e+20
203 47 1.62423e+20
204 47 1.62394e+20
205 47 1.62388e+20
206 47 1.62379e+20
207 47 1.62402e+20
208 47 1.62399e+20
209 47 1.62406e+20
210 47 1.62495e+20
211 47 1.62383e+20
212 47 1.62473e+20
213 47 1.62528e+20
214 47 1.6239e+20
215 47 1.62388e+20
216 47 1.62298e+20
217 47 1.6235e+20
218 47 1.62488e+20
219 47 1.62455e+20
220 47 1.62507e+20
221 47 1.62483e+20
222 47 1.62478e+20
223 47 1.62479e+20
224 47 1.62312e+20
225 47 1.62303e+20
226 47 1.62454e+20
227 47 1.6245e+20
228 47 1.62333e+20
229 47 1.62319e+20
230 47 1.62452e+20
231 47 1.62511e+20
232 47 1.62452e+20
233 47 1.62382e+20
234 47 1.62411e+20
235 47 1.62393e+20
236 47 1.62366e+20
237 47 1.62495e+20
238 47 1.62502e+20
239 47 1.62408e+20
240 47 1.62347e+20
241 47 1.62396e+20
242 47 1.62486e+20
243 47 1.62456e+20
244 47 1.62491e+20
245 47 1.6248e+20
246 47 1.6245e+20
247 47 1.62471e+20
248 47 1.62371e+20
249 47 1.62399e+20
189 48 1.66941e+20
190 48 1.66955e+20
191 48 1.66822e+20
192 48 1.66854e+20
193 48 1.6694e+20
194 48 1.66922e+20
195 48 1.66772e+20
196 48 1.66808e+20
197 48 1.66937e+20
198 48 1.66864e+20
199 48 1.66783e+20
200 48 1.66836e+20
201 48 1.66894e+20
202 48 1.66895e+20
203 48 1.6675e+20
204 48 1.66753e+20
205 48 1.669e+20
206 48 1.66844e+20
207 48 1.66739e+20
208 48 1.66806e+20
209 48 1.66842e+20
210 48 1.66866e+20
211 48 1.6673e+20
212 48 1.66742e+20
213 48 1.67027e+20
214 48 1.66974e+20
215 48 1.66931e+20
216 48 1.66947e+20
217 48 1.66806e+20
218 48 1.66759e+20
219 48 1.66833e+20
220 48 1.66957e+20
221 48 1.66933e+20
222 48 1.66868e+20
223 48 1.66892e+20
224 48 1.66954e+20
225 48 1.66964e+20
226 48 1.66923e+20
227 48 1.66987e+20
228 48 1.66984e+20
229 48 1.66841e+20
230 48 1.66826e+20
231 48 1.66914e+20
232 48 1.66913e+20
233 48 1.66906e+20
234 48 1.6683e+20
235 48 1.66741e+20
236 48 1.66805e+20
237 48 1.6698e+20
238 48 1.66928e+20
239 48 1.66837e+20
240 48 1.66818e+20
241 48 1.66757e+20
242 48 1.66905e+20
243 48 1.66947e+20
244 48 1.66801e+20
245 48 1.66804e+20
246 48 1.66953e+20
247 48 1.66948e+20
248 48 1.66869e+20
249 48 1.669e+20
189 49 1.71444e+20
190 49 1.71384e+20
191 49 1.71308e+20
192 49 1.71318e+20
193 49 1.71376e+20
194 49 1.71408e+20
195 49 1.71343e+20
196 49 1.71347e+20
197 49 1.71377e+20
198 49 1.71316e+20
199 49 1.71288e+20
200 49 1.71382e+20
201 49 1.71493e+20
202 49 1.71477e+20
203 49 1.71466e+20
204 49 1.71443e+20
205 49 1.71393e+20
206 49 1.71414e+20
207 49 1.7149e+20
208 49 1.71487e+20
209 49 1.714e+20
210 49 1.71406e+20
211 49 1.71546e+20
212 49 1.71434e+20
213 49 1.71396e+20
214 49 1.71564e+20
215 49 1.71425e+20
216 49 1.71348e+20
217 49 1.71456e+20
218 49 1.71308e+20
219 49 1.7128e+20
220 49 1.71427e+20
221 49 1.7139e+20
222 49 1.71331e+20
223 49 1.71349e+20
224 49 1.71379e+20
225 49 1.71437e+20
226 49 1.71455e+20
227 49 1.71465e+20
228 49 1.71494e+20
229 49 1.71478e+20
230 49 1.71398e+20
231 49 1.71325e+20
232 49 1.71414e+20
233 49 1.71521e+20
234 49 1.71491e+20
235 49 1.7149e+20
236 49 1.71458e+20
237 49 1.71383e+20
238 49 1.71408e+20
239 49 1.71442e+20
240 49 1.71517e+20
241 49 1.7149e+20
242 49 1.71366e+20
243 49 1.71395e+20
244 49 1.71369e+20
245 49 1.71328e+20
246 49 1.71393e+20
247 49 1.71447e+20
248 49 1.71412e+20
249 49 1.71311e+20
189 50 1.76002e+20
190 50 1.76045e+20
191 50 1.7606e+20
192 50 1.75995e+20
193 50 1.76002e+20
194 50 1.76004e+20
195 50 1.76062e+20
196 50 1.76096e+20
197 50 1.76084e+20
198 50 1.76123e+20
199 50 1.76132e+20
200 50 1.76067e+20
201 50 1.76054e+20
202 50 1.7605e+20
203 50 1.76121e+20
204 50 1.76068e+20
205 50 1.75938e+20
206 50 1.75953e+20
207 50 1.76028e+20
208 50 1.76107e+20
209 50 1.7612e+20
210 50 1.7606e+20
211 50 1.76093e+20
212 50 1.76088e+20
213 50 1.75927e+20
214 50 1.75926e+20
215 50 1.75958e+20
216 50 1.75999e+20
217 50 1.76056e+20
218 50 1.76048e+20
219 50 1.76103e+20
220 50 1.76072e+20
221 50 1.76059e+20
222 50 1.76102e+20
223 50 1.76061e+20
224 50 1.75981e+20
225 50 1.75985e+20
226 50 1.7601e+20
227 50 1.75974e+20
228 50 1.7591e+20
229 50 1.76038e+20
230 50 1.76134e+20
231 50 1.75981e+20
232 50 1.76003e+20
233 50 1.76004e+20
234 50 1.76005e+20
235 50 1.76127e+20
236 50 1.76089e+20
237 50 1.75915e+20
238 50 1.76016e+20
239 50 1.76154e+20
240 50 1.76067e+20
241 50 1.75955e+20
242 50 1.75994e+20
243 50 1.76197e+20
244 50 1.76172e+20
245 50 1.76077e+20
246 50 1.76037e+20
247 50 1.76045e+20
248 50 1.75962e+20
249 50 1.75941e+20
189 51 1.80845e+20
190 51 1.80793e+20
191 51 1.80957e+20
192 51 1.80894e+20
193 51 1.80765e+20
194 51 1.8082e+20
195 51 1.80902e+20
196 51 1.80778e+20
197 51 1.80785e+20
198 51 1.80806e+20
199 51 1.80834e+20
200 51 1.80899e+20
201 51 1.80768e+20
202 51 1.80764e+20
203 51 1.80726e+20
204 51 1.80766e+20
205 51 1.80876e+20
206 51 1.80836e+20
207 51 1.80817e+20
208 51 1.80771e+20
209 51 1.809e+20
210 51 1.80857e+20
211 51 1.80749e+20
212 51 1.80824e+20
213 51 1.80805e+20
214 51 1.80891e+20
215 51 1.80982e+20
216 51 1.80878e+20
217 51 1.80612e+20
218 51 1.80714e+20
219 51 1.80946e+20
220 51 1.80794e+20
221 51 1.80775e+20
222 51 1.80912e+20
223 51 1.80872e+20
224 51 1.80903e+20
225 51 1.8088e+20
226 51 1.80809e+20
227 51 1.80774e+20
228 51 1.80732e+20
229 51 1.80688e+20
230 51 1.80757e+20
231 51 1.80952e+20
232 51 1.80896e+20
233 51 1.80753e+20
234 51 1.80672e+20
235 51 1.80769e+20
236 51 1.80906e+20
237 51 1.80773e+20
238 51 1.80749e+20
239 51 1.80839e+20
240 51 1.80782e+20
241 51 1.80763e+20
242 51 1.80846e+20
243 51 1.8084e+20
244 51 1.80798e+20
245 51 1.80803e+20
246 51 1.80778e+20
247 51 1.80659e+20
248 51 1.80779e+20
249 51 1.80891e+20
189 52 1.85763e+20
190 52 1.85654e+20
191 52 1.85764e+20
192 52 1.85754e+20
193 52 1.85629e+20
194 52 1.85606e+20
195 52 1.85669e+20
196 52 1.85687e+20
197 52 1.85646e+20
198 52 1.85611e+20
199 52 1.85701e+20
200 52 1.8577e+20
201 52 1.85698e+20
202 52 1.85672e+20
203 52 1.85725e+20
204 52 1.8576e+20
205 52 1.85802e+20
206 52 1.85878e+20
207 52 1.85826e+20
208 52 1.85671e+20
209 52 1.85661e+20
210 52 1.85704e+20
211 52 1.85723e+20
212 52 1.85646e+20
213 52 1.85546e+20
214 52 1.85693e+20
215 52 1.85781e+20
216 52 1.85728e+20
217 52 1.85789e+20
218 52 1.85682e+20
219 52 1.85659e+20
220 52 1.85605e+20
221 52 1.85579e+20
222 52 1.85703e+20
223 52 1.85683e+20
224 52 1.85712e+20
225 52 1.85757e+20
226 52 1.8576e+20
227 52 1.85732e+20
228 52 1.85744e+20
229 52 1.85678e+20
230 52 1.85607e+20
231 52 1.85669e+20
232 52 1.85678e+20
233 52 1.85674e+20
234 52 1.85726e+20
235 52 1.8572e+20
236 52 1.85665e+20
237 52 1.85654e+20
238 52 1.8575e+20
239 52 1.85689e+20
240 52 1.85659e+20
241 52 1.85897e+20
242 52 1.85848e+20
243 52 1.85566e+20
244 52 1.8557e+20
245 52 1.85661e+20
246 52 1.85682e+20
247 52 1.85651e+20
248 52 1.8569e+20
249 52 1.85799e+20
189 53 1.90662e+20
190 53 1.90721e+20
191 53 1.90626e+20
192 53 1.90653e+20
193 53 1.9077e+20
194 53 1.90594e+20
195 53 1.90674e+20
196 53 1.90876e+20
197 53 1.90745e+20
198 53 1.90711e+20
199 53 1.90713e+20
200 53 1.90684e+20
201 53 1.90562e+20
202 53 1.90652e+20
203 53 1.90884e+20
204 53 1.9078e+20
205 53 1.90614e+20
206 53 1.90632e+20
207 53 1.90732e+20
208 53 1.9078e+20
209 53 1.90668e+20
210 53 1.90677e+20
211 53 1.90714e+20
212 53 1.90669e+20
213 53 1.90666e+20
214 53 1.90586e+20
215 53 1.90578e+20
216 53 1.90719e+20
217 53 1.90807e+20
218 53 1.90735e+20
219 53 1.90635e+20
220 53 1.90623e+20
221 53 1.9062e+20
222 53 1.90591e+20
223 53 1.90604e+20
224 53 1.90627e+20
225 53 1.90686e+20
226 53 1.90618e+20
227 53 1.90629e+20
228 53 1.90751e+20
229 53 1.90737e+20
230 53 1.90673e+20
231 53 1.90602e+20
232 53 1.90689e+20
233 53 1.90674e+20
234 53 1.90713e+20
235 53 1.90791e+20
236 53 1.90672e+20
237 53 1.90709e+20
238 53 1.90734e+20
239 53 1.90625e+20
240 53 1.90603e+20
241 53 1.90705e+20
242 53 1.90686e+20
243 53 1.90655e+20
244 53 1.90714e+20
245 53 1.90719e+20
246 53 1.9069e+20
247 53 1.90766e+20
248 53 1.90708e+20
249 53 1.90657e+20
189 54 1.95809e+20
190 54 1.95921e+20
191 54 1.95819e+20
192 54 1.95749e+20
193 54 1.95752e+20
194 54 1.95828e+20
195 54 1.95837e+20
196 54 1.95735e+20
197 54 1.9573e+20
198 54 1.95852e+20
199 54 1.95913e+20
200 54 1.95849e+20
201 54 1.95771e+20
202 54 1.95698e+20
203 54 1.95685e+20
204 54 1.95749e+20
205 54 1.95856e+20
206 54 1.95833e+20
207 54 1.95856e+20
208 54 1.95957e+20
209 54 1.95925e+20
210 54 1.95854e+20
211 54 1.95869e+20
212 54 1.95851e+20
213 54 1.95973e+20
214 54 1.96096e+20
215 54 1.95944e+20
216 54 1.95827e+20
217 54 1.95663e+20
218 54 1.95812e+20
219 54 1.9588e+20
220 54 1.95792e+20
221 54 1.95795e+20
222 54 1.95765e+20
223 54 1.95896e+20
224 54 1.95844e+20
225 54 1.95752e+20
226 54 1.95769e+20
227 54 1.95792e+20
228 54 1.95778e+20
229 54 1.95828e+20
230 54 1.95835e+20
231 54 1.95771e+20
232 54 1.95751e+20
233 54 1.95728e+20
234 54 1.95759e+20
235 54 1.95812e+20
236 54 1.95882e+20
237 54 1.95921e+20
238 54 1.95799e+20
239 54 1.95781e+20
240 54 1.95883e+20
241 54 1.95748e+20
242 54 1.95607e+20
243 54 1.957e+20
244 54 1.95714e+20
245 54 1.95807e+20
246 54 1.95899e+20
247 54 1.95776e+20
248 54 1.95855e+20
249 54 1.95784e+20
189 55 2.01149e+20
190 55 2.01063e+20
191 55 2.01118e+20
192 55 2.01137e+20
193 55 2.01015e+20
194 55 2.01052e+20
195 55 2.00993e+20
196 55 2.00975e+20
197 55 2.0106e+20
198 55 2.00978e+20
199 55 2.01014e+20
200 55 2.01027e+20
201 55 2.01178e+20
202 55 2.01204e+20
203 55 2.00971e+20
204 55 2.01004e+20
205 55 2.01099e+20
206 55 2.01161e+20
207 55 2.01034e+20
208 55 2.00983e+20
209 55 2.01073e+20
210 55 2.01057e+20
211 55 2.01109e+20
212 55 2.01106e+20
213 55 2.01078e+20
214 55 2.01176e+20
215 55 2.01196e+20
216 55 2.01052e+20
217 55 2.01047e+20
218 55 2.01084e+20
219 55 2.01047e+20
220 55 2.01166e+20
221 55 2.0122e+20
222 55 2.01208e+20
223 55 2.01191e+20
224 55 2.0113e+20
225 55 2.01164e+20
226 55 2.01136e+20
227 55 2.01027e+20
228 55 2.00963e+20
229 55 2.01023e+20
230 55 2.01112e+20
231 55 2.01085e+20
232 55 2.00959e+20
233 55 2.01122e+20
234 55 2.01143e+20
235 55 2.00962e+20
236 55 2.01046e+20
237 55 2.01194e+20
238 55 2.01089e+20
239 55 2.01018e+20
240 55 2.01135e+20
241 55 2.01225e+20
242 55 2.01175e+20
243 55 2.01045e+20
244 55 2.00998e+20
245 55 2.00896e+20
246 55 2.00937e+20
247 55 2.01014e+20
248 55 2.01058e+20
249 55 2.01256e+20
189 56 2.06694e+20
190 56 2.06363e+20
191 56 2.06264e+20
192 56 2.06545e+20
193 56 2.06599e+20
194 56 2.06421e+20
195 56 2.06378e+20
196 56 2.06616e+20
197 56 2.06649e+20
198 56 2.06416e+20
199 56 2.06337e+20
200 56 2.06362e+20
201 56 2.06372e+20
202 56 2.06515e+20
203 56 2.0651e+20
204 56 2.06431e+20
205 56 2.064e+20
206 56 2.06356e+20
207 56 2.06279e+20
208 56 2.06331e+20
209 56 2.06451e+20
210 56 2.06344e+20
211 56 2.06353e+20
212 56 2.06513e+20
213 56 2.06421e+20
214 56 2.06321e+20
215 56 2.06398e+20
216 56 2.06508e+20
217 56 2.06531e+20
218 56 2.06455e+20
219 56 2.06419e+20
220 56 2.06564e+20
221 56 2.06642e+20
222 56 2.06507e+20
223 56 2.06412e+20
224 56 2.06466e+20
225 56 2.06477e+20
226 56 2.06479e+20
227 56 2.06373e+20
228 56 2.06416e+20
229 56 2.06475e+20
230 56 2.06455e+20
231 56 2.06581e+20
232 56 2.06503e+20
233 56 2.0657e+20
234 56 2.06604e+20
235 56 2.06489e+20
236 56 2.06463e+20
237 56 2.06464e+20
238 56 2.0652e+20
239 56 2.06538e+20
240 56 2.06436e+20
241 56 2.0656e+20
242 56 2.06694e+20
243 56 2.06521e+20
244 56 2.06568e+20
245 56 2.06409e+20
246 56 2.0619e+20
247 56 2.06385e+20
248 56 2.06391e+20
249 56 2.06529e+20
189 57 2.1202e+20
190 57 2.11912e+20
191 57 2.11864e+20
192 57 2.11876e+20
193 57 2.11881e+20
194 57 2.12009e+20
195 57 2.12035e+20
196 57 2.11983e+20
197 57 2.12056e+20
198 57 2.12199e+20
199 57 2.12157e+20
200 57 2.12057e+20
201 57 2.1196e+20
202 57 2.11868e+20
203 57 2.11968e+20
204 57 2.1206e+20
205 57 2.12104e+20
206 57 2.12009e+20
207 57 2.1194e+20
208 57 2.11951e+20
209 57 2.11947e+20
210 57 2.11958e+20
211 57 2.11856e+20
212 57 2.11859e+20
213 57 2.11976e+20
214 57 2.11925e+20
215 57 2.11894e+20
216 57 2.11971e+20
217 57 2.11992e+20
218 57 2.11965e+20
219 57 2.1195e+20
220 57 2.11918e+20
221 57 2.11924e+20
222 57 2.12008e+20
223 57 2.11985e+20
224 57 2.11914e+20
225 57 2.11851e+20
226 57 2.11886e+20
227 57 2.12075e+20
228 57 2.12039e+20
229 57 2.11956e+20
230 57 2.1197e+20
231 57 2.12034e+20
232 57 2.12064e+20
233 57 2.11957e+20
234 57 2.11871e+20
235 57 2.11945e+20
236 57 2.12097e+20
237 57 2.12001e+20
238 57 2.11921e+20
239 57 2.11994e+20
240 57 2.12032e+20
241 57 2.11971e+20
242 57 2.1201e+20
243 57 2.11982e+20
244 57 2.11993e+20
245 57 2.12116e+20
246 57 2.12012e+20
247 57 2.11904e+20
248 57 2.11923e+20
249 57 2.12003e+20
189 58 2.17472e+20
190 58 2.17674e+20
191 58 2.17734e+20
192 58 2.17612e+20
193 58 2.17624e+20
194 58 2.17726e+20
195 58 2.17703e+20
196 58 2.17494e+20
197 58 2.17507e+20
198 58 2.17695e+20
199 58 2.17736e+20
200 58 2.17706e+20
201 58 2.17654e+20
202 58 2.17676e+20
203 58 2.17789e+20
204 58 2.17639e+20
205 58 2.17567e+20
206 58 2.17736e+20
207 58 2.17756e+20
208 58 2.17659e+20
209 58 2.17579e+20
210 58 2.17744e+20
211 58 2.17765e+20
212 58 2.17657e+20
213 58 2.17737e+20
214 58 2.17675e+20
215 58 2.17561e+20
216 58 2.17541e+20
217 58 2.17621e+20
218 58 2.17669e+20
219 58 2.17675e+20
220 58 2.17605e+20
221 58 2.17547e+20
222 58 2.17543e+20
223 58 2.17523e+20
224 58 2.17576e+20
225 58 2.17661e+20
226 58 2.17664e+20
227 58 2.17735e+20
228 58 2.17666e+20
229 58 2.17636e+20
230 58 2.17784e+20
231 58 2.17668e+20
232 58 2.17666e+20
233 58 2.17614e+20
234 58 2.17462e+20
235 58 2.17629e+20
236 58 2.17632e+20
237 58 2.17576e+20
238 58 2.17567e+20
239 58 2.17567e+20
240 58 2.17542e+20
241 58 2.17519e+20
242 58 2.17572e+20
243 58 2.17624e+20
244 58 2.17646e+20
245 58 2.17683e+20
246 58 2.17864e+20
247 58 2.17828e+20
248 58 2.17742e+20
249 58 2.17702e+20
189 59 2.23391e+20
190 59 2.23359e+20
191 59 2.23396e+20
192 59 2.23521e+20
193 59 2.23526e+20
194 59 2.23523e+20
195 59 2.23462e+20
196 59 2.23386e+20
197 59 2.23442e+20
198 59 2.23336e+20
199 59 2.23286e+20
200 59 2.23385e+20
201 59 2.23415e+20
202 59 2.23421e+20
203 59 2.23408e+20
204 59 2.23505e+20
205 59 2.23422e+20
206 59 2.23375e+20
207 59 2.23444e+20
208 59 2.23429e+20
209 59 2.23414e+20
210 59 2.2352e+20
211 59 2.23623e+20
212 59 2.23504e+20
213 59 2.23406e+20
214 59 2.23439e+20
215 59 2.23369e+20
216 59 2.23409e+20
217 59 2.23504e+20
218 59 2.23435e+20
219 59 2.23444e+20
220 59 2.23409e+20
221 59 2.23357e+20
222 59 2.233e+20
223 59 2.2338e+20
224 59 2.23462e+20
225 59 2.23352e+20
226 59 2.23435e+20
227 59 2.23439e+20
228 59 2.23414e+20
229 59 2.2354e+20
230 59 2.23488e+20
231 59 2.23415e+20
232 59 2.23474e+20
233 59 2.23502e+20
234 59 2.23629e+20
235 59 2.23599e+20
236 59 2.23399e+20
237 59 2.23404e+20
238 59 2.23558e+20
239 59 2.23531e+20
240 59 2.23377e+20
241 59 2.23297e+20
242 59 2.23365e+20
243 59 2.23504e+20
244 59 2.23455e+20
245 59 2.23437e+20
246 59 2.2355e+20
247 59 2.23692e+20
248 59 2.23677e+20
249 59 2.2333e+20
189 60 2.36733e+20
190 60 2.37266e+20
191 60 2.37723e+20
192 60 2.35837e+20
193 60 2.34715e+20
194 60 2.32833e+20
195 60 2.33535e+20
196 60 2.35844e+20
197 60 2.35607e+20
198 60 2.34807e+20
199 60 2.356e+20
200 60 2.36158e+20
201 60 2.35374e+20
202 60 2.33247e+20
203 60 2.33265e+20
204 60 2.34646e+20
205 60 2.35057e+20
206 60 2.3531e+20
207 60 2.36233e+20
208 60 2.35072e+20
209 60 2.3354e+20
210 60 2.34577e+20
211 60 2.38245e+20
212 60 2.38462e+20
213 60 2.35327e+20
214 60 2.35005e+20
215 60 2.36565e+20
216 60 2.36238e+20
217 60 2.35865e+20
218 60 2.37028e+20
219 60 2.38035e+20
220 60 2.36888e+20
221 60 2.3461e+20
222 60 2.35499e+20
223 60 2.35319e+20
224 60 2.3422e+20
225 60 2.34003e+20
226 60 2.34089e+20
227 60 2.33921e+20
228 60 2.3369e+20
229 60 2.34315e+20
230 60 2.36707e+20
231 60 2.36347e+20
232 60 2.34795e+20
233 60 2.37407e+20
234 60 2.37841e+20
235 60 2.36249e+20
236 60 2.36915e+20
237 60 2.35896e+20
238 60 2.35429e+20
239 60 2.36788e+20
240 60 2.35534e+20
241 60 2.33203e+20
242 60 2.33484e+20
243 60 2.34488e+20
244 60 2.3471e+20
245 60 2.34565e+20
246 60 2.34272e+20
247 60 2.33949e+20
248 60 2.33929e+20
249 60 2.3344e+20
189 61 5.23683e+20
190 61 5.92801e+20
191 61 5.25247e+20
192 61 4.29595e+20
193 61 4.5703e+20
194 61 4.8766e+20
195 61 5.02608e+20
196 61 5.6649e+20
197 61 5.52434e+20
198 61 6.68027e+20
199 61 7.47691e+20
200 61 6.08632e+20
201 61 5.45062e+20
202 61 5.12191e+20
203 61 5.25609e+20
204 61 5.20309e+20
205 61 5.42653e+20
206 61 5.60247e+20
207 61 5.06274e+20
208 61 5.01584e+20
209 61 5.15131e+20
210 61 5.30476e+20
211 61 6.43494e+20
212 61 6.55875e+20
213 61 5.33628e+20
214 61 5.08905e+20
215 61 5.96323e+20
216 61 6.33036e+20
217 61 5.84216e+20
218 61 4.98689e+20
219 61 5.01577e+20
220 61 5.34834e+20
221 61 5.27319e+20
222 61 5.53491e+20
223 61 5.01341e+20
224 61 5.15814e+20
225 61 5.33651e+20
226 61 4.79593e+20
227 61 4.59102e+20
228 61 3.88586e+20
229 61 4.6204e+20
230 61 4.8195e+20
231 61 4.08554e+20
232 61 4.05223e+20
233 61 5.2696e+20
234 61 7.15145e+20
235 61 6.8606e+20
236 61 5.70271e+20
237 61 5.66758e+20
238 61 6.19812e+20
239 61 6.62375e+20
240 61 5.22151e+20
241 61 4.5964e+20
242 61 4.6195e+20
243 61 3.92231e+20
244 61 4.74268e+20
245 61 5.6334e+20
246 61 5.14897e+20
247 61 5.02977e+20
248 61 5.07885e+20
249 61 4.85828e+20
189 62 5.40015e+21
190 62 5.46858e+21
191 62 5.40065e+21
192 62 5.30695e+21
193 62 5.33545e+21
194 62 5.36803e+21
195 62 5.3823e+21
196 62 5.44384e+21
197 62 5.43013e+21
198 62 5.54639e+21
199 62 5.62512e+21
200 62 5.48562e+21
201 62 5.42289e+21
202 62 5.39209e+21
203 62 5.40543e+21
204 62 5.39899e+21
205 62 5.42093e+21
206 62 5.4381e+21
207 62 5.38327e+21
208 62 5.3797e+21
209 62 5.39474e+21
210 62 5.4091e+21
211 62 5.51846e+21
212 62 5.53055e+21
213 62 5.4114e+21
214 62 5.38708e+21
215 62 5.47295e+21
216 62 5.51002e+21
217 62 5.46161e+21
218 62 5.37483e+21
219 62 5.37664e+21
220 62 5.41103e+21
221 62 5.40583e+21
222 62 5.43116e+21
223 62 5.37924e+21
224 62 5.39478e+21
225 62 5.41271e+21
226 62 5.3586e+21
227 62 5.33832e+21
228 62 5.26803e+21
229 62 5.34093e+21
230 62 5.35838e+21
231 62 5.28537e+21
232 62 5.28368e+21
233 62 5.40286e+21
234 62 5.5907e+21
235 62 5.56304e+21
236 62 5.44658e+21
237 62 5.44417e+21
238 62 5.49769e+21
239 62 5.53884e+21
240 62 5.39988e+21
241 62 5.33961e+21
242 62 5.34163e+21
243 62 5.27102e+21
244 62 5.35271e+21
245 62 5.44191e+21
246 62 5.39373e+21
247 62 5.38224e+21
248 62 5.38727e+21
249 62 5.36553e+21
189 63 1e+22
190 63 1e+22
191 63 1e+22
192 63 1e+22
193 63 1e+22
194 63 1e+22
195 63 1e+22
196 63 1e+22
197 63 1e+22
198 63 1e+22
199 63 1e+22
200 63 1e+22
201 63 1e+22
202 63 1e+22
203 63 1e+22
204 63 1e+22
205 63 1e+22
206 63 1e+22
207 63 1e+22
208 63 1e+22
209 63 1e+22
210 63 1e+22
211 63 1e+22
212 63 1e+22
213 63 1e+22
214 63 1e+22
215 63 1e+22
216 63 1e+22
217 63 1e+22
218 63 1e+22
219 63 1e+22
220 63 1e+22
221 63 1e+22
222 63 1e+22
223 63 1e+22
224 63 1e+22
225 63 1e+22
226 63 1e+22
227 63 1e+22
228 63 1e+22
229 63 1e+22
230 63 1e+22
231 63 1e+22
232 63 1e+22
233 63 1e+22
234 63 1e+22
235 63 1e+22
236 63 1e+22
237 63 1e+22
238 63 1e+22
239 63 1e+22
240 63 1e+22
241 63 1e+22
242 63 1e+22
243 63 1e+22
244 63 1e+22
245 63 1e+22
246 63 1e+22
247 63 1e+22
248 63 1e+22
249 63 1e+22
189 64 1e+22
190 64 1e+22
191 64 1e+22
192 64 1e+22
193 64 1e+22
194 64 1e+22
195 64 1e+22
196 64 1e+22
197 64 1e+22
198 64 1e+22
199 64 1e+22
200 64 1e+22
201 64 1e+22
202 64 1e+22
203 64 1e+22
204 64 1e+22
205 64 1e+22
206 64 1e+22
207 64 1e+22
208 64 1e+22
209 64 1e+22
210 64 1e+22
211 64 1e+22
212 64 1e+22
213 64 1e+22
214 64 1e+22
215 64 1e+22
216 64 1e+22
217 64 1e+22
218 64 1e+22
219 64 1e+22
220 64 1e+22
221 64 1e+22
222 64 1e+22
223 64 1e+22
224 64 1e+22
225 64 1e+22
226 64 1e+22
227 64 1e+22
228 64 1e+22
229 64 1e+22
230 64 1e+22
231 64 1e+22
232 64 1e+22
233 64 1e+22
234 64 1e+22
235 64 1e+22
236 64 1e+22
237 64 1e+22
238 64 1e+22
239 64 1e+22
240 64 1e+22
241 64 1e+22
242 64 1e+22
243 64 1e+22
244 64 1e+22
245 64 1e+22
246 64 1e+22
247 64 1e+22
248 64 1e+22
249 64 1e+22
189 65 1e+22
190 65 1e+22
191 65 1e+22
192 65 1e+22
193 65 1e+22
194 65 1e+22
195 65 1e+22
196 65 1e+22
197 65 1e+22
198 65 1e+22
199 65 1e+22
200 65 1e+22
201 65 1e+22
202 65 1e+22
203 65 1e+22
204 65 1e+22
205 65 1e+22
206 65 1e+22
207 65 1e+22
208 65 1e+22
209 65 1e+22
210 65 1e+22
211 65 1e+22
212 65 1e+22
213 65 1e+22
214 65 1e+22
215 65 1e+22
216 65 1e+22
217 65 1e+22
218 65 1e+22
219 65 1e+22
220 65 1e+22
221 65 1e+22
222 65 1e+22
223 65 1e+22
224 65 1e+22
225 65 1e+22
226 65 1e+22
227 65 1e+22
228 65 1e+22
229 65 1e+22
230 65 1e+22
231 65 1e+22
232 65 1e+22
233 65 1e+22
234 65 1e+22
235 65 1e+22
236 65 1e+22
237 65 1e+22
238 65 1e+22
239 65 1e+22
240 65 1e+22
241 65 1e+22
242 65 1e+22
243 65 1e+22
244 65 1e+22
245 65 1e+22
246 65 1e+22
247 65 1e+22
248 65 1e+22
249 65 1e+22
189 66 1e+22
190 66 1e+22
191 66 1e+22
192 66 1e+22
193 66 1e+22
194 66 1e+22
195 66 1e+22
196 66 1e+22
197 66 1e+22
198 66 1e+22
199 66 1e+22
200 66 1e+22
201 66 1e+22
202 66 1e+22
203 66 1e+22
204 66 1e+22
205 66 1e+22
206 66 1e+22
207 66 1e+22
208 66 1e+22
209 66 1e+22
210 66 1e+22
211 66 1e+22
212 66 1e+22
213 66 1e+22
214 66 1e+22
215 66 1e+22
216 66 1e+22
217 66 1e+22
218 66 1e+22
219 66 1e+22
220 66 1e+22
221 66 1e+22
222 66 1e+22
223 66 1e+22
224 66 1e+22
225 66 1e+22
226 66 1e+22
227 66 1e+22
228 66 1e+22
229 66 1e+22
230 66 1e+22
231 66 1e+22
232 66 1e+22
233 66 1e+22
234 66 1e+22
235 66 1e+22
236 66 1e+22
237 66 1e+22
238 66 1e+22
239 66 1e+22
240 66 1e+22
241 66 1e+22
242 66 1e+22
243 66 1e+22
244 66 1e+22
245 66 1e+22
246 66 1e+22
247 66 1e+22
248 66 1e+22
249 66 1e+22
189 67 1e+22
190 67 1e+22
191 67 1e+22
192 67 1e+22
193 67 1e+22
194 67 1e+22
195 67 1e+22
196 67 1e+22
197 67 1e+22
198 67 1e+22
199 67 1e+22
200 67 1e+22
201 67 1e+22
202 67 1e+22
203 67 1e+22
204 67 1e+22
205 67 1e+22
206 67 1e+22
207 67 1e+22
208 67 1e+22
209 67 1e+22
210 67 1e+22
211 67 1e+22
212 67 1e+22
213 67 1e+22
214 67 1e+22
215 67 1e+22
216 67 1e+22
217 67 1e+22
218 67 1e+22
219 67 1e+22
220 67 1e+22
221 67 1e+22
222 67 1e+22
223 67 1e+22
224 67 1e+22
225 67 1e+22
226 67 1e+22
227 67 1e+22
228 67 1e+22
229 67 1e+22
230 67 1e+22
231 67 1e+22
232 67 1e+22
233 67 1e+22
234 67 1e+22
235 67 1e+22
236 67 1e+22
237 67 1e+22
238 67 1e+22
239 67 1e+22
240 67 1e+22
241 67 1e+22
242 67 1e+22
243 67 1e+22
244 67 1e+22
245 67 1e+22
246 67 1e+22
247 67 1e+22
248 67 1e+22
249 67 1e+22
189 68 1e+22
190 68 1e+22
191 68 1e+22
192 68 1e+22
193 68 1e+22
194 68 1e+22
195 68 1e+22
196 68 1e+22
197 68 1e+22
198 68 1e+22
199 68 1e+22
200 68 1e+22
201 68 1e+22
202 68 1e+22
203 68 1e+22
204 68 1e+22
205 68 1e+22
206 68 1e+22
207 68 1e+22
208 68 1e+22
209 68 1e+22
210 68 1e+22
211 68 1e+22
212 68 1e+22
213 68 1e+22
214 68 1e+22
215 68 1e+22
216 68 1e+22
217 68 1e+22
218 68 1e+22
219 68 1e+22
220 68 1e+22
221 68 1e+22
222 68 1e+22
223 68 1e+22
224 68 1e+22
225 68 1e+22
226 68 1e+22
227 68 1e+22
228 68 1e+22
229 68 1e+22
230 68 1e+22
231 68 1e+22
232 68 1e+22
233 68 1e+22
234 68 1e+22
235 68 1e+22
236 68 1e+22
237 68 1e+22
238 68 1e+22
239 68 1e+22
240 68 1e+22
241 68 1e+22
242 68 1e+22
243 68 1e+22
244 68 1e+22
245 68 1e+22
246 68 1e+22
247 68 1e+22
248 68 1e+22
249 68 1e+22
189 69 1e+22
190 69 1e+22
191 69 1e+22
192 69 1e+22
193 69 1e+22
194 69 1e+22
195 69 1e+22
196 69 1e+22
197 69 1e+22
198 69 1e+22
199 69 1e+22
200 69 1e+22
201 69 1e+22
202 69 1e+22
203 69 1e+22
204 69 1e+22
205 69 1e+22
206 69 1e+22
207 69 1e+22
208 69 1e+22
209 69 1e+22
210 69 1e+22
211 69 1e+22
212 69 1e+22
213 69 1e+22
214 69 1e+22
215 69 1e+22
216 69 1e+22
217 69 1e+22
218 69 1e+22
219 69 1e+22
220 69 1e+22
221 69 1e+22
222 69 1e+22
223 69 1e+22
224 69 1e+22
225 69 1e+22
226 69 1e+22
227 69 1e+22
228 69 1e+22
229 69 1e+22
230 69 1e+22
231 69 1e+22
232 69 1e+22
233 69 1e+22
234 69 1e+22
235 69 1e+22
236 69 1e+22
237 69 1e+22
238 69 1e+22
239 69 1e+22
240 69 1e+22
241 69 1e+22
242 69 1e+22
243 69 1e+22
244 69 1e+22
245 69 1e+22
246 69 1e+22
247 69 1e+22
248 69 1e+22
249 69 1e+22
189 70 1e+22
190 70 1e+22
191 70 1e+22
192 70 1e+22
193 70 1e+22
194 70 1e+22
195 70 1e+22
196 70 1e+22
197 70 1e+22
198 70 1e+22
199 70 1e+22
200 70 1e+22
201 70 1e+22
202 70 1e+22
203 70 1e+22
204 70 1e+22
205 70 1e+22
206 70 1e+22
207 70 1e+22
208 70 1e+22
209 70 1e+22
210 70 1e+22
211 70 1e+22
212 70 1e+22
213 70 1e+22
214 70 1e+22
215 70 1e+22
216 70 1e+22
217 70 1e+22
218 70 1e+22
219 70 1e+22
220 70 1e+22
221 70 1e+22
222 70 1e+22
223 70 1e+22
224 70 1e+22
225 70 1e+22
226 70 1e+22
227 70 1e+22
228 70 1e+22
229 70 1e+22
230 70 1e+22
231 70 1e+22
232 70 1e+22
233 70 1e+22
234 70 1e+22
235 70 1e+22
236 70 1e+22
237 70 1e+22
238 70 1e+22
239 70 1e+22
240 70 1e+22
241 70 1e+22
242 70 1e+22
243 70 1e+22
244 70 1e+22
245 70 1e+22
246 70 1e+22
247 70 1e+22
248 70 1e+22
249 70 1e+22
189 71 1e+22
190 71 1e+22
191 71 1e+22
192 71 1e+22
193 71 1e+22
194 71 1e+22
195 71 1e+22
196 71 1e+22
197 71 1e+22
198 71 1e+22
199 71 1e+22
200 71 1e+22
201 71 1e+22
202 71 1e+22
203 71 1e+22
204 71 1e+22
205 71 1e+22
206 71 1e+22
207 71 1e+22
208 71 1e+22
209 71 1e+22
210 71 1e+22
211 71 1e+22
212 71 1e+22
213 71 1e+22
214 71 1e+22
215 71 1e+22
216 71 1e+22
217 71 1e+22
218 71 1e+22
219 71 1e+22
220 71 1e+22
221 71 1e+22
222 71 1e+22
223 71 1e+22
224 71 1e+22
225 71 1e+22
226 71 1e+22
227 71 1e+22
228 71 1e+22
229 71 1e+22
230 71 1e+22
231 71 1e+22
232 71 1e+22
233 71 1e+22
234 71 1e+22
235 71 1e+22
236 71 1e+22
237 71 1e+22
238 71 1e+22
239 71 1e+22
240 71 1e+22
241 71 1e+22
242 71 1e+22
243 71 1e+22
244 71 1e+22
245 71 1e+22
246 71 1e+22
247 71 1e+22
248 71 1e+22
249 71 1e+22
189 72 1e+22
190 72 1e+22
191 72 1e+22
192 72 1e+22
193 72 1e+22
194 72 1e+22
195 72 1e+22
196 72 1e+22
197 72 1e+22
198 72 1e+22
199 72 1e+22
200 72 1e+22
201 72 1e+22
202 72 1e+22
203 72 1e+22
204 72 1e+22
205 72 1e+22
206 72 1e+22
207 72 1e+22
208 72 1e+22
209 72 1e+22
210 72 1e+22
211 72 1e+22
212 72 1e+22
213 72 1e+22
214 72 1e+22
215 72 1e+22
216 72 1e+22
217 72 1e+22
218 72 1e+22
219 72 1e+22
220 72 1e+22
221 72 1e+22
222 72 1e+22
223 72 1e+22
224 72 1e+22
225 72 1e+22
226 72 1e+22
227 72 1e+22
228 72 1e+22
229 72 1e+22
230 72 1e+22
231 72 1e+22
232 72 1e+22
233 72 1e+22
234 72 1e+22
235 72 1e+22
236 72 1e+22
237 72 1e+22
238 72 1e+22
239 72 1e+22
240 72 1e+22
241 72 1e+22
242 72 1e+22
243 72 1e+22
244 72 1e+22
245 72 1e+22
246 72 1e+22
247 72 1e+22
248 72 1e+22
249 72 1e+22
189 73 1e+22
190 73 1e+22
191 73 1e+22
192 73 1e+22
193 73 1e+22
194 73 1e+22
195 73 1e+22
196 73 1e+22
197 73 1e+22
198 73 1e+22
199 73 1e+22
200 73 1e+22
201 73 1e+22
202 73 1e+22
203 73 1e+22
204 73 1e+22
205 73 1e+22
206 73 1e+22
207 73 1e+22
208 73 1e+22
209 73 1e+22
210 73 1e+22
211 73 1e+22
212 73 1e+22
213 73 1e+22
214 73 1e+22
215 73 1e+22
216 73 1e+22
217 73 1e+22
218 73 1e+22
219 73 1e+22
220 73 1e+22
221 73 1e+22
222 73 1e+22
223 73 1e+22
224 73 1e+22
225 73 1e+22
226 73 1e+22
227 73 1e+22
228 73 1e+22
229 73 1e+22
230 73 1e+22
231 73 1e+22
232 73 1e+22
233 73 1e+22
234 73 1e+22
235 73 1e+22
236 73 1e+22
237 73 1e+22
238 73 1e+22
239 73 1e+22
240 73 1e+22
241 73 1e+22
242 73 1e+22
243 73 1e+22
244 73 1e+22
245 73 1e+22
246 73 1e+22
247 73 1e+22
248 73 1e+22
249 73 1e+22
189 74 1e+22
190 74 1e+22
191 74 1e+22
192 74 1e+22
193 74 1e+22
194 74 1e+22
195 74 1e+22
196 74 1e+22
197 74 1e+22
198 74 1e+22
199 74 1e+22
200 74 1e+22
201 74 1e+22
202 74 1e+22
203 74 1e+22
204 74 1e+22
205 74 1e+22
206 74 1e+22
207 74 1e+22
208 74 1e+22
209 74 1e+22
210 74 1e+22
211 74 1e+22
212 74 1e+22
213 74 1e+22
214 74 1e+22
215 74 1e+22
216 74 1e+22
217 74 1e+22
218 74 1e+22
219 74 1e+22
220 74 1e+22
221 74 1e+22
222 74 1e+22
223 74 1e+22
224 74 1e+22
225 74 1e+22
226 74 1e+22
227 74 1e+22
228 74 1e+22
229 74 1e+22
230 74 1e+22
231 74 1e+22
232 74 1e+22
233 74 1e+22
234 74 1e+22
235 74 1e+22
236 74 1e+22
237 74 1e+22
238 74 1e+22
239 74 1e+22
240 74 1e+22
241 74 1e+22
242 74 1e+22
243 74 1e+22
244 74 1e+22
245 74 1e+22
246 74 1e+22
247 74 1e+22
248 74 1e+22
249 74 1e+22
189 75 1e+22
190 75 1e+22
191 75 1e+22
192 75 1e+22
193 75 1e+22
194 75 1e+22
195 75 1e+22
196 75 1e+22
197 75 1e+22
198 75 1e+22
199 75 1e+22
200 75 1e+22
201 75 1e+22
202 75 1e+22
203 75 1e+22
204 75 1e+22
205 75 1e+22
206 75 1e+22
207 75 1e+22
208 75 1e+22
209 75 1e+22
210 75 1e+22
211 75 1e+22
212 75 1e+22
213 75 1e+22
214 75 1e+22
215 75 1e+22
216 75 1e+22
217 75 1e+22
218 75 1e+22
219 75 1e+22
220 75 1e+22
221 75 1e+22
222 75 1e+22
223 75 1e+22
224 75 1e+22
225 75 1e+22
226 75 1e+22
227 75 1e+22
228 75 1e+22
229 75 1e+22
230 75 1e+22
231 75 1e+22
232 75 1e+22
233 75 1e+22
234 75 1e+22
235 75 1e+22
236 75 1e+22
237 75 1e+22
238 75 1e+22
239 75 1e+22
240 75 1e+22
241 75 1e+22
242 75 1e+22
243 75 1e+22
244 75 1e+22
245 75 1e+22
246 75 1e+22
247 75 1e+22
248 75 1e+22
249 75 1e+22
189 76 1e+22
190 76 1e+22
191 76 1e+22
192 76 1e+22
193 76 1e+22
194 76 1e+22
195 76 1e+22
196 76 1e+22
197 76 1e+22
198 76 1e+22
199 76 1e+22
200 76 1e+22
201 76 1e+22
202 76 1e+22
203 76 1e+22
204 76 1e+22
205 76 1e+22
206 76 1e+22
207 76 1e+22
208 76 1e+22
209 76 1e+22
210 76 1e+22
211 76 1e+22
212 76 1e+22
213 76 1e+22
214 76 1e+22
215 76 1e+22
216 76 1e+22
217 76 1e+22
218 76 1e+22
219 76 1e+22
220 76 1e+22
221 76 1e+22
222 76 1e+22
223 76 1e+22
224 76 1e+22
225 76 1e+22
226 76 1e+22
227 76 1e+22
228 76 1e+22
229 76 1e+22
230 76 1e+22
231 76 1e+22
232 76 1e+22
233 76 1e+22
234 76 1e+22
235 76 1e+22
236 76 1e+22
237 76 1e+22
238 76 1e+22
239 76 1e+22
240 76 1e+22
241 76 1e+22
242 76 1e+22
243 76 1e+22
244 76 1e+22
245 76 1e+22
246 76 1e+22
247 76 1e+22
248 76 1e+22
249 76 1e+22
189 77 1e+22
190 77 1e+22
191 77 1e+22
192 77 1e+22
193 77 1e+22
194 77 1e+22
195 77 1e+22
196 77 1e+22
197 77 1e+22
198 77 1e+22
199 77 1e+22
200 77 1e+22
201 77 1e+22
202 77 1e+22
203 77 1e+22
204 77 1e+22
205 77 1e+22
206 77 1e+22
207 77 1e+22
208 77 1e+22
209 77 1e+22
210 77 1e+22
211 77 1e+22
212 77 1e+22
213 77 1e+22
214 77 1e+22
215 77 1e+22
216 77 1e+22
217 77 1e+22
218 77 1e+22
219 77 1e+22
220 77 1e+22
221 77 1e+22
222 77 1e+22
223 77 1e+22
224 77 1e+22
225 77 1e+22
226 77 1e+22
227 77 1e+22
228 77 1e+22
229 77 1e+22
230 77 1e+22
231 77 1e+22
232 77 1e+22
233 77 1e+22
234 77 1e+22
235 77 1e+22
236 77 1e+22
237 77 1e+22
238 77 1e+22
239 77 1e+22
240 77 1e+22
241 77 1e+22
242 77 1e+22
243 77 1e+22
244 77 1e+22
245 77 1e+22
246 77 1e+22
247 77 1e+22
248 77 1e+22
249 77 1e+22
189 78 1e+22
190 78 1e+22
191 78 1e+22
192 78 1e+22
193 78 1e+22
194 78 1e+22
195 78 1e+22
196 78 1e+22
197 78 1e+22
198 78 1e+22
199 78 1e+22
200 78 1e+22
201 78 1e+22
202 78 1e+22
203 78 1e+22
204 78 1e+22
205 78 1e+22
206 78 1e+22
207 78 1e+22
208 78 1e+22
209 78 1e+22
210 78 1e+22
211 78 1e+22
212 78 1e+22
213 78 1e+22
214 78 1e+22
215 78 1e+22
216 78 1e+22
217 78 1e+22
218 78 1e+22
219 78 1e+22
220 78 1e+22
221 78 1e+22
222 78 1e+22
223 78 1e+22
224 78 1e+22
225 78 1e+22
226 78 1e+22
227 78 1e+22
228 78 1e+22
229 78 1e+22
230 78 1e+22
231 78 1e+22
232 78 1e+22
233 78 1e+22
234 78 1e+22
235 78 1e+22
236 78 1e+22
237 78 1e+22
238 78 1e+22
239 78 1e+22
240 78 1e+22
241 78 1e+22
242 78 1e+22
243 78 1e+22
244 78 1e+22
245 78 1e+22
246 78 1e+22
247 78 1e+22
248 78 1e+22
249 78 1e+22
189 79 1e+22
190 79 1e+22
191 79 1e+22
192 79 1e+22
193 79 1e+22
194 79 1e+22
195 79 1e+22
196 79 1e+22
197 79 1e+22
198 79 1e+22
199 79 1e+22
200 79 1e+22
201 79 1e+22
202 79 1e+22
203 79 1e+22
204 79 1e+22
205 79 1e+22
206 79 1e+22
207 79 1e+22
208 79 1e+22
209 79 1e+22
210 79 1e+22
211 79 1e+22
212 79 1e+22
213 79 1e+22
214 79 1e+22
215 79 1e+22
216 79 1e+22
217 79 1e+22
218 79 1e+22
219 79 1e+22
220 79 1e+22
221 79 1e+22
222 79 1e+22
223 79 1e+22
224 79 1e+22
225 79 1e+22
226 79 1e+22
227 79 1e+22
228 79 1e+22
229 79 1e+22
230 79 1e+22
231 79 1e+22
232 79 1e+22
233 79 1e+22
234 79 1e+22
235 79 1e+22
236 79 1e+22
237 79 1e+22
238 79 1e+22
239 79 1e+22
240 79 1e+22
241 79 1e+22
242 79 1e+22
243 79 1e+22
244 79 1e+22
245 79 1e+22
246 79 1e+22
247 79 1e+22
248 79 1e+22
249 79 1e+22
