126 0 4.31228e+19
127 0 4.31639e+19
128 0 4.31572e+19
129 0 4.31425e+19
130 0 4.31097e+19
131 0 4.30573e+19
132 0 4.30706e+19
133 0 4.31032e+19
134 0 4.3118e+19
135 0 4.31007e+19
136 0 4.30787e+19
137 0 4.30847e+19
138 0 4.31179e+19
139 0 4.31533e+19
140 0 4.31222e+19
141 0 4.30958e+19
142 0 4.31293e+19
143 0 4.31301e+19
144 0 4.30894e+19
145 0 4.30568e+19
146 0 4.30466e+19
147 0 4.30745e+19
148 0 4.31453e+19
149 0 4.31344e+19
150 0 4.3089e+19
151 0 4.30991e+19
152 0 4.3087e+19
153 0 4.30735e+19
154 0 4.31476e+19
155 0 4.31783e+19
156 0 4.31117e+19
157 0 4.30947e+19
158 0 4.31049e+19
159 0 4.30859e+19
160 0 4.30536e+19
161 0 4.30984e+19
162 0 4.31248e+19
163 0 4.30928e+19
164 0 4.31301e+19
165 0 4.30844e+19
166 0 4.30365e+19
167 0 4.30993e+19
168 0 4.30842e+19
169 0 4.31166e+19
170 0 4.31876e+19
171 0 4.31524e+19
172 0 4.31147e+19
173 0 4.30898e+19
174 0 4.31063e+19
175 0 4.31154e+19
176 0 4.30888e+19
177 0 4.31019e+19
178 0 4.31312e+19
179 0 4.31073e+19
180 0 4.30595e+19
181 0 4.30981e+19
182 0 4.31059e+19
183 0 4.31769e+19
184 0 4.31686e+19
185 0 4.30693e+19
186 0 4.30977e+19
187 0 4.30944e+19
188 0 4.30911e+19
126 1 4.41972e+19
127 1 4.41924e+19
128 1 4.41781e+19
129 1 4.41956e+19
130 1 4.41999e+19
131 1 4.41663e+19
132 1 4.41811e+19
133 1 4.41825e+19
134 1 4.41788e+19
135 1 4.41855e+19
136 1 4.41705e+19
137 1 4.41696e+19
138 1 4.41645e+19
139 1 4.41547e+19
140 1 4.41502e+19
141 1 4.41609e+19
142 1 4.41759e+19
143 1 4.41676e+19
144 1 4.41922e+19
145 1 4.4215e+19
146 1 4.41892e+19
147 1 4.41713e+19
148 1 4.41909e+19
149 1 4.41819e+19
150 1 4.41337e+19
151 1 4.41457e+19
152 1 4.42079e+19
153 1 4.42175e+19
154 1 4.42001e+19
155 1 4.41973e+19
156 1 4.42039e+19
157 1 4.41889e+19
158 1 4.41758e+19
159 1 4.41961e+19
160 1 4.4162e+19
161 1 4.41565e+19
162 1 4.42191e+19
163 1 4.41948e+19
164 1 4.41978e+19
165 1 4.41928e+19
166 1 4.41591e+19
167 1 4.42068e+19
168 1 4.42113e+19
169 1 4.41696e+19
170 1 4.41669e+19
171 1 4.41674e+19
172 1 4.41537e+19
173 1 4.41769e+19
174 1 4.42134e+19
175 1 4.42124e+19
176 1 4.42054e+19
177 1 4.42055e+19
178 1 4.42055e+19
179 1 4.41845e+19
180 1 4.4194e+19
181 1 4.4196e+19
182 1 4.4162e+19
183 1 4.41831e+19
184 1 4.41593e+19
185 1 4.41153e+19
186 1 4.41509e+19
187 1 4.41803e+19
188 1 4.41592e+19
126 2 4.54955e+19
127 2 4.55093e+19
128 2 4.55113e+19
129 2 4.54814e+19
130 2 4.55095e+19
131 2 4.5546e+19
132 2 4.55006e+19
133 2 4.54853e+19
134 2 4.55178e+19
135 2 4.55237e+19
136 2 4.55077e+19
137 2 4.55185e+19
138 2 4.54991e+19
139 2 4.54778e+19
140 2 4.54945e+19
141 2 4.54905e+19
142 2 4.54803e+19
143 2 4.55069e+19
144 2 4.5546e+19
145 2 4.55183e+19
146 2 4.55118e+19
147 2 4.55307e+19
148 2 4.55093e+19
149 2 4.55167e+19
150 2 4.55073e+19
151 2 4.54811e+19
152 2 4.55139e+19
153 2 4.55402e+19
154 2 4.55044e+19
155 2 4.55104e+19
156 2 4.54995e+19
157 2 4.54785e+19
158 2 4.55212e+19
159 2 4.55357e+19
160 2 4.55291e+19
161 2 4.55163e+19
162 2 4.55115e+19
163 2 4.55357e+19
164 2 4.55417e+19
165 2 4.55565e+19
166 2 4.5565e+19
167 2 4.55365e+19
168 2 4.55502e+19
169 2 4.55387e+19
170 2 4.55221e+19
171 2 4.55289e+19
172 2 4.5496e+19
173 2 4.55182e+19
174 2 4.5528e+19
175 2 4.5488e+19
176 2 4.55096e+19
177 2 4.55089e+19
178 2 4.55256e+19
179 2 4.55904e+19
180 2 4.55668e+19
181 2 4.55016e+19
182 2 4.55084e+19
183 2 4.54969e+19
184 2 4.55081e+19
185 2 4.55226e+19
186 2 4.5509e+19
187 2 4.55429e+19
188 2 4.55411e+19
126 3 4.68834e+19
127 3 4.68709e+19
128 3 4.68774e+19
129 3 4.68736e+19
130 3 4.68426e+19
131 3 4.68701e+19
132 3 4.68518e+19
133 3 4.6855e+19
134 3 4.68801e+19
135 3 4.68891e+19
136 3 4.69098e+19
137 3 4.69166e+19
138 3 4.69123e+19
139 3 4.69094e+19
140 3 4.69126e+19
141 3 4.69013e+19
142 3 4.68706e+19
143 3 4.68746e+19
144 3 4.68817e+19
145 3 4.6861e+19
146 3 4.68689e+19
147 3 4.68728e+19
148 3 4.68687e+19
149 3 4.68916e+19
150 3 4.69067e+19
151 3 4.68918e+19
152 3 4.68614e+19
153 3 4.68775e+19
154 3 4.68988e+19
155 3 4.68994e+19
156 3 4.68881e+19
157 3 4.68779e+19
158 3 4.68918e+19
159 3 4.68789e+19
160 3 4.69067e+19
161 3 4.69241e+19
162 3 4.68654e+19
163 3 4.6853e+19
164 3 4.68702e+19
165 3 4.68935e+19
166 3 4.69011e+19
167 3 4.68706e+19
168 3 4.6843e+19
169 3 4.68692e+19
170 3 4.68972e+19
171 3 4.6883e+19
172 3 4.69069e+19
173 3 4.68875e+19
174 3 4.68363e+19
175 3 4.68324e+19
176 3 4.6862e+19
177 3 4.6893e+19
178 3 4.6883e+19
179 3 4.69081e+19
180 3 4.6902e+19
181 3 4.68668e+19
182 3 4.68869e+19
183 3 4.68845e+19
184 3 4.68845e+19
185 3 4.69248e+19
186 3 4.69089e+19
187 3 4.68677e+19
188 3 4.69083e+19
126 4 4.82901e+19
127 4 4.83128e+19
128 4 4.82916e+19
129 4 4.8298e+19
130 4 4.82834e+19
131 4 4.82605e+19
132 4 4.82965e+19
133 4 4.82788e+19
134 4 4.82552e+19
135 4 4.82795e+19
136 4 4.83052e+19
137 4 4.82956e+19
138 4 4.82833e+19
139 4 4.83118e+19
140 4 4.83057e+19
141 4 4.82821e+19
142 4 4.83153e+19
143 4 4.83184e+19
144 4 4.82963e+19
145 4 4.83151e+19
146 4 4.8301e+19
147 4 4.82743e+19
148 4 4.82861e+19
149 4 4.82838e+19
150 4 4.82681e+19
151 4 4.8279e+19
152 4 4.82853e+19
153 4 4.83039e+19
154 4 4.82949e+19
155 4 4.82833e+19
156 4 4.83429e+19
157 4 4.83463e+19
158 4 4.82951e+19
159 4 4.8293e+19
160 4 4.83082e+19
161 4 4.82972e+19
162 4 4.82834e+19
163 4 4.82823e+19
164 4 4.82799e+19
165 4 4.82765e+19
166 4 4.82944e+19
167 4 4.82929e+19
168 4 4.82681e+19
169 4 4.82785e+19
170 4 4.83004e+19
171 4 4.83131e+19
172 4 4.82864e+19
173 4 4.82416e+19
174 4 4.8284e+19
175 4 4.83223e+19
176 4 4.82776e+19
177 4 4.83097e+19
178 4 4.83334e+19
179 4 4.82877e+19
180 4 4.82936e+19
181 4 4.83064e+19
182 4 4.83024e+19
183 4 4.83106e+19
184 4 4.8313e+19
185 4 4.83134e+19
186 4 4.82996e+19
187 4 4.83032e+19
188 4 4.83072e+19
126 5 4.97088e+19
127 5 4.97284e+19
128 5 4.97118e+19
129 5 4.97079e+19
130 5 4.97299e+19
131 5 4.97418e+19
132 5 4.97703e+19
133 5 4.9788e+19
134 5 4.97603e+19
135 5 4.97282e+19
136 5 4.97416e+19
137 5 4.97453e+19
138 5 4.97309e+19
139 5 4.97156e+19
140 5 4.97181e+19
141 5 4.97473e+19
142 5 4.97522e+19
143 5 4.97298e+19
144 5 4.97159e+19
145 5 4.97441e+19
146 5 4.97455e+19
147 5 4.97479e+19
148 5 4.97839e+19
149 5 4.97724e+19
150 5 4.97493e+19
151 5 4.97306e+19
152 5 4.97377e+19
153 5 4.97602e+19
154 5 4.97656e+19
155 5 4.97549e+19
156 5 4.97348e+19
157 5 4.97499e+19
158 5 4.97495e+19
159 5 4.97462e+19
160 5 4.97196e+19
161 5 4.96977e+19
162 5 4.97212e+19
163 5 4.97573e+19
164 5 4.97801e+19
165 5 4.97117e+19
166 5 4.97267e+19
167 5 4.97731e+19
168 5 4.97617e+19
169 5 4.97527e+19
170 5 4.97348e+19
171 5 4.97381e+19
172 5 4.97283e+19
173 5 4.97378e+19
174 5 4.97782e+19
175 5 4.9825e+19
176 5 4.97725e+19
177 5 4.9707e+19
178 5 4.97144e+19
179 5 4.97274e+19
180 5 4.97456e+19
181 5 4.97398e+19
182 5 4.97301e+19
183 5 4.97404e+19
184 5 4.97481e+19
185 5 4.97163e+19
186 5 4.97298e+19
187 5 4.97865e+19
188 5 4.97693e+19
126 6 5.12378e+19
127 6 5.11744e+19
128 6 5.11597e+19
129 6 5.12106e+19
130 6 5.12186e+19
131 6 5.12201e+19
132 6 5.12465e+19
133 6 5.12524e+19
134 6 5.12256e+19
135 6 5.12114e+19
136 6 5.12237e+19
137 6 5.12392e+19
138 6 5.12353e+19
139 6 5.1197e+19
140 6 5.12072e+19
141 6 5.12322e+19
142 6 5.12248e+19
143 6 5.12291e+19
144 6 5.12317e+19
145 6 5.12295e+19
146 6 5.12141e+19
147 6 5.12321e+19
148 6 5.12368e+19
149 6 5.11842e+19
150 6 5.12102e+19
151 6 5.12701e+19
152 6 5.12426e+19
153 6 5.12107e+19
154 6 5.12433e+19
155 6 5.1246e+19
156 6 5.12025e+19
157 6 5.1186e+19
158 6 5.12281e+19
159 6 5.12511e+19
160 6 5.12214e+19
161 6 5.11964e+19
162 6 5.12257e+19
163 6 5.12351e+19
164 6 5.12064e+19
165 6 5.12097e+19
166 6 5.12058e+19
167 6 5.12126e+19
168 6 5.12315e+19
169 6 5.12361e+19
170 6 5.12224e+19
171 6 5.11931e+19
172 6 5.12245e+19
173 6 5.12338e+19
174 6 5.12291e+19
175 6 5.12604e+19
176 6 5.12473e+19
177 6 5.12031e+19
178 6 5.11952e+19
179 6 5.12117e+19
180 6 5.12154e+19
181 6 5.12394e+19
182 6 5.12321e+19
183 6 5.12301e+19
184 6 5.1218e+19
185 6 5.12128e+19
186 6 5.12119e+19
187 6 5.12094e+19
188 6 5.12312e+19
126 7 5.27538e+19
127 7 5.27525e+19
128 7 5.27592e+19
129 7 5.27523e+19
130 7 5.27535e+19
131 7 5.27105e+19
132 7 5.272e+19
133 7 5.27256e+19
134 7 5.27527e+19
135 7 5.27632e+19
136 7 5.27255e+19
137 7 5.27128e+19
138 7 5.27175e+19
139 7 5.27406e+19
140 7 5.27723e+19
141 7 5.277e+19
142 7 5.27645e+19
143 7 5.27831e+19
144 7 5.27674e+19
145 7 5.27596e+19
146 7 5.27596e+19
147 7 5.27359e+19
148 7 5.27436e+19
149 7 5.27368e+19
150 7 5.2702e+19
151 7 5.27483e+19
152 7 5.27853e+19
153 7 5.27634e+19
154 7 5.27374e+19
155 7 5.27244e+19
156 7 5.27162e+19
157 7 5.27336e+19
158 7 5.27843e+19
159 7 5.27853e+19
160 7 5.27686e+19
161 7 5.27445e+19
162 7 5.27573e+19
163 7 5.27838e+19
164 7 5.27501e+19
165 7 5.27857e+19
166 7 5.27792e+19
167 7 5.27205e+19
168 7 5.27279e+19
169 7 5.27598e+19
170 7 5.27612e+19
171 7 5.27452e+19
172 7 5.27478e+19
173 7 5.27589e+19
174 7 5.27666e+19
175 7 5.27173e+19
176 7 5.2715e+19
177 7 5.27608e+19
178 7 5.27578e+19
179 7 5.27312e+19
180 7 5.27355e+19
181 7 5.27613e+19
182 7 5.27679e+19
183 7 5.27483e+19
184 7 5.27596e+19
185 7 5.27862e+19
186 7 5.27639e+19
187 7 5.27502e+19
188 7 5.27432e+19
126 8 5.43035e+19
127 8 5.43393e+19
128 8 5.43532e+19
129 8 5.42966e+19
130 8 5.43181e+19
131 8 5.43305e+19
132 8 5.43055e+19
133 8 5.43117e+19
134 8 5.43361e+19
135 8 5.43234e+19
136 8 5.42774e+19
137 8 5.42876e+19
138 8 5.43216e+19
139 8 5.43497e+19
140 8 5.43261e+19
141 8 5.43139e+19
142 8 5.43144e+19
143 8 5.43064e+19
144 8 5.43062e+19
145 8 5.4298e+19
146 8 5.43256e+19
147 8 5.43648e+19
148 8 5.43628e+19
149 8 5.43497e+19
150 8 5.43191e+19
151 8 5.42964e+19
152 8 5.43182e+19
153 8 5.43166e+19
154 8 5.43251e+19
155 8 5.43315e+19
156 8 5.43008e+19
157 8 5.43029e+19
158 8 5.43049e+19
159 8 5.43067e+19
160 8 5.42822e+19
161 8 5.43282e+19
162 8 5.43494e+19
163 8 5.42979e+19
164 8 5.4315e+19
165 8 5.43268e+19
166 8 5.43399e+19
167 8 5.43259e+19
168 8 5.43266e+19
169 8 5.4316e+19
170 8 5.4281e+19
171 8 5.43201e+19
172 8 5.43295e+19
173 8 5.43507e+19
174 8 5.42911e+19
175 8 5.42757e+19
176 8 5.43605e+19
177 8 5.43256e+19
178 8 5.42963e+19
179 8 5.43228e+19
180 8 5.43296e+19
181 8 5.43009e+19
182 8 5.43095e+19
183 8 5.43015e+19
184 8 5.42871e+19
185 8 5.431e+19
186 8 5.43467e+19
187 8 5.43514e+19
188 8 5.43151e+19
126 9 5.5915e+19
127 9 5.5901e+19
128 9 5.59348e+19
129 9 5.59097e+19
130 9 5.58909e+19
131 9 5.5939e+19
132 9 5.59468e+19
133 9 5.59524e+19
134 9 5.59188e+19
135 9 5.58962e+19
136 9 5.59303e+19
137 9 5.59223e+19
138 9 5.59106e+19
139 9 5.59367e+19
140 9 5.59145e+19
141 9 5.59151e+19
142 9 5.59307e+19
143 9 5.59299e+19
144 9 5.59556e+19
145 9 5.59399e+19
146 9 5.59224e+19
147 9 5.59626e+19
148 9 5.59602e+19
149 9 5.59164e+19
150 9 5.59592e+19
151 9 5.59458e+19
152 9 5.59141e+19
153 9 5.5946e+19
154 9 5.59608e+19
155 9 5.59724e+19
156 9 5.59736e+19
157 9 5.59307e+19
158 9 5.58856e+19
159 9 5.59039e+19
160 9 5.59161e+19
161 9 5.59611e+19
162 9 5.5966e+19
163 9 5.5907e+19
164 9 5.59041e+19
165 9 5.59162e+19
166 9 5.59293e+19
167 9 5.59446e+19
168 9 5.59735e+19
169 9 5.59465e+19
170 9 5.59609e+19
171 9 5.59816e+19
172 9 5.59362e+19
173 9 5.59471e+19
174 9 5.59056e+19
175 9 5.59076e+19
176 9 5.59773e+19
177 9 5.59668e+19
178 9 5.59572e+19
179 9 5.59648e+19
180 9 5.59598e+19
181 9 5.597e+19
182 9 5.59672e+19
183 9 5.59798e+19
184 9 5.59532e+19
185 9 5.59216e+19
186 9 5.59284e+19
187 9 5.59103e+19
188 9 5.59171e+19
126 10 5.75687e+19
127 10 5.75531e+19
128 10 5.7575e+19
129 10 5.75949e+19
130 10 5.7555e+19
131 10 5.75335e+19
132 10 5.75537e+19
133 10 5.75747e+19
134 10 5.75608e+19
135 10 5.75895e+19
136 10 5.76372e+19
137 10 5.762e+19
138 10 5.75867e+19
139 10 5.75701e+19
140 10 5.75937e+19
141 10 5.75734e+19
142 10 5.75467e+19
143 10 5.75891e+19
144 10 5.75966e+19
145 10 5.75896e+19
146 10 5.76178e+19
147 10 5.7592e+19
148 10 5.75629e+19
149 10 5.75753e+19
150 10 5.76008e+19
151 10 5.76136e+19
152 10 5.76133e+19
153 10 5.76293e+19
154 10 5.76076e+19
155 10 5.75609e+19
156 10 5.76101e+19
157 10 5.76611e+19
158 10 5.76198e+19
159 10 5.76051e+19
160 10 5.76098e+19
161 10 5.75849e+19
162 10 5.75796e+19
163 10 5.76056e+19
164 10 5.75989e+19
165 10 5.75974e+19
166 10 5.76111e+19
167 10 5.76325e+19
168 10 5.76095e+19
169 10 5.76264e+19
170 10 5.7677e+19
171 10 5.75965e+19
172 10 5.75715e+19
173 10 5.7584e+19
174 10 5.75929e+19
175 10 5.75956e+19
176 10 5.75975e+19
177 10 5.76175e+19
178 10 5.76062e+19
179 10 5.75857e+19
180 10 5.75974e+19
181 10 5.76023e+19
182 10 5.75946e+19
183 10 5.76196e+19
184 10 5.76318e+19
185 10 5.76306e+19
186 10 5.75989e+19
187 10 5.75923e+19
188 10 5.76202e+19
126 11 5.92884e+19
127 11 5.93213e+19
128 11 5.92955e+19
129 11 5.92835e+19
130 11 5.92875e+19
131 11 5.9276e+19
132 11 5.9241e+19
133 11 5.92288e+19
134 11 5.92713e+19
135 11 5.92857e+19
136 11 5.92795e+19
137 11 5.92767e+19
138 11 5.93089e+19
139 11 5.9312e+19
140 11 5.92792e+19
141 11 5.92599e+19
142 11 5.92522e+19
143 11 5.92772e+19
144 11 5.92517e+19
145 11 5.92479e+19
146 11 5.9306e+19
147 11 5.92938e+19
148 11 5.92699e+19
149 11 5.92959e+19
150 11 5.92743e+19
151 11 5.92793e+19
152 11 5.93035e+19
153 11 5.92676e+19
154 11 5.92668e+19
155 11 5.92681e+19
156 11 5.93023e+19
157 11 5.9326e+19
158 11 5.93171e+19
159 11 5.92912e+19
160 11 5.92542e+19
161 11 5.92529e+19
162 11 5.92642e+19
163 11 5.92777e+19
164 11 5.93252e+19
165 11 5.93101e+19
166 11 5.92646e+19
167 11 5.9303e+19
168 11 5.92745e+19
169 11 5.92686e+19
170 11 5.92904e+19
171 11 5.92737e+19
172 11 5.92766e+19
173 11 5.92799e+19
174 11 5.93117e+19
175 11 5.93163e+19
176 11 5.93072e+19
177 11 5.92993e+19
178 11 5.92802e+19
179 11 5.92764e+19
180 11 5.9285e+19
181 11 5.92837e+19
182 11 5.92694e+19
183 11 5.92551e+19
184 11 5.92642e+19
185 11 5.93077e+19
186 11 5.93138e+19
187 11 5.93386e+19
188 11 5.93463e+19
126 12 6.10285e+19
127 12 6.10351e+19
128 12 6.10517e+19
129 12 6.10176e+19
130 12 6.10367e+19
131 12 6.10509e+19
132 12 6.10132e+19
133 12 6.10505e+19
134 12 6.10479e+19
135 12 6.10036e+19
136 12 6.1024e+19
137 12 6.10127e+19
138 12 6.09833e+19
139 12 6.10596e+19
140 12 6.10651e+19
141 12 6.10388e+19
142 12 6.10853e+19
143 12 6.10561e+19
144 12 6.09905e+19
145 12 6.10183e+19
146 12 6.10417e+19
147 12 6.10235e+19
148 12 6.10556e+19
149 12 6.10987e+19
150 12 6.10754e+19
151 12 6.10073e+19
152 12 6.1007e+19
153 12 6.10264e+19
154 12 6.10448e+19
155 12 6.10912e+19
156 12 6.10421e+19
157 12 6.1014e+19
158 12 6.10566e+19
159 12 6.1046e+19
160 12 6.10378e+19
161 12 6.10382e+19
162 12 6.10339e+19
163 12 6.1046e+19
164 12 6.10875e+19
165 12 6.10441e+19
166 12 6.09945e+19
167 12 6.10125e+19
168 12 6.10241e+19
169 12 6.10285e+19
170 12 6.10127e+19
171 12 6.10618e+19
172 12 6.11085e+19
173 12 6.10763e+19
174 12 6.10462e+19
175 12 6.10338e+19
176 12 6.10239e+19
177 12 6.10503e+19
178 12 6.10469e+19
179 12 6.10789e+19
180 12 6.10857e+19
181 12 6.10607e+19
182 12 6.1064e+19
183 12 6.10496e+19
184 12 6.10297e+19
185 12 6.10177e+19
186 12 6.1041e+19
187 12 6.1039e+19
188 12 6.10051e+19
126 13 6.27764e+19
127 13 6.27382e+19
128 13 6.27625e+19
129 13 6.28156e+19
130 13 6.28169e+19
131 13 6.28184e+19
132 13 6.2862e+19
133 13 6.287e+19
134 13 6.27986e+19
135 13 6.28233e+19
136 13 6.28436e+19
137 13 6.27992e+19
138 13 6.2814e+19
139 13 6.28365e+19
140 13 6.28844e+19
141 13 6.28591e+19
142 13 6.28186e+19
143 13 6.28548e+19
144 13 6.28779e+19
145 13 6.2892e+19
146 13 6.28375e+19
147 13 6.28195e+19
148 13 6.28646e+19
149 13 6.28591e+19
150 13 6.28668e+19
151 13 6.29085e+19
152 13 6.28464e+19
153 13 6.27955e+19
154 13 6.286e+19
155 13 6.28569e+19
156 13 6.28194e+19
157 13 6.2855e+19
158 13 6.28654e+19
159 13 6.28674e+19
160 13 6.2876e+19
161 13 6.28567e+19
162 13 6.2868e+19
163 13 6.28567e+19
164 13 6.28042e+19
165 13 6.28417e+19
166 13 6.28864e+19
167 13 6.2845e+19
168 13 6.28411e+19
169 13 6.28581e+19
170 13 6.28419e+19
171 13 6.2842e+19
172 13 6.28722e+19
173 13 6.28329e+19
174 13 6.2776e+19
175 13 6.2788e+19
176 13 6.2821e+19
177 13 6.28388e+19
178 13 6.28611e+19
179 13 6.28697e+19
180 13 6.28432e+19
181 13 6.28327e+19
182 13 6.28273e+19
183 13 6.28472e+19
184 13 6.28905e+19
185 13 6.28785e+19
186 13 6.28328e+19
187 13 6.28047e+19
188 13 6.28168e+19
126 14 6.46387e+19
127 14 6.46561e+19
128 14 6.46307e+19
129 14 6.46783e+19
130 14 6.46827e+19
131 14 6.46527e+19
132 14 6.467e+19
133 14 6.46292e+19
134 14 6.46387e+19
135 14 6.46983e+19
136 14 6.46761e+19
137 14 6.46671e+19
138 14 6.46953e+19
139 14 6.46555e+19
140 14 6.46529e+19
141 14 6.46579e+19
142 14 6.46497e+19
143 14 6.46624e+19
144 14 6.46973e+19
145 14 6.47095e+19
146 14 6.46895e+19
147 14 6.47359e+19
148 14 6.46992e+19
149 14 6.46148e+19
150 14 6.46523e+19
151 14 6.47144e+19
152 14 6.46973e+19
153 14 6.46857e+19
154 14 6.4698e+19
155 14 6.4655e+19
156 14 6.46589e+19
157 14 6.46512e+19
158 14 6.46444e+19
159 14 6.46709e+19
160 14 6.471e+19
161 14 6.47363e+19
162 14 6.47127e+19
163 14 6.469e+19
164 14 6.46523e+19
165 14 6.46724e+19
166 14 6.47113e+19
167 14 6.47161e+19
168 14 6.47242e+19
169 14 6.46836e+19
170 14 6.46708e+19
171 14 6.4681e+19
172 14 6.46558e+19
173 14 6.46797e+19
174 14 6.4685e+19
175 14 6.46809e+19
176 14 6.47032e+19
177 14 6.46838e+19
178 14 6.4684e+19
179 14 6.4658e+19
180 14 6.46863e+19
181 14 6.47129e+19
182 14 6.46815e+19
183 14 6.469e+19
184 14 6.46919e+19
185 14 6.46716e+19
186 14 6.47256e+19
187 14 6.47337e+19
188 14 6.46949e+19
126 15 6.65227e+19
127 15 6.65715e+19
128 15 6.65839e+19
129 15 6.65772e+19
130 15 6.65751e+19
131 15 6.65565e+19
132 15 6.65583e+19
133 15 6.65572e+19
134 15 6.65776e+19
135 15 6.65379e+19
136 15 6.6505e+19
137 15 6.65923e+19
138 15 6.65929e+19
139 15 6.65493e+19
140 15 6.65566e+19
141 15 6.66147e+19
142 15 6.66235e+19
143 15 6.65571e+19
144 15 6.6572e+19
145 15 6.65623e+19
146 15 6.65644e+19
147 15 6.66128e+19
148 15 6.65736e+19
149 15 6.6561e+19
150 15 6.6557e+19
151 15 6.65533e+19
152 15 6.66036e+19
153 15 6.66171e+19
154 15 6.65827e+19
155 15 6.65606e+19
156 15 6.65594e+19
157 15 6.65644e+19
158 15 6.65646e+19
159 15 6.65648e+19
160 15 6.66117e+19
161 15 6.66044e+19
162 15 6.65455e+19
163 15 6.65814e+19
164 15 6.66299e+19
165 15 6.65867e+19
166 15 6.65489e+19
167 15 6.65731e+19
168 15 6.65784e+19
169 15 6.65743e+19
170 15 6.6594e+19
171 15 6.65858e+19
172 15 6.65769e+19
173 15 6.65987e+19
174 15 6.66148e+19
175 15 6.66142e+19
176 15 6.65991e+19
177 15 6.65981e+19
178 15 6.65745e+19
179 15 6.65726e+19
180 15 6.66053e+19
181 15 6.65852e+19
182 15 6.65946e+19
183 15 6.66105e+19
184 15 6.65679e+19
185 15 6.65596e+19
186 15 6.66218e+19
187 15 6.66397e+19
188 15 6.66184e+19
126 16 6.84546e+19
127 16 6.84698e+19
128 16 6.84823e+19
129 16 6.84238e+19
130 16 6.84346e+19
131 16 6.84963e+19
132 16 6.85278e+19
133 16 6.854e+19
134 16 6.85402e+19
135 16 6.84869e+19
136 16 6.85017e+19
137 16 6.85195e+19
138 16 6.85057e+19
139 16 6.85147e+19
140 16 6.85097e+19
141 16 6.85542e+19
142 16 6.85514e+19
143 16 6.85332e+19
144 16 6.85519e+19
145 16 6.85094e+19
146 16 6.84941e+19
147 16 6.85014e+19
148 16 6.85162e+19
149 16 6.85254e+19
150 16 6.85103e+19
151 16 6.85262e+19
152 16 6.85485e+19
153 16 6.85247e+19
154 16 6.85006e+19
155 16 6.85282e+19
156 16 6.85606e+19
157 16 6.85809e+19
158 16 6.85565e+19
159 16 6.8545e+19
160 16 6.84995e+19
161 16 6.84686e+19
162 16 6.85258e+19
163 16 6.85274e+19
164 16 6.85422e+19
165 16 6.85562e+19
166 16 6.84778e+19
167 16 6.84632e+19
168 16 6.85058e+19
169 16 6.85462e+19
170 16 6.85472e+19
171 16 6.85413e+19
172 16 6.85255e+19
173 16 6.84898e+19
174 16 6.85576e+19
175 16 6.85354e+19
176 16 6.84642e+19
177 16 6.85274e+19
178 16 6.8564e+19
179 16 6.8543e+19
180 16 6.8516e+19
181 16 6.85127e+19
182 16 6.85407e+19
183 16 6.85271e+19
184 16 6.85473e+19
185 16 6.85823e+19
186 16 6.85259e+19
187 16 6.85014e+19
188 16 6.85438e+19
126 17 7.04159e+19
127 17 7.04619e+19
128 17 7.05e+19
129 17 7.04825e+19
130 17 7.04636e+19
131 17 7.05219e+19
132 17 7.05563e+19
133 17 7.05407e+19
134 17 7.05407e+19
135 17 7.05507e+19
136 17 7.05329e+19
137 17 7.04771e+19
138 17 7.04872e+19
139 17 7.0515e+19
140 17 7.05008e+19
141 17 7.04667e+19
142 17 7.04726e+19
143 17 7.05135e+19
144 17 7.05176e+19
145 17 7.05048e+19
146 17 7.05489e+19
147 17 7.05328e+19
148 17 7.04985e+19
149 17 7.05276e+19
150 17 7.05616e+19
151 17 7.05486e+19
152 17 7.05179e+19
153 17 7.05126e+19
154 17 7.05122e+19
155 17 7.05711e+19
156 17 7.05569e+19
157 17 7.05022e+19
158 17 7.05646e+19
159 17 7.05806e+19
160 17 7.05032e+19
161 17 7.05127e+19
162 17 7.05722e+19
163 17 7.05382e+19
164 17 7.05018e+19
165 17 7.05302e+19
166 17 7.05111e+19
167 17 7.04942e+19
168 17 7.05298e+19
169 17 7.05193e+19
170 17 7.05236e+19
171 17 7.05842e+19
172 17 7.05145e+19
173 17 7.04903e+19
174 17 7.05787e+19
175 17 7.05646e+19
176 17 7.05125e+19
177 17 7.04948e+19
178 17 7.05233e+19
179 17 7.05475e+19
180 17 7.04945e+19
181 17 7.04895e+19
182 17 7.05418e+19
183 17 7.05068e+19
184 17 7.05015e+19
185 17 7.05337e+19
186 17 7.05297e+19
187 17 7.05401e+19
188 17 7.05718e+19
126 18 7.25363e+19
127 18 7.25125e+19
128 18 7.25312e+19
129 18 7.26047e+19
130 18 7.2584e+19
131 18 7.25709e+19
132 18 7.25858e+19
133 18 7.25674e+19
134 18 7.25114e+19
135 18 7.25191e+19
136 18 7.25667e+19
137 18 7.25735e+19
138 18 7.25577e+19
139 18 7.25472e+19
140 18 7.25686e+19
141 18 7.25757e+19
142 18 7.25918e+19
143 18 7.25637e+19
144 18 7.25443e+19
145 18 7.25793e+19
146 18 7.25528e+19
147 18 7.25168e+19
148 18 7.2579e+19
149 18 7.26311e+19
150 18 7.25848e+19
151 18 7.25636e+19
152 18 7.25493e+19
153 18 7.25458e+19
154 18 7.25623e+19
155 18 7.2567e+19
156 18 7.25584e+19
157 18 7.25568e+19
158 18 7.25905e+19
159 18 7.25732e+19
160 18 7.25903e+19
161 18 7.26245e+19
162 18 7.25861e+19
163 18 7.25799e+19
164 18 7.25746e+19
165 18 7.25472e+19
166 18 7.25673e+19
167 18 7.25869e+19
168 18 7.25588e+19
169 18 7.25418e+19
170 18 7.25897e+19
171 18 7.25853e+19
172 18 7.25675e+19
173 18 7.26013e+19
174 18 7.25704e+19
175 18 7.26213e+19
176 18 7.26522e+19
177 18 7.26075e+19
178 18 7.26009e+19
179 18 7.25928e+19
180 18 7.25374e+19
181 18 7.2562e+19
182 18 7.25958e+19
183 18 7.26028e+19
184 18 7.26112e+19
185 18 7.25222e+19
186 18 7.25263e+19
187 18 7.25673e+19
188 18 7.2575e+19
126 19 7.47362e+19
127 19 7.47017e+19
128 19 7.46425e+19
129 19 7.4623e+19
130 19 7.46542e+19
131 19 7.46359e+19
132 19 7.46063e+19
133 19 7.46165e+19
134 19 7.46204e+19
135 19 7.46417e+19
136 19 7.4688e+19
137 19 7.47223e+19
138 19 7.46619e+19
139 19 7.46378e+19
140 19 7.46591e+19
141 19 7.46749e+19
142 19 7.47129e+19
143 19 7.47129e+19
144 19 7.46833e+19
145 19 7.46516e+19
146 19 7.46149e+19
147 19 7.4639e+19
148 19 7.46937e+19
149 19 7.46614e+19
150 19 7.46946e+19
151 19 7.47419e+19
152 19 7.46821e+19
153 19 7.46922e+19
154 19 7.47128e+19
155 19 7.46656e+19
156 19 7.46887e+19
157 19 7.47467e+19
158 19 7.46906e+19
159 19 7.4631e+19
160 19 7.46665e+19
161 19 7.47102e+19
162 19 7.46841e+19
163 19 7.46841e+19
164 19 7.47039e+19
165 19 7.46831e+19
166 19 7.47138e+19
167 19 7.47178e+19
168 19 7.47186e+19
169 19 7.47114e+19
170 19 7.46844e+19
171 19 7.46661e+19
172 19 7.47053e+19
173 19 7.47114e+19
174 19 7.46605e+19
175 19 7.46997e+19
176 19 7.46832e+19
177 19 7.46983e+19
178 19 7.47077e+19
179 19 7.4621e+19
180 19 7.4675e+19
181 19 7.47326e+19
182 19 7.46839e+19
183 19 7.46513e+19
184 19 7.46666e+19
185 19 7.47176e+19
186 19 7.47291e+19
187 19 7.46816e+19
188 19 7.46216e+19
126 20 7.68201e+19
127 20 7.68272e+19
128 20 7.68054e+19
129 20 7.67737e+19
130 20 7.67629e+19
131 20 7.67607e+19
132 20 7.67607e+19
133 20 7.67721e+19
134 20 7.68421e+19
135 20 7.68584e+19
136 20 7.68221e+19
137 20 7.68279e+19
138 20 7.6814e+19
139 20 7.6805e+19
140 20 7.68171e+19
141 20 7.68564e+19
142 20 7.68495e+19
143 20 7.68552e+19
144 20 7.68494e+19
145 20 7.68376e+19
146 20 7.68678e+19
147 20 7.68505e+19
148 20 7.68242e+19
149 20 7.6826e+19
150 20 7.68824e+19
151 20 7.69361e+19
152 20 7.69101e+19
153 20 7.68851e+19
154 20 7.69241e+19
155 20 7.69122e+19
156 20 7.68941e+19
157 20 7.68818e+19
158 20 7.68472e+19
159 20 7.68849e+19
160 20 7.68849e+19
161 20 7.68422e+19
162 20 7.68461e+19
163 20 7.68452e+19
164 20 7.68582e+19
165 20 7.68907e+19
166 20 7.68719e+19
167 20 7.68496e+19
168 20 7.68715e+19
169 20 7.68858e+19
170 20 7.6866e+19
171 20 7.68562e+19
172 20 7.68865e+19
173 20 7.6907e+19
174 20 7.68552e+19
175 20 7.68043e+19
176 20 7.68437e+19
177 20 7.68529e+19
178 20 7.68363e+19
179 20 7.68389e+19
180 20 7.68618e+19
181 20 7.68565e+19
182 20 7.68479e+19
183 20 7.68104e+19
184 20 7.67885e+19
185 20 7.68689e+19
186 20 7.68957e+19
187 20 7.6883e+19
188 20 7.68633e+19
126 21 7.90041e+19
127 21 7.90067e+19
128 21 7.9013e+19
129 21 7.90116e+19
130 21 7.90318e+19
131 21 7.90099e+19
132 21 7.89838e+19
133 21 7.90299e+19
134 21 7.90512e+19
135 21 7.90194e+19
136 21 7.90583e+19
137 21 7.9083e+19
138 21 7.90742e+19
139 21 7.90691e+19
140 21 7.90438e+19
141 21 7.90627e+19
142 21 7.90821e+19
143 21 7.90542e+19
144 21 7.9022e+19
145 21 7.90912e+19
146 21 7.91299e+19
147 21 7.90652e+19
148 21 7.90402e+19
149 21 7.90969e+19
150 21 7.90707e+19
151 21 7.90469e+19
152 21 7.90794e+19
153 21 7.90771e+19
154 21 7.90823e+19
155 21 7.90807e+19
156 21 7.90865e+19
157 21 7.90693e+19
158 21 7.90745e+19
159 21 7.90877e+19
160 21 7.90759e+19
161 21 7.90686e+19
162 21 7.90906e+19
163 21 7.91185e+19
164 21 7.90891e+19
165 21 7.9073e+19
166 21 7.90873e+19
167 21 7.90822e+19
168 21 7.90394e+19
169 21 7.90192e+19
170 21 7.90893e+19
171 21 7.91042e+19
172 21 7.90552e+19
173 21 7.9078e+19
174 21 7.90669e+19
175 21 7.90401e+19
176 21 7.90401e+19
177 21 7.90803e+19
178 21 7.91159e+19
179 21 7.91142e+19
180 21 7.91029e+19
181 21 7.90709e+19
182 21 7.9104e+19
183 21 7.91412e+19
184 21 7.9122e+19
185 21 7.91281e+19
186 21 7.90781e+19
187 21 7.90291e+19
188 21 7.90589e+19
126 22 8.12999e+19
127 22 8.13241e+19
128 22 8.13078e+19
129 22 8.13077e+19
130 22 8.13303e+19
131 22 8.13496e+19
132 22 8.13732e+19
133 22 8.13711e+19
134 22 8.1351e+19
135 22 8.13365e+19
136 22 8.12852e+19
137 22 8.12892e+19
138 22 8.13619e+19
139 22 8.13595e+19
140 22 8.13603e+19
141 22 8.13124e+19
142 22 8.12964e+19
143 22 8.13382e+19
144 22 8.13594e+19
145 22 8.13246e+19
146 22 8.13334e+19
147 22 8.14121e+19
148 22 8.13063e+19
149 22 8.13231e+19
150 22 8.1354e+19
151 22 8.13011e+19
152 22 8.13625e+19
153 22 8.13734e+19
154 22 8.13253e+19
155 22 8.13415e+19
156 22 8.13565e+19
157 22 8.13598e+19
158 22 8.13527e+19
159 22 8.13048e+19
160 22 8.1311e+19
161 22 8.13341e+19
162 22 8.13384e+19
163 22 8.13997e+19
164 22 8.13791e+19
165 22 8.13481e+19
166 22 8.13792e+19
167 22 8.1377e+19
168 22 8.1372e+19
169 22 8.1329e+19
170 22 8.13689e+19
171 22 8.14153e+19
172 22 8.13669e+19
173 22 8.13163e+19
174 22 8.13501e+19
175 22 8.13808e+19
176 22 8.13061e+19
177 22 8.13217e+19
178 22 8.13966e+19
179 22 8.13542e+19
180 22 8.13667e+19
181 22 8.1388e+19
182 22 8.13463e+19
183 22 8.13538e+19
184 22 8.13587e+19
185 22 8.14352e+19
186 22 8.14307e+19
187 22 8.13677e+19
188 22 8.14072e+19
126 23 8.36699e+19
127 23 8.36408e+19
128 23 8.36375e+19
129 23 8.36687e+19
130 23 8.36574e+19
131 23 8.37012e+19
132 23 8.37372e+19
133 23 8.37007e+19
134 23 8.36951e+19
135 23 8.37148e+19
136 23 8.36822e+19
137 23 8.36571e+19
138 23 8.36697e+19
139 23 8.36522e+19
140 23 8.36529e+19
141 23 8.36426e+19
142 23 8.36541e+19
143 23 8.37092e+19
144 23 8.37002e+19
145 23 8.36625e+19
146 23 8.36581e+19
147 23 8.37218e+19
148 23 8.37515e+19
149 23 8.37244e+19
150 23 8.37461e+19
151 23 8.36764e+19
152 23 8.36867e+19
153 23 8.37467e+19
154 23 8.36792e+19
155 23 8.36919e+19
156 23 8.37175e+19
157 23 8.36956e+19
158 23 8.36749e+19
159 23 8.36936e+19
160 23 8.37141e+19
161 23 8.36859e+19
162 23 8.36527e+19
163 23 8.36607e+19
164 23 8.36861e+19
165 23 8.36439e+19
166 23 8.3654e+19
167 23 8.37146e+19
168 23 8.3722e+19
169 23 8.3758e+19
170 23 8.37415e+19
171 23 8.37337e+19
172 23 8.36934e+19
173 23 8.36452e+19
174 23 8.36955e+19
175 23 8.37092e+19
176 23 8.37478e+19
177 23 8.36691e+19
178 23 8.36821e+19
179 23 8.3765e+19
180 23 8.37279e+19
181 23 8.37485e+19
182 23 8.36836e+19
183 23 8.36711e+19
184 23 8.36868e+19
185 23 8.36646e+19
186 23 8.37169e+19
187 23 8.37225e+19
188 23 8.37219e+19
126 24 8.60228e+19
127 24 8.60473e+19
128 24 8.60587e+19
129 24 8.60459e+19
130 24 8.6048e+19
131 24 8.60575e+19
132 24 8.60607e+19
133 24 8.60487e+19
134 24 8.60494e+19
135 24 8.60088e+19
136 24 8.60995e+19
137 24 8.61547e+19
138 24 8.60832e+19
139 24 8.61123e+19
140 24 8.60496e+19
141 24 8.60315e+19
142 24 8.60898e+19
143 24 8.6098e+19
144 24 8.60467e+19
145 24 8.60931e+19
146 24 8.61321e+19
147 24 8.60993e+19
148 24 8.6174e+19
149 24 8.61308e+19
150 24 8.60944e+19
151 24 8.6104e+19
152 24 8.6095e+19
153 24 8.60883e+19
154 24 8.60987e+19
155 24 8.60927e+19
156 24 8.60786e+19
157 24 8.611e+19
158 24 8.61468e+19
159 24 8.60829e+19
160 24 8.60592e+19
161 24 8.6148e+19
162 24 8.61531e+19
163 24 8.60783e+19
164 24 8.60868e+19
165 24 8.60938e+19
166 24 8.61132e+19
167 24 8.61524e+19
168 24 8.6142e+19
169 24 8.61211e+19
170 24 8.60896e+19
171 24 8.60885e+19
172 24 8.60904e+19
173 24 8.60987e+19
174 24 8.61148e+19
175 24 8.61309e+19
176 24 8.61548e+19
177 24 8.61329e+19
178 24 8.61069e+19
179 24 8.61224e+19
180 24 8.60896e+19
181 24 8.60938e+19
182 24 8.61621e+19
183 24 8.6189e+19
184 24 8.61574e+19
185 24 8.61304e+19
186 24 8.61107e+19
187 24 8.60932e+19
188 24 8.60598e+19
126 25 8.85054e+19
127 25 8.85353e+19
128 25 8.85526e+19
129 25 8.85154e+19
130 25 8.85233e+19
131 25 8.85196e+19
132 25 8.85216e+19
133 25 8.85461e+19
134 25 8.85239e+19
135 25 8.84927e+19
136 25 8.8529e+19
137 25 8.85619e+19
138 25 8.85575e+19
139 25 8.85323e+19
140 25 8.85296e+19
141 25 8.85969e+19
142 25 8.85764e+19
143 25 8.85637e+19
144 25 8.86009e+19
145 25 8.85624e+19
146 25 8.85698e+19
147 25 8.85232e+19
148 25 8.84491e+19
149 25 8.84702e+19
150 25 8.84855e+19
151 25 8.85376e+19
152 25 8.85504e+19
153 25 8.85036e+19
154 25 8.85224e+19
155 25 8.85611e+19
156 25 8.85721e+19
157 25 8.85977e+19
158 25 8.86134e+19
159 25 8.85235e+19
160 25 8.85115e+19
161 25 8.85747e+19
162 25 8.85528e+19
163 25 8.85528e+19
164 25 8.85585e+19
165 25 8.85848e+19
166 25 8.86094e+19
167 25 8.85663e+19
168 25 8.85724e+19
169 25 8.85568e+19
170 25 8.8497e+19
171 25 8.85088e+19
172 25 8.86187e+19
173 25 8.86655e+19
174 25 8.86303e+19
175 25 8.86164e+19
176 25 8.86129e+19
177 25 8.86457e+19
178 25 8.85752e+19
179 25 8.85357e+19
180 25 8.8546e+19
181 25 8.85622e+19
182 25 8.86336e+19
183 25 8.85868e+19
184 25 8.85719e+19
185 25 8.85813e+19
186 25 8.85462e+19
187 25 8.85693e+19
188 25 8.85936e+19
126 26 9.10879e+19
127 26 9.10754e+19
128 26 9.1056e+19
129 26 9.10585e+19
130 26 9.10804e+19
131 26 9.11027e+19
132 26 9.1094e+19
133 26 9.10298e+19
134 26 9.10162e+19
135 26 9.11224e+19
136 26 9.11107e+19
137 26 9.10295e+19
138 26 9.10506e+19
139 26 9.10509e+19
140 26 9.11035e+19
141 26 9.11701e+19
142 26 9.11654e+19
143 26 9.10847e+19
144 26 9.10501e+19
145 26 9.10728e+19
146 26 9.10691e+19
147 26 9.10939e+19
148 26 9.11122e+19
149 26 9.11152e+19
150 26 9.11197e+19
151 26 9.11195e+19
152 26 9.10776e+19
153 26 9.10892e+19
154 26 9.11258e+19
155 26 9.11021e+19
156 26 9.10861e+19
157 26 9.10845e+19
158 26 9.10552e+19
159 26 9.11187e+19
160 26 9.11409e+19
161 26 9.10539e+19
162 26 9.10747e+19
163 26 9.11825e+19
164 26 9.11672e+19
165 26 9.11457e+19
166 26 9.11238e+19
167 26 9.10597e+19
168 26 9.10544e+19
169 26 9.11031e+19
170 26 9.11111e+19
171 26 9.1081e+19
172 26 9.10773e+19
173 26 9.11141e+19
174 26 9.11085e+19
175 26 9.10866e+19
176 26 9.10748e+19
177 26 9.10886e+19
178 26 9.10815e+19
179 26 9.1108e+19
180 26 9.11493e+19
181 26 9.10932e+19
182 26 9.10758e+19
183 26 9.10405e+19
184 26 9.10373e+19
185 26 9.11012e+19
186 26 9.11354e+19
187 26 9.10992e+19
188 26 9.11047e+19
126 27 9.35945e+19
127 27 9.36366e+19
128 27 9.36269e+19
129 27 9.36231e+19
130 27 9.36323e+19
131 27 9.36343e+19
132 27 9.36483e+19
133 27 9.36298e+19
134 27 9.36259e+19
135 27 9.36454e+19
136 27 9.36847e+19
137 27 9.36431e+19
138 27 9.36498e+19
139 27 9.3754e+19
140 27 9.37476e+19
141 27 9.36815e+19
142 27 9.36809e+19
143 27 9.36486e+19
144 27 9.37119e+19
145 27 9.374e+19
146 27 9.36753e+19
147 27 9.37468e+19
148 27 9.38127e+19
149 27 9.37974e+19
150 27 9.37415e+19
151 27 9.37157e+19
152 27 9.37162e+19
153 27 9.36934e+19
154 27 9.37467e+19
155 27 9.37561e+19
156 27 9.36844e+19
157 27 9.3684e+19
158 27 9.36986e+19
159 27 9.37499e+19
160 27 9.37823e+19
161 27 9.37595e+19
162 27 9.37855e+19
163 27 9.37732e+19
164 27 9.37788e+19
165 27 9.37679e+19
166 27 9.36671e+19
167 27 9.3677e+19
168 27 9.36952e+19
169 27 9.36974e+19
170 27 9.37429e+19
171 27 9.37376e+19
172 27 9.37272e+19
173 27 9.3757e+19
174 27 9.37058e+19
175 27 9.36715e+19
176 27 9.36513e+19
177 27 9.36792e+19
178 27 9.37091e+19
179 27 9.36765e+19
180 27 9.3733e+19
181 27 9.37302e+19
182 27 9.36731e+19
183 27 9.3672e+19
184 27 9.37298e+19
185 27 9.37256e+19
186 27 9.36819e+19
187 27 9.3655e+19
188 27 9.36644e+19
126 28 9.62453e+19
127 28 9.62829e+19
128 28 9.6311e+19
129 28 9.63042e+19
130 28 9.63103e+19
131 28 9.63245e+19
132 28 9.63302e+19
133 28 9.63914e+19
134 28 9.6408e+19
135 28 9.63569e+19
136 28 9.63087e+19
137 28 9.63551e+19
138 28 9.64213e+19
139 28 9.63467e+19
140 28 9.62965e+19
141 28 9.62845e+19
142 28 9.62801e+19
143 28 9.63808e+19
144 28 9.6468e+19
145 28 9.64003e+19
146 28 9.63405e+19
147 28 9.63476e+19
148 28 9.63625e+19
149 28 9.64091e+19
150 28 9.64363e+19
151 28 9.639e+19
152 28 9.63881e+19
153 28 9.63833e+19
154 28 9.63415e+19
155 28 9.63916e+19
156 28 9.63906e+19
157 28 9.6386e+19
158 28 9.64226e+19
159 28 9.6422e+19
160 28 9.64367e+19
161 28 9.64402e+19
162 28 9.63426e+19
163 28 9.62874e+19
164 28 9.63328e+19
165 28 9.63393e+19
166 28 9.6337e+19
167 28 9.6362e+19
168 28 9.64066e+19
169 28 9.63858e+19
170 28 9.63989e+19
171 28 9.64413e+19
172 28 9.64003e+19
173 28 9.64118e+19
174 28 9.64511e+19
175 28 9.64072e+19
176 28 9.63794e+19
177 28 9.63803e+19
178 28 9.64089e+19
179 28 9.63765e+19
180 28 9.63489e+19
181 28 9.64557e+19
182 28 9.64196e+19
183 28 9.6353e+19
184 28 9.6407e+19
185 28 9.63783e+19
186 28 9.63481e+19
187 28 9.63682e+19
188 28 9.6373e+19
126 29 9.90455e+19
127 29 9.90684e+19
128 29 9.91035e+19
129 29 9.90569e+19
130 29 9.90572e+19
131 29 9.9057e+19
132 29 9.90878e+19
133 29 9.91316e+19
134 29 9.91077e+19
135 29 9.91203e+19
136 29 9.91182e+19
137 29 9.90878e+19
138 29 9.90761e+19
139 29 9.90982e+19
140 29 9.91028e+19
141 29 9.90987e+19
142 29 9.91066e+19
143 29 9.9139e+19
144 29 9.91167e+19
145 29 9.91122e+19
146 29 9.91212e+19
147 29 9.90824e+19
148 29 9.90739e+19
149 29 9.90335e+19
150 29 9.90414e+19
151 29 9.91226e+19
152 29 9.91418e+19
153 29 9.91106e+19
154 29 9.91027e+19
155 29 9.90978e+19
156 29 9.9064e+19
157 29 9.90899e+19
158 29 9.91133e+19
159 29 9.91269e+19
160 29 9.90939e+19
161 29 9.90824e+19
162 29 9.91107e+19
163 29 9.9115e+19
164 29 9.90782e+19
165 29 9.90852e+19
166 29 9.9206e+19
167 29 9.91559e+19
168 29 9.91239e+19
169 29 9.91449e+19
170 29 9.91036e+19
171 29 9.90608e+19
172 29 9.90006e+19
173 29 9.90337e+19
174 29 9.91263e+19
175 29 9.90952e+19
176 29 9.90825e+19
177 29 9.90898e+19
178 29 9.90767e+19
179 29 9.91125e+19
180 29 9.90574e+19
181 29 9.90786e+19
182 29 9.9151e+19
183 29 9.9157e+19
184 29 9.90767e+19
185 29 9.90741e+19
186 29 9.91435e+19
187 29 9.91661e+19
188 29 9.91514e+19
126 30 1.01804e+20
127 30 1.0178e+20
128 30 1.01791e+20
129 30 1.01829e+20
130 30 1.01876e+20
131 30 1.01844e+20
132 30 1.01851e+20
133 30 1.01906e+20
134 30 1.01889e+20
135 30 1.01868e+20
136 30 1.01911e+20
137 30 1.01861e+20
138 30 1.01837e+20
139 30 1.01999e+20
140 30 1.02001e+20
141 30 1.01945e+20
142 30 1.01971e+20
143 30 1.01951e+20
144 30 1.01899e+20
145 30 1.01897e+20
146 30 1.01942e+20
147 30 1.01968e+20
148 30 1.01904e+20
149 30 1.01844e+20
150 30 1.01852e+20
151 30 1.01928e+20
152 30 1.01939e+20
153 30 1.01917e+20
154 30 1.01888e+20
155 30 1.01833e+20
156 30 1.0191e+20
157 30 1.01892e+20
158 30 1.01859e+20
159 30 1.01891e+20
160 30 1.01917e+20
161 30 1.01938e+20
162 30 1.01913e+20
163 30 1.01963e+20
164 30 1.0198e+20
165 30 1.01925e+20
166 30 1.01968e+20
167 30 1.01971e+20
168 30 1.01875e+20
169 30 1.01932e+20
170 30 1.01927e+20
171 30 1.01826e+20
172 30 1.01919e+20
173 30 1.01938e+20
174 30 1.01927e+20
175 30 1.0195e+20
176 30 1.01962e+20
177 30 1.0196e+20
178 30 1.0186e+20
179 30 1.01902e+20
180 30 1.01949e+20
181 30 1.01898e+20
182 30 1.01922e+20
183 30 1.01947e+20
184 30 1.0194e+20
185 30 1.0193e+20
186 30 1.01899e+20
187 30 1.01947e+20
188 30 1.01948e+20
126 31 1.04719e+20
127 31 1.04756e+20
128 31 1.04732e+20
129 31 1.04759e+20
130 31 1.04733e+20
131 31 1.04725e+20
132 31 1.04707e+20
133 31 1.04713e+20
134 31 1.04779e+20
135 31 1.04762e+20
136 31 1.04742e+20
137 31 1.04782e+20
138 31 1.0482e+20
139 31 1.04799e+20
140 31 1.0478e+20
141 31 1.0474e+20
142 31 1.04752e+20
143 31 1.04754e+20
144 31 1.04773e+20
145 31 1.04821e+20
146 31 1.04811e+20
147 31 1.04863e+20
148 31 1.04854e+20
149 31 1.04839e+20
150 31 1.04901e+20
151 31 1.04836e+20
152 31 1.04754e+20
153 31 1.04798e+20
154 31 1.04819e+20
155 31 1.04803e+20
156 31 1.04843e+20
157 31 1.04841e+20
158 31 1.04792e+20
159 31 1.04752e+20
160 31 1.04716e+20
161 31 1.04741e+20
162 31 1.04795e+20
163 31 1.04818e+20
164 31 1.04797e+20
165 31 1.04817e+20
166 31 1.04803e+20
167 31 1.04809e+20
168 31 1.04818e+20
169 31 1.048e+20
170 31 1.04808e+20
171 31 1.04869e+20
172 31 1.04938e+20
173 31 1.04885e+20
174 31 1.04806e+20
175 31 1.04863e+20
176 31 1.04905e+20
177 31 1.04862e+20
178 31 1.04875e+20
179 31 1.04828e+20
180 31 1.04758e+20
181 31 1.04756e+20
182 31 1.04796e+20
183 31 1.04806e+20
184 31 1.04829e+20
185 31 1.04847e+20
186 31 1.04838e+20
187 31 1.04822e+20
188 31 1.04774e+20
126 32 1.07791e+20
127 32 1.07803e+20
128 32 1.07815e+20
129 32 1.07777e+20
130 32 1.07687e+20
131 32 1.0775e+20
132 32 1.07766e+20
133 32 1.07666e+20
134 32 1.07688e+20
135 32 1.07773e+20
136 32 1.07815e+20
137 32 1.07841e+20
138 32 1.07757e+20
139 32 1.07617e+20
140 32 1.07638e+20
141 32 1.07738e+20
142 32 1.07736e+20
143 32 1.07714e+20
144 32 1.078e+20
145 32 1.0783e+20
146 32 1.07745e+20
147 32 1.07741e+20
148 32 1.07805e+20
149 32 1.07799e+20
150 32 1.07813e+20
151 32 1.07816e+20
152 32 1.07733e+20
153 32 1.07717e+20
154 32 1.07828e+20
155 32 1.07835e+20
156 32 1.07738e+20
157 32 1.0781e+20
158 32 1.07842e+20
159 32 1.07791e+20
160 32 1.07772e+20
161 32 1.07771e+20
162 32 1.07796e+20
163 32 1.07734e+20
164 32 1.0775e+20
165 32 1.07756e+20
166 32 1.07743e+20
167 32 1.07776e+20
168 32 1.07834e+20
169 32 1.07786e+20
170 32 1.07721e+20
171 32 1.0781e+20
172 32 1.07786e+20
173 32 1.07769e+20
174 32 1.07755e+20
175 32 1.07778e+20
176 32 1.07782e+20
177 32 1.07762e+20
178 32 1.07853e+20
179 32 1.0781e+20
180 32 1.07717e+20
181 32 1.07709e+20
182 32 1.07727e+20
183 32 1.07776e+20
184 32 1.07808e+20
185 32 1.07786e+20
186 32 1.07788e+20
187 32 1.07804e+20
188 32 1.07822e+20
126 33 1.10764e+20
127 33 1.10664e+20
128 33 1.10712e+20
129 33 1.10756e+20
130 33 1.10734e+20
131 33 1.10786e+20
132 33 1.10851e+20
133 33 1.1084e+20
134 33 1.10737e+20
135 33 1.10735e+20
136 33 1.10772e+20
137 33 1.10781e+20
138 33 1.10757e+20
139 33 1.10757e+20
140 33 1.10794e+20
141 33 1.10802e+20
142 33 1.10808e+20
143 33 1.10814e+20
144 33 1.10812e+20
145 33 1.10782e+20
146 33 1.10825e+20
147 33 1.1078e+20
148 33 1.10736e+20
149 33 1.10803e+20
150 33 1.10761e+20
151 33 1.10747e+20
152 33 1.10824e+20
153 33 1.10817e+20
154 33 1.10825e+20
155 33 1.10816e+20
156 33 1.10767e+20
157 33 1.10781e+20
158 33 1.10759e+20
159 33 1.10753e+20
160 33 1.10885e+20
161 33 1.10922e+20
162 33 1.10797e+20
163 33 1.10772e+20
164 33 1.10824e+20
165 33 1.10782e+20
166 33 1.10797e+20
167 33 1.10816e+20
168 33 1.10726e+20
169 33 1.10765e+20
170 33 1.10798e+20
171 33 1.10753e+20
172 33 1.10725e+20
173 33 1.10747e+20
174 33 1.10816e+20
175 33 1.10797e+20
176 33 1.10775e+20
177 33 1.10828e+20
178 33 1.108e+20
179 33 1.10771e+20
180 33 1.1086e+20
181 33 1.10819e+20
182 33 1.10743e+20
183 33 1.10762e+20
184 33 1.10812e+20
185 33 1.1082e+20
186 33 1.10744e+20
187 33 1.10754e+20
188 33 1.10828e+20
126 34 1.1376e+20
127 34 1.13794e+20
128 34 1.13807e+20
129 34 1.13861e+20
130 34 1.13925e+20
131 34 1.13824e+20
132 34 1.13772e+20
133 34 1.13878e+20
134 34 1.13904e+20
135 34 1.13873e+20
136 34 1.13896e+20
137 34 1.13843e+20
138 34 1.13845e+20
139 34 1.13913e+20
140 34 1.13944e+20
141 34 1.13942e+20
142 34 1.13886e+20
143 34 1.13925e+20
144 34 1.13942e+20
145 34 1.13899e+20
146 34 1.1394e+20
147 34 1.13899e+20
148 34 1.13829e+20
149 34 1.13842e+20
150 34 1.13809e+20
151 34 1.13833e+20
152 34 1.13886e+20
153 34 1.13885e+20
154 34 1.13895e+20
155 34 1.139e+20
156 34 1.13946e+20
157 34 1.13944e+20
158 34 1.13901e+20
159 34 1.13832e+20
160 34 1.13831e+20
161 34 1.13898e+20
162 34 1.13957e+20
163 34 1.13979e+20
164 34 1.13941e+20
165 34 1.13937e+20
166 34 1.13905e+20
167 34 1.13874e+20
168 34 1.13864e+20
169 34 1.13887e+20
170 34 1.13954e+20
171 34 1.13948e+20
172 34 1.13883e+20
173 34 1.13872e+20
174 34 1.13874e+20
175 34 1.13917e+20
176 34 1.13937e+20
177 34 1.13917e+20
178 34 1.13882e+20
179 34 1.13885e+20
180 34 1.13971e+20
181 34 1.13933e+20
182 34 1.13897e+20
183 34 1.13904e+20
184 34 1.1391e+20
185 34 1.13869e+20
186 34 1.13845e+20
187 34 1.13872e+20
188 34 1.13874e+20
126 35 1.17078e+20
127 35 1.17134e+20
128 35 1.17046e+20
129 35 1.17037e+20
130 35 1.17105e+20
131 35 1.17091e+20
132 35 1.1701e+20
133 35 1.17006e+20
134 35 1.17088e+20
135 35 1.17082e+20
136 35 1.17116e+20
137 35 1.17136e+20
138 35 1.17075e+20
139 35 1.17056e+20
140 35 1.17041e+20
141 35 1.17111e+20
142 35 1.1719e+20
143 35 1.17165e+20
144 35 1.17048e+20
145 35 1.17087e+20
146 35 1.17108e+20
147 35 1.17111e+20
148 35 1.17168e+20
149 35 1.17112e+20
150 35 1.17102e+20
151 35 1.17132e+20
152 35 1.1716e+20
153 35 1.17126e+20
154 35 1.17088e+20
155 35 1.17121e+20
156 35 1.17195e+20
157 35 1.17123e+20
158 35 1.17157e+20
159 35 1.17244e+20
160 35 1.17152e+20
161 35 1.17112e+20
162 35 1.17133e+20
163 35 1.17108e+20
164 35 1.17064e+20
165 35 1.17108e+20
166 35 1.17116e+20
167 35 1.17103e+20
168 35 1.17233e+20
169 35 1.17215e+20
170 35 1.17111e+20
171 35 1.1716e+20
172 35 1.17173e+20
173 35 1.17092e+20
174 35 1.17091e+20
175 35 1.17184e+20
176 35 1.17146e+20
177 35 1.17088e+20
178 35 1.17059e+20
179 35 1.17081e+20
180 35 1.17122e+20
181 35 1.17172e+20
182 35 1.17217e+20
183 35 1.17187e+20
184 35 1.1716e+20
185 35 1.17093e+20
186 35 1.17126e+20
187 35 1.17222e+20
188 35 1.17191e+20
126 36 1.20309e+20
127 36 1.20312e+20
128 36 1.20405e+20
129 36 1.20399e+20
130 36 1.20316e+20
131 36 1.2032e+20
132 36 1.2043e+20
133 36 1.2038e+20
134 36 1.2029e+20
135 36 1.20241e+20
136 36 1.20232e+20
137 36 1.20365e+20
138 36 1.20376e+20
139 36 1.20327e+20
140 36 1.20348e+20
141 36 1.2035e+20
142 36 1.2037e+20
143 36 1.20324e+20
144 36 1.20298e+20
145 36 1.20315e+20
146 36 1.20322e+20
147 36 1.20423e+20
148 36 1.20482e+20
149 36 1.20417e+20
150 36 1.20411e+20
151 36 1.20385e+20
152 36 1.20373e+20
153 36 1.2041e+20
154 36 1.20386e+20
155 36 1.2042e+20
156 36 1.20351e+20
157 36 1.20289e+20
158 36 1.20402e+20
159 36 1.2052e+20
160 36 1.20408e+20
161 36 1.20321e+20
162 36 1.20416e+20
163 36 1.20387e+20
164 36 1.20318e+20
165 36 1.20365e+20
166 36 1.20404e+20
167 36 1.20401e+20
168 36 1.20432e+20
169 36 1.20403e+20
170 36 1.20302e+20
171 36 1.20301e+20
172 36 1.20427e+20
173 36 1.20442e+20
174 36 1.20383e+20
175 36 1.20336e+20
176 36 1.20329e+20
177 36 1.20363e+20
178 36 1.20411e+20
179 36 1.20365e+20
180 36 1.20314e+20
181 36 1.20388e+20
182 36 1.20381e+20
183 36 1.20414e+20
184 36 1.20425e+20
185 36 1.20402e+20
186 36 1.20498e+20
187 36 1.20472e+20
188 36 1.20406e+20
126 37 1.23629e+20
127 37 1.23627e+20
128 37 1.23732e+20
129 37 1.23741e+20
130 37 1.23668e+20
131 37 1.23691e+20
132 37 1.2378e+20
133 37 1.23822e+20
134 37 1.23786e+20
135 37 1.23733e+20
136 37 1.23689e+20
137 37 1.23714e+20
138 37 1.23778e+20
139 37 1.23779e+20
140 37 1.23719e+20
141 37 1.23688e+20
142 37 1.23691e+20
143 37 1.23684e+20
144 37 1.23735e+20
145 37 1.23694e+20
146 37 1.2365e+20
147 37 1.23689e+20
148 37 1.23692e+20
149 37 1.23709e+20
150 37 1.23719e+20
151 37 1.2372e+20
152 37 1.23673e+20
153 37 1.23743e+20
154 37 1.23763e+20
155 37 1.23697e+20
156 37 1.23712e+20
157 37 1.23764e+20
158 37 1.23754e+20
159 37 1.23724e+20
160 37 1.23779e+20
161 37 1.23777e+20
162 37 1.23756e+20
163 37 1.2374e+20
164 37 1.23771e+20
165 37 1.23764e+20
166 37 1.23714e+20
167 37 1.23785e+20
168 37 1.23716e+20
169 37 1.23737e+20
170 37 1.2379e+20
171 37 1.23665e+20
172 37 1.23697e+20
173 37 1.23761e+20
174 37 1.237e+20
175 37 1.23672e+20
176 37 1.23694e+20
177 37 1.23724e+20
178 37 1.23856e+20
179 37 1.2384e+20
180 37 1.23796e+20
181 37 1.23776e+20
182 37 1.23751e+20
183 37 1.23759e+20
184 37 1.23694e+20
185 37 1.23689e+20
186 37 1.23716e+20
187 37 1.2369e+20
188 37 1.23713e+20
126 38 1.27214e+20
127 38 1.27174e+20
128 38 1.27058e+20
129 38 1.27035e+20
130 38 1.27085e+20
131 38 1.27113e+20
132 38 1.27121e+20
133 38 1.27198e+20
134 38 1.27215e+20
135 38 1.27223e+20
136 38 1.27267e+20
137 38 1.27136e+20
138 38 1.27155e+20
139 38 1.27257e+20
140 38 1.27211e+20
141 38 1.27175e+20
142 38 1.27212e+20
143 38 1.27264e+20
144 38 1.27227e+20
145 38 1.27259e+20
146 38 1.27257e+20
147 38 1.27183e+20
148 38 1.27209e+20
149 38 1.27235e+20
150 38 1.27195e+20
151 38 1.27201e+20
152 38 1.27197e+20
153 38 1.2715e+20
154 38 1.27131e+20
155 38 1.2712e+20
156 38 1.27178e+20
157 38 1.27251e+20
158 38 1.27243e+20
159 38 1.27173e+20
160 38 1.27251e+20
161 38 1.27275e+20
162 38 1.27121e+20
163 38 1.27149e+20
164 38 1.2726e+20
165 38 1.27233e+20
166 38 1.27236e+20
167 38 1.27288e+20
168 38 1.2723e+20
169 38 1.27248e+20
170 38 1.27302e+20
171 38 1.27231e+20
172 38 1.27161e+20
173 38 1.27215e+20
174 38 1.27232e+20
175 38 1.27187e+20
176 38 1.27221e+20
177 38 1.27228e+20
178 38 1.27188e+20
179 38 1.27248e+20
180 38 1.27272e+20
181 38 1.27212e+20
182 38 1.27232e+20
183 38 1.27161e+20
184 38 1.2717e+20
185 38 1.27229e+20
186 38 1.2714e+20
187 38 1.27142e+20
188 38 1.27135e+20
126 39 1.30695e+20
127 39 1.30755e+20
128 39 1.30706e+20
129 39 1.30698e+20
130 39 1.3076e+20
131 39 1.30685e+20
132 39 1.30681e+20
133 39 1.30674e+20
134 39 1.30646e+20
135 39 1.30695e+20
136 39 1.30677e+20
137 39 1.30652e+20
138 39 1.3059e+20
139 39 1.30631e+20
140 39 1.30831e+20
141 39 1.30817e+20
142 39 1.30682e+20
143 39 1.30701e+20
144 39 1.30703e+20
145 39 1.30751e+20
146 39 1.30762e+20
147 39 1.30712e+20
148 39 1.30662e+20
149 39 1.30642e+20
150 39 1.3075e+20
151 39 1.30758e+20
152 39 1.30648e+20
153 39 1.30652e+20
154 39 1.30728e+20
155 39 1.30734e+20
156 39 1.3073e+20
157 39 1.30688e+20
158 39 1.30699e+20
159 39 1.30701e+20
160 39 1.30663e+20
161 39 1.30683e+20
162 39 1.30672e+20
163 39 1.30744e+20
164 39 1.3078e+20
165 39 1.30727e+20
166 39 1.30747e+20
167 39 1.30752e+20
168 39 1.30764e+20
169 39 1.30677e+20
170 39 1.30722e+20
171 39 1.30798e+20
172 39 1.30702e+20
173 39 1.30743e+20
174 39 1.30794e+20
175 39 1.30749e+20
176 39 1.30799e+20
177 39 1.30812e+20
178 39 1.3069e+20
179 39 1.30724e+20
180 39 1.3069e+20
181 39 1.3059e+20
182 39 1.30639e+20
183 39 1.30725e+20
184 39 1.30761e+20
185 39 1.30655e+20
186 39 1.30612e+20
187 39 1.30708e+20
188 39 1.30711e+20
126 40 1.34338e+20
127 40 1.34312e+20
128 40 1.34328e+20
129 40 1.34337e+20
130 40 1.34405e+20
131 40 1.34509e+20
132 40 1.34391e+20
133 40 1.34358e+20
134 40 1.34353e+20
135 40 1.34347e+20
136 40 1.34327e+20
137 40 1.3437e+20
138 40 1.34377e+20
139 40 1.34365e+20
140 40 1.3433e+20
141 40 1.3424e+20
142 40 1.34284e+20
143 40 1.34354e+20
144 40 1.34376e+20
145 40 1.34263e+20
146 40 1.34281e+20
147 40 1.34319e+20
148 40 1.34245e+20
149 40 1.34223e+20
150 40 1.34275e+20
151 40 1.34264e+20
152 40 1.34351e+20
153 40 1.34344e+20
154 40 1.34351e+20
155 40 1.34388e+20
156 40 1.34362e+20
157 40 1.34364e+20
158 40 1.34336e+20
159 40 1.34412e+20
160 40 1.34408e+20
161 40 1.34338e+20
162 40 1.34358e+20
163 40 1.34401e+20
164 40 1.34337e+20
165 40 1.3433e+20
166 40 1.34271e+20
167 40 1.3427e+20
168 40 1.34357e+20
169 40 1.34293e+20
170 40 1.34342e+20
171 40 1.34398e+20
172 40 1.34371e+20
173 40 1.34342e+20
174 40 1.34379e+20
175 40 1.34385e+20
176 40 1.34328e+20
177 40 1.34293e+20
178 40 1.34302e+20
179 40 1.34371e+20
180 40 1.34354e+20
181 40 1.34319e+20
182 40 1.34293e+20
183 40 1.34369e+20
184 40 1.34351e+20
185 40 1.34283e+20
186 40 1.34363e+20
187 40 1.3443e+20
188 40 1.34434e+20
