63 0 4.3183e+19
64 0 4.31283e+19
65 0 4.30664e+19
66 0 4.31184e+19
67 0 4.31586e+19
68 0 4.31412e+19
69 0 4.3137e+19
70 0 4.3147e+19
71 0 4.31149e+19
72 0 4.30926e+19
73 0 4.30991e+19
74 0 4.3096e+19
75 0 4.30819e+19
76 0 4.30748e+19
77 0 4.30874e+19
78 0 4.31245e+19
79 0 4.31605e+19
80 0 4.31215e+19
81 0 4.31189e+19
82 0 4.31636e+19
83 0 4.31311e+19
84 0 4.3081e+19
85 0 4.31115e+19
86 0 4.31203e+19
87 0 4.31347e+19
88 0 4.31351e+19
89 0 4.31242e+19
90 0 4.31544e+19
91 0 4.31223e+19
92 0 4.30953e+19
93 0 4.30911e+19
94 0 4.30878e+19
95 0 4.31047e+19
96 0 4.30828e+19
97 0 4.30678e+19
98 0 4.30857e+19
99 0 4.30754e+19
100 0 4.31e+19
101 0 4.30953e+19
102 0 4.31047e+19
103 0 4.31477e+19
104 0 4.31108e+19
105 0 4.30824e+19
106 0 4.31559e+19
107 0 4.31167e+19
108 0 4.30363e+19
109 0 4.30746e+19
110 0 4.30978e+19
111 0 4.31148e+19
112 0 4.3129e+19
113 0 4.31033e+19
114 0 4.30638e+19
115 0 4.31126e+19
116 0 4.31513e+19
117 0 4.31154e+19
118 0 4.31067e+19
119 0 4.31002e+19
120 0 4.3113e+19
121 0 4.31247e+19
122 0 4.31266e+19
123 0 4.31183e+19
124 0 4.30727e+19
125 0 4.30785e+19
63 1 4.41821e+19
64 1 4.41778e+19
65 1 4.41662e+19
66 1 4.41889e+19
67 1 4.41889e+19
68 1 4.4204e+19
69 1 4.42047e+19
70 1 4.41826e+19
71 1 4.41957e+19
72 1 4.41721e+19
73 1 4.41501e+19
74 1 4.41616e+19
75 1 4.42052e+19
76 1 4.42271e+19
77 1 4.41961e+19
78 1 4.4168e+19
79 1 4.41781e+19
80 1 4.42133e+19
81 1 4.42018e+19
82 1 4.41956e+19
83 1 4.41834e+19
84 1 4.41612e+19
85 1 4.41712e+19
86 1 4.41563e+19
87 1 4.41378e+19
88 1 4.41857e+19
89 1 4.41782e+19
90 1 4.41573e+19
91 1 4.41865e+19
92 1 4.418e+19
93 1 4.41637e+19
94 1 4.4193e+19
95 1 4.42294e+19
96 1 4.42348e+19
97 1 4.42243e+19
98 1 4.41898e+19
99 1 4.41891e+19
100 1 4.41988e+19
101 1 4.41589e+19
102 1 4.41717e+19
103 1 4.4215e+19
104 1 4.41762e+19
105 1 4.41842e+19
106 1 4.41908e+19
107 1 4.41532e+19
108 1 4.41613e+19
109 1 4.41611e+19
110 1 4.41895e+19
111 1 4.4167e+19
112 1 4.4182e+19
113 1 4.42014e+19
114 1 4.4144e+19
115 1 4.41894e+19
116 1 4.42152e+19
117 1 4.42021e+19
118 1 4.42124e+19
119 1 4.42173e+19
120 1 4.42098e+19
121 1 4.41862e+19
122 1 4.41752e+19
123 1 4.41853e+19
124 1 4.41683e+19
125 1 4.41763e+19
63 2 4.54907e+19
64 2 4.55369e+19
65 2 4.55576e+19
66 2 4.5491e+19
67 2 4.54971e+19
68 2 4.55676e+19
69 2 4.55266e+19
70 2 4.55046e+19
71 2 4.55355e+19
72 2 4.5544e+19
73 2 4.55357e+19
74 2 4.55083e+19
75 2 4.55145e+19
76 2 4.55118e+19
77 2 4.55254e+19
78 2 4.55323e+19
79 2 4.55048e+19
80 2 4.55077e+19
81 2 4.55257e+19
82 2 4.55063e+19
83 2 4.54785e+19
84 2 4.54969e+19
85 2 4.55099e+19
86 2 4.55318e+19
87 2 4.55526e+19
88 2 4.55297e+19
89 2 4.55156e+19
90 2 4.54997e+19
91 2 4.54973e+19
92 2 4.55171e+19
93 2 4.55061e+19
94 2 4.54845e+19
95 2 4.54804e+19
96 2 4.55041e+19
97 2 4.55275e+19
98 2 4.55117e+19
99 2 4.55215e+19
100 2 4.55164e+19
101 2 4.55006e+19
102 2 4.55052e+19
103 2 4.55181e+19
104 2 4.55073e+19
105 2 4.54952e+19
106 2 4.54984e+19
107 2 4.55392e+19
108 2 4.55672e+19
109 2 4.55244e+19
110 2 4.55175e+19
111 2 4.54963e+19
112 2 4.54886e+19
113 2 4.55085e+19
114 2 4.5515e+19
115 2 4.55059e+19
116 2 4.55249e+19
117 2 4.55533e+19
118 2 4.55326e+19
119 2 4.55443e+19
120 2 4.55453e+19
121 2 4.55059e+19
122 2 4.55083e+19
123 2 4.55264e+19
124 2 4.55231e+19
125 2 4.55099e+19
63 3 4.69157e+19
64 3 4.69024e+19
65 3 4.68688e+19
66 3 4.685e+19
67 3 4.68696e+19
68 3 4.68768e+19
69 3 4.68739e+19
70 3 4.68938e+19
71 3 4.68732e+19
72 3 4.68726e+19
73 3 4.69125e+19
74 3 4.69037e+19
75 3 4.68806e+19
76 3 4.6861e+19
77 3 4.68879e+19
78 3 4.69007e+19
79 3 4.68787e+19
80 3 4.68678e+19
81 3 4.68792e+19
82 3 4.6888e+19
83 3 4.68977e+19
84 3 4.69197e+19
85 3 4.69125e+19
86 3 4.68796e+19
87 3 4.68918e+19
88 3 4.6881e+19
89 3 4.68987e+19
90 3 4.69291e+19
91 3 4.6869e+19
92 3 4.68687e+19
93 3 4.68874e+19
94 3 4.6883e+19
95 3 4.68961e+19
96 3 4.68919e+19
97 3 4.68947e+19
98 3 4.689e+19
99 3 4.68821e+19
100 3 4.6892e+19
101 3 4.69159e+19
102 3 4.6921e+19
103 3 4.68976e+19
104 3 4.68808e+19
105 3 4.68798e+19
106 3 4.69167e+19
107 3 4.69088e+19
108 3 4.68755e+19
109 3 4.68804e+19
110 3 4.68819e+19
111 3 4.69012e+19
112 3 4.68991e+19
113 3 4.6895e+19
114 3 4.69044e+19
115 3 4.68873e+19
116 3 4.68884e+19
117 3 4.69056e+19
118 3 4.68944e+19
119 3 4.6869e+19
120 3 4.68627e+19
121 3 4.68747e+19
122 3 4.68736e+19
123 3 4.68617e+19
124 3 4.68938e+19
125 3 4.68989e+19
63 4 4.83223e+19
64 4 4.82734e+19
65 4 4.82691e+19
66 4 4.83304e+19
67 4 4.83334e+19
68 4 4.82909e+19
69 4 4.82861e+19
70 4 4.82974e+19
71 4 4.82771e+19
72 4 4.827e+19
73 4 4.82791e+19
74 4 4.82898e+19
75 4 4.82863e+19
76 4 4.8278e+19
77 4 4.82762e+19
78 4 4.82822e+19
79 4 4.82956e+19
80 4 4.83102e+19
81 4 4.82966e+19
82 4 4.83141e+19
83 4 4.83416e+19
84 4 4.83268e+19
85 4 4.83115e+19
86 4 4.82867e+19
87 4 4.8283e+19
88 4 4.82939e+19
89 4 4.82923e+19
90 4 4.83216e+19
91 4 4.83536e+19
92 4 4.83199e+19
93 4 4.82751e+19
94 4 4.82986e+19
95 4 4.8329e+19
96 4 4.8328e+19
97 4 4.82727e+19
98 4 4.82488e+19
99 4 4.83283e+19
100 4 4.83276e+19
101 4 4.83028e+19
102 4 4.83153e+19
103 4 4.83063e+19
104 4 4.83172e+19
105 4 4.83199e+19
106 4 4.83101e+19
107 4 4.82718e+19
108 4 4.82656e+19
109 4 4.82962e+19
110 4 4.83098e+19
111 4 4.83108e+19
112 4 4.82927e+19
113 4 4.83126e+19
114 4 4.83322e+19
115 4 4.83278e+19
116 4 4.83162e+19
117 4 4.82825e+19
118 4 4.8275e+19
119 4 4.82941e+19
120 4 4.82985e+19
121 4 4.83099e+19
122 4 4.83105e+19
123 4 4.8285e+19
124 4 4.82872e+19
125 4 4.8294e+19
63 5 4.97053e+19
64 5 4.97476e+19
65 5 4.97735e+19
66 5 4.97517e+19
67 5 4.97422e+19
68 5 4.97504e+19
69 5 4.9778e+19
70 5 4.97573e+19
71 5 4.97222e+19
72 5 4.97508e+19
73 5 4.97451e+19
74 5 4.97503e+19
75 5 4.97435e+19
76 5 4.97354e+19
77 5 4.97269e+19
78 5 4.97413e+19
79 5 4.97796e+19
80 5 4.97572e+19
81 5 4.97238e+19
82 5 4.97412e+19
83 5 4.97537e+19
84 5 4.97516e+19
85 5 4.97457e+19
86 5 4.97563e+19
87 5 4.97666e+19
88 5 4.97605e+19
89 5 4.97344e+19
90 5 4.97058e+19
91 5 4.97577e+19
92 5 4.97401e+19
93 5 4.97107e+19
94 5 4.97228e+19
95 5 4.97523e+19
96 5 4.97668e+19
97 5 4.97344e+19
98 5 4.97236e+19
99 5 4.97416e+19
100 5 4.97482e+19
101 5 4.97275e+19
102 5 4.97188e+19
103 5 4.97358e+19
104 5 4.97688e+19
105 5 4.97458e+19
106 5 4.97162e+19
107 5 4.97269e+19
108 5 4.97411e+19
109 5 4.97569e+19
110 5 4.97354e+19
111 5 4.97204e+19
112 5 4.97381e+19
113 5 4.97474e+19
114 5 4.97636e+19
115 5 4.97392e+19
116 5 4.97074e+19
117 5 4.96999e+19
118 5 4.96957e+19
119 5 4.97124e+19
120 5 4.97257e+19
121 5 4.97226e+19
122 5 4.97337e+19
123 5 4.97584e+19
124 5 4.97486e+19
125 5 4.97189e+19
63 6 5.12151e+19
64 6 5.12274e+19
65 6 5.12297e+19
66 6 5.11956e+19
67 6 5.11788e+19
68 6 5.12296e+19
69 6 5.12579e+19
70 6 5.12173e+19
71 6 5.12169e+19
72 6 5.12339e+19
73 6 5.11882e+19
74 6 5.12222e+19
75 6 5.12581e+19
76 6 5.12339e+19
77 6 5.125e+19
78 6 5.1261e+19
79 6 5.12531e+19
80 6 5.12302e+19
81 6 5.119e+19
82 6 5.11842e+19
83 6 5.12151e+19
84 6 5.12361e+19
85 6 5.12137e+19
86 6 5.12035e+19
87 6 5.12158e+19
88 6 5.12255e+19
89 6 5.12492e+19
90 6 5.12266e+19
91 6 5.11852e+19
92 6 5.12205e+19
93 6 5.1274e+19
94 6 5.12579e+19
95 6 5.1238e+19
96 6 5.12137e+19
97 6 5.12332e+19
98 6 5.12783e+19
99 6 5.12189e+19
100 6 5.12052e+19
101 6 5.12129e+19
102 6 5.11924e+19
103 6 5.12032e+19
104 6 5.12113e+19
105 6 5.12039e+19
106 6 5.1202e+19
107 6 5.12152e+19
108 6 5.1215e+19
109 6 5.12204e+19
110 6 5.12335e+19
111 6 5.1254e+19
112 6 5.12381e+19
113 6 5.12341e+19
114 6 5.12354e+19
115 6 5.12431e+19
116 6 5.12397e+19
117 6 5.1217e+19
118 6 5.12572e+19
119 6 5.12499e+19
120 6 5.12067e+19
121 6 5.11922e+19
122 6 5.12114e+19
123 6 5.12296e+19
124 6 5.12202e+19
125 6 5.12402e+19
63 7 5.27866e+19
64 7 5.27487e+19
65 7 5.27487e+19
66 7 5.27743e+19
67 7 5.27639e+19
68 7 5.2716e+19
69 7 5.27094e+19
70 7 5.2758e+19
71 7 5.27576e+19
72 7 5.27343e+19
73 7 5.2744e+19
74 7 5.27529e+19
75 7 5.27484e+19
76 7 5.27516e+19
77 7 5.27612e+19
78 7 5.27551e+19
79 7 5.27327e+19
80 7 5.27445e+19
81 7 5.2774e+19
82 7 5.2753e+19
83 7 5.27343e+19
84 7 5.27547e+19
85 7 5.27538e+19
86 7 5.27354e+19
87 7 5.27374e+19
88 7 5.27589e+19
89 7 5.27623e+19
90 7 5.2757e+19
91 7 5.2757e+19
92 7 5.27614e+19
93 7 5.27664e+19
94 7 5.27635e+19
95 7 5.27572e+19
96 7 5.27397e+19
97 7 5.27498e+19
98 7 5.27736e+19
99 7 5.27703e+19
100 7 5.27864e+19
101 7 5.27755e+19
102 7 5.27365e+19
103 7 5.275e+19
104 7 5.27478e+19
105 7 5.2757e+19
106 7 5.2788e+19
107 7 5.27848e+19
108 7 5.27662e+19
109 7 5.27564e+19
110 7 5.27658e+19
111 7 5.2742e+19
112 7 5.27295e+19
113 7 5.27624e+19
114 7 5.27442e+19
115 7 5.27704e+19
116 7 5.28171e+19
117 7 5.2767e+19
118 7 5.27922e+19
119 7 5.28189e+19
120 7 5.27717e+19
121 7 5.27635e+19
122 7 5.27838e+19
123 7 5.27522e+19
124 7 5.2748e+19
125 7 5.27982e+19
63 8 5.43009e+19
64 8 5.43441e+19
65 8 5.43437e+19
66 8 5.43282e+19
67 8 5.43608e+19
68 8 5.42977e+19
69 8 5.42769e+19
70 8 5.43189e+19
71 8 5.43407e+19
72 8 5.43533e+19
73 8 5.4351e+19
74 8 5.4335e+19
75 8 5.43347e+19
76 8 5.43482e+19
77 8 5.43045e+19
78 8 5.42747e+19
79 8 5.42896e+19
80 8 5.43472e+19
81 8 5.43803e+19
82 8 5.43471e+19
83 8 5.43348e+19
84 8 5.43129e+19
85 8 5.4305e+19
86 8 5.43449e+19
87 8 5.43241e+19
88 8 5.43225e+19
89 8 5.43208e+19
90 8 5.43142e+19
91 8 5.43564e+19
92 8 5.43246e+19
93 8 5.42849e+19
94 8 5.42968e+19
95 8 5.43453e+19
96 8 5.43189e+19
97 8 5.4305e+19
98 8 5.43051e+19
99 8 5.43305e+19
100 8 5.43597e+19
101 8 5.43286e+19
102 8 5.43085e+19
103 8 5.433e+19
104 8 5.43406e+19
105 8 5.43279e+19
106 8 5.43245e+19
107 8 5.4311e+19
108 8 5.43339e+19
109 8 5.43486e+19
110 8 5.43252e+19
111 8 5.43056e+19
112 8 5.43133e+19
113 8 5.43247e+19
114 8 5.43651e+19
115 8 5.43294e+19
116 8 5.42806e+19
117 8 5.43219e+19
118 8 5.43347e+19
119 8 5.43105e+19
120 8 5.43248e+19
121 8 5.43482e+19
122 8 5.43255e+19
123 8 5.43167e+19
124 8 5.43383e+19
125 8 5.43347e+19
63 9 5.58947e+19
64 9 5.59278e+19
65 9 5.59449e+19
66 9 5.59292e+19
67 9 5.5954e+19
68 9 5.59586e+19
69 9 5.59598e+19
70 9 5.59202e+19
71 9 5.59363e+19
72 9 5.59799e+19
73 9 5.59571e+19
74 9 5.59494e+19
75 9 5.5945e+19
76 9 5.59261e+19
77 9 5.59327e+19
78 9 5.59603e+19
79 9 5.5968e+19
80 9 5.59426e+19
81 9 5.59075e+19
82 9 5.59254e+19
83 9 5.59681e+19
84 9 5.59497e+19
85 9 5.59661e+19
86 9 5.59195e+19
87 9 5.59061e+19
88 9 5.59355e+19
89 9 5.59283e+19
90 9 5.59615e+19
91 9 5.59304e+19
92 9 5.59509e+19
93 9 5.59835e+19
94 9 5.59786e+19
95 9 5.59515e+19
96 9 5.59327e+19
97 9 5.59263e+19
98 9 5.59107e+19
99 9 5.59256e+19
100 9 5.59177e+19
101 9 5.59206e+19
102 9 5.59431e+19
103 9 5.59193e+19
104 9 5.59388e+19
105 9 5.5925e+19
106 9 5.58906e+19
107 9 5.5929e+19
108 9 5.59323e+19
109 9 5.59323e+19
110 9 5.59496e+19
111 9 5.59388e+19
112 9 5.59246e+19
113 9 5.59248e+19
114 9 5.59679e+19
115 9 5.59534e+19
116 9 5.58849e+19
117 9 5.59315e+19
118 9 5.59214e+19
119 9 5.58789e+19
120 9 5.59236e+19
121 9 5.59181e+19
122 9 5.59155e+19
123 9 5.5958e+19
124 9 5.59359e+19
125 9 5.59167e+19
63 10 5.75936e+19
64 10 5.75802e+19
65 10 5.75707e+19
66 10 5.75853e+19
67 10 5.75805e+19
68 10 5.7589e+19
69 10 5.75912e+19
70 10 5.76003e+19
71 10 5.75932e+19
72 10 5.75848e+19
73 10 5.76346e+19
74 10 5.76039e+19
75 10 5.75778e+19
76 10 5.75838e+19
77 10 5.76086e+19
78 10 5.76134e+19
79 10 5.75972e+19
80 10 5.7547e+19
81 10 5.75321e+19
82 10 5.76006e+19
83 10 5.76087e+19
84 10 5.76141e+19
85 10 5.76313e+19
86 10 5.75859e+19
87 10 5.75958e+19
88 10 5.75921e+19
89 10 5.75435e+19
90 10 5.75806e+19
91 10 5.75779e+19
92 10 5.75584e+19
93 10 5.75873e+19
94 10 5.76082e+19
95 10 5.75892e+19
96 10 5.76098e+19
97 10 5.76268e+19
98 10 5.7643e+19
99 10 5.7614e+19
100 10 5.75794e+19
101 10 5.76188e+19
102 10 5.76308e+19
103 10 5.75852e+19
104 10 5.75858e+19
105 10 5.76589e+19
106 10 5.76159e+19
107 10 5.76196e+19
108 10 5.76339e+19
109 10 5.75893e+19
110 10 5.76117e+19
111 10 5.75705e+19
112 10 5.75642e+19
113 10 5.76022e+19
114 10 5.75954e+19
115 10 5.75907e+19
116 10 5.76379e+19
117 10 5.76443e+19
118 10 5.76034e+19
119 10 5.76003e+19
120 10 5.76054e+19
121 10 5.76017e+19
122 10 5.75905e+19
123 10 5.76016e+19
124 10 5.76222e+19
125 10 5.76224e+19
63 11 5.93014e+19
64 11 5.92634e+19
65 11 5.92906e+19
66 11 5.93092e+19
67 11 5.93002e+19
68 11 5.92937e+19
69 11 5.92745e+19
70 11 5.92745e+19
71 11 5.93058e+19
72 11 5.92707e+19
73 11 5.92575e+19
74 11 5.92753e+19
75 11 5.92912e+19
76 11 5.93567e+19
77 11 5.93437e+19
78 11 5.93083e+19
79 11 5.92968e+19
80 11 5.93427e+19
81 11 5.93678e+19
82 11 5.93231e+19
83 11 5.92776e+19
84 11 5.92586e+19
85 11 5.92827e+19
86 11 5.93575e+19
87 11 5.93145e+19
88 11 5.92635e+19
89 11 5.93328e+19
90 11 5.93085e+19
91 11 5.9285e+19
92 11 5.93037e+19
93 11 5.93062e+19
94 11 5.92838e+19
95 11 5.92746e+19
96 11 5.93068e+19
97 11 5.9297e+19
98 11 5.92851e+19
99 11 5.92972e+19
100 11 5.92751e+19
101 11 5.92779e+19
102 11 5.9283e+19
103 11 5.92966e+19
104 11 5.93072e+19
105 11 5.93268e+19
106 11 5.93172e+19
107 11 5.92491e+19
108 11 5.92707e+19
109 11 5.92927e+19
110 11 5.92704e+19
111 11 5.93225e+19
112 11 5.93331e+19
113 11 5.93089e+19
114 11 5.92814e+19
115 11 5.92897e+19
116 11 5.93554e+19
117 11 5.93324e+19
118 11 5.93138e+19
119 11 5.93258e+19
120 11 5.93328e+19
121 11 5.93365e+19
122 11 5.92919e+19
123 11 5.92805e+19
124 11 5.93223e+19
125 11 5.93277e+19
63 12 6.10403e+19
64 12 6.10894e+19
65 12 6.10838e+19
66 12 6.10526e+19
67 12 6.10232e+19
68 12 6.10299e+19
69 12 6.10551e+19
70 12 6.10487e+19
71 12 6.1041e+19
72 12 6.10308e+19
73 12 6.10153e+19
74 12 6.10361e+19
75 12 6.10358e+19
76 12 6.1063e+19
77 12 6.10632e+19
78 12 6.10605e+19
79 12 6.10585e+19
80 12 6.11027e+19
81 12 6.11184e+19
82 12 6.10302e+19
83 12 6.10247e+19
84 12 6.10327e+19
85 12 6.1028e+19
86 12 6.10402e+19
87 12 6.10267e+19
88 12 6.10464e+19
89 12 6.10893e+19
90 12 6.10751e+19
91 12 6.10608e+19
92 12 6.10791e+19
93 12 6.10694e+19
94 12 6.10241e+19
95 12 6.10414e+19
96 12 6.10963e+19
97 12 6.10433e+19
98 12 6.10192e+19
99 12 6.10394e+19
100 12 6.10461e+19
101 12 6.10235e+19
102 12 6.10273e+19
103 12 6.10967e+19
104 12 6.10735e+19
105 12 6.10286e+19
106 12 6.10549e+19
107 12 6.10284e+19
108 12 6.09934e+19
109 12 6.10209e+19
110 12 6.10112e+19
111 12 6.10335e+19
112 12 6.10756e+19
113 12 6.10335e+19
114 12 6.10087e+19
115 12 6.10245e+19
116 12 6.10043e+19
117 12 6.10166e+19
118 12 6.10306e+19
119 12 6.10767e+19
120 12 6.10772e+19
121 12 6.10342e+19
122 12 6.10402e+19
123 12 6.10436e+19
124 12 6.10114e+19
125 12 6.10168e+19
63 13 6.28542e+19
64 13 6.28621e+19
65 13 6.28618e+19
66 13 6.28553e+19
67 13 6.28316e+19
68 13 6.28733e+19
69 13 6.28761e+19
70 13 6.28527e+19
71 13 6.28419e+19
72 13 6.28797e+19
73 13 6.28822e+19
74 13 6.28559e+19
75 13 6.28391e+19
76 13 6.28138e+19
77 13 6.28191e+19
78 13 6.28039e+19
79 13 6.27968e+19
80 13 6.28447e+19
81 13 6.28619e+19
82 13 6.28376e+19
83 13 6.28609e+19
84 13 6.28987e+19
85 13 6.28926e+19
86 13 6.28205e+19
87 13 6.28288e+19
88 13 6.28489e+19
89 13 6.28149e+19
90 13 6.28403e+19
91 13 6.28594e+19
92 13 6.284e+19
93 13 6.28105e+19
94 13 6.28175e+19
95 13 6.2868e+19
96 13 6.28803e+19
97 13 6.2834e+19
98 13 6.28343e+19
99 13 6.2862e+19
100 13 6.28608e+19
101 13 6.28587e+19
102 13 6.28537e+19
103 13 6.28565e+19
104 13 6.28421e+19
105 13 6.28278e+19
106 13 6.2861e+19
107 13 6.28752e+19
108 13 6.28257e+19
109 13 6.28383e+19
110 13 6.2858e+19
111 13 6.27918e+19
112 13 6.28363e+19
113 13 6.28707e+19
114 13 6.28426e+19
115 13 6.28184e+19
116 13 6.28144e+19
117 13 6.28465e+19
118 13 6.28587e+19
119 13 6.28868e+19
120 13 6.28212e+19
121 13 6.28181e+19
122 13 6.28601e+19
123 13 6.28159e+19
124 13 6.28241e+19
125 13 6.28413e+19
63 14 6.4743e+19
64 14 6.46578e+19
65 14 6.46511e+19
66 14 6.46826e+19
67 14 6.47287e+19
68 14 6.47482e+19
69 14 6.47173e+19
70 14 6.46921e+19
71 14 6.46752e+19
72 14 6.46617e+19
73 14 6.46622e+19
74 14 6.46647e+19
75 14 6.46554e+19
76 14 6.46635e+19
77 14 6.4691e+19
78 14 6.46846e+19
79 14 6.46903e+19
80 14 6.46829e+19
81 14 6.46822e+19
82 14 6.46878e+19
83 14 6.46577e+19
84 14 6.46826e+19
85 14 6.47121e+19
86 14 6.4691e+19
87 14 6.46761e+19
88 14 6.47031e+19
89 14 6.47058e+19
90 14 6.46461e+19
91 14 6.46531e+19
92 14 6.46851e+19
93 14 6.47211e+19
94 14 6.47637e+19
95 14 6.46819e+19
96 14 6.46346e+19
97 14 6.46903e+19
98 14 6.4699e+19
99 14 6.4705e+19
100 14 6.46957e+19
101 14 6.47094e+19
102 14 6.47079e+19
103 14 6.46914e+19
104 14 6.47255e+19
105 14 6.46975e+19
106 14 6.4679e+19
107 14 6.46866e+19
108 14 6.46863e+19
109 14 6.46882e+19
110 14 6.46876e+19
111 14 6.47233e+19
112 14 6.47115e+19
113 14 6.46977e+19
114 14 6.4675e+19
115 14 6.46706e+19
116 14 6.46946e+19
117 14 6.46869e+19
118 14 6.46445e+19
119 14 6.46492e+19
120 14 6.46812e+19
121 14 6.4686e+19
122 14 6.4712e+19
123 14 6.46893e+19
124 14 6.47246e+19
125 14 6.47241e+19
63 15 6.66009e+19
64 15 6.65966e+19
65 15 6.65583e+19
66 15 6.65648e+19
67 15 6.65709e+19
68 15 6.65562e+19
69 15 6.65434e+19
70 15 6.6541e+19
71 15 6.65763e+19
72 15 6.65845e+19
73 15 6.66086e+19
74 15 6.65908e+19
75 15 6.65747e+19
76 15 6.65923e+19
77 15 6.65908e+19
78 15 6.65856e+19
79 15 6.66133e+19
80 15 6.66053e+19
81 15 6.65648e+19
82 15 6.65602e+19
83 15 6.65569e+19
84 15 6.65559e+19
85 15 6.65364e+19
86 15 6.65967e+19
87 15 6.66269e+19
88 15 6.65855e+19
89 15 6.6552e+19
90 15 6.65281e+19
91 15 6.65557e+19
92 15 6.65822e+19
93 15 6.66156e+19
94 15 6.65687e+19
95 15 6.65265e+19
96 15 6.65617e+19
97 15 6.65818e+19
98 15 6.65998e+19
99 15 6.65884e+19
100 15 6.65873e+19
101 15 6.65986e+19
102 15 6.6603e+19
103 15 6.66032e+19
104 15 6.65887e+19
105 15 6.66024e+19
106 15 6.65781e+19
107 15 6.65421e+19
108 15 6.66117e+19
109 15 6.65826e+19
110 15 6.65417e+19
111 15 6.66193e+19
112 15 6.65947e+19
113 15 6.65733e+19
114 15 6.66061e+19
115 15 6.66099e+19
116 15 6.65924e+19
117 15 6.65695e+19
118 15 6.65581e+19
119 15 6.65304e+19
120 15 6.65784e+19
121 15 6.66153e+19
122 15 6.6614e+19
123 15 6.66138e+19
124 15 6.6602e+19
125 15 6.65578e+19
63 16 6.85095e+19
64 16 6.85219e+19
65 16 6.8561e+19
66 16 6.85498e+19
67 16 6.85117e+19
68 16 6.85159e+19
69 16 6.85188e+19
70 16 6.85361e+19
71 16 6.85805e+19
72 16 6.85534e+19
73 16 6.8559e+19
74 16 6.85709e+19
75 16 6.85341e+19
76 16 6.85029e+19
77 16 6.8526e+19
78 16 6.85368e+19
79 16 6.85042e+19
80 16 6.85044e+19
81 16 6.84674e+19
82 16 6.84881e+19
83 16 6.85341e+19
84 16 6.85078e+19
85 16 6.8513e+19
86 16 6.85489e+19
87 16 6.85751e+19
88 16 6.85106e+19
89 16 6.84924e+19
90 16 6.857e+19
91 16 6.8537e+19
92 16 6.85053e+19
93 16 6.84917e+19
94 16 6.84429e+19
95 16 6.85177e+19
96 16 6.85732e+19
97 16 6.85355e+19
98 16 6.84955e+19
99 16 6.84835e+19
100 16 6.85439e+19
101 16 6.85301e+19
102 16 6.84896e+19
103 16 6.85223e+19
104 16 6.8505e+19
105 16 6.84788e+19
106 16 6.8508e+19
107 16 6.85313e+19
108 16 6.85379e+19
109 16 6.85538e+19
110 16 6.85119e+19
111 16 6.84611e+19
112 16 6.85028e+19
113 16 6.85493e+19
114 16 6.85684e+19
115 16 6.85687e+19
116 16 6.85693e+19
117 16 6.85454e+19
118 16 6.85349e+19
119 16 6.85148e+19
120 16 6.84896e+19
121 16 6.85282e+19
122 16 6.85473e+19
123 16 6.85418e+19
124 16 6.854e+19
125 16 6.85379e+19
63 17 7.05314e+19
64 17 7.05368e+19
65 17 7.05256e+19
66 17 7.0508e+19
67 17 7.05667e+19
68 17 7.05595e+19
69 17 7.0556e+19
70 17 7.05982e+19
71 17 7.05666e+19
72 17 7.05156e+19
73 17 7.04743e+19
74 17 7.05241e+19
75 17 7.05615e+19
76 17 7.04855e+19
77 17 7.05029e+19
78 17 7.0568e+19
79 17 7.05158e+19
80 17 7.04484e+19
81 17 7.05134e+19
82 17 7.05332e+19
83 17 7.04835e+19
84 17 7.04877e+19
85 17 7.05256e+19
86 17 7.05201e+19
87 17 7.05122e+19
88 17 7.05285e+19
89 17 7.05284e+19
90 17 7.05442e+19
91 17 7.05308e+19
92 17 7.05122e+19
93 17 7.04851e+19
94 17 7.05363e+19
95 17 7.05619e+19
96 17 7.05323e+19
97 17 7.05628e+19
98 17 7.05245e+19
99 17 7.05037e+19
100 17 7.05283e+19
101 17 7.05071e+19
102 17 7.0511e+19
103 17 7.05215e+19
104 17 7.05418e+19
105 17 7.05567e+19
106 17 7.0552e+19
107 17 7.05611e+19
108 17 7.05242e+19
109 17 7.05566e+19
110 17 7.05583e+19
111 17 7.04823e+19
112 17 7.05088e+19
113 17 7.05488e+19
114 17 7.05241e+19
115 17 7.05148e+19
116 17 7.05542e+19
117 17 7.05137e+19
118 17 7.04904e+19
119 17 7.05345e+19
120 17 7.05491e+19
121 17 7.04936e+19
122 17 7.04805e+19
123 17 7.05267e+19
124 17 7.05167e+19
125 17 7.05205e+19
63 18 7.25419e+19
64 18 7.2579e+19
65 18 7.25496e+19
66 18 7.25465e+19
67 18 7.25897e+19
68 18 7.25699e+19
69 18 7.25742e+19
70 18 7.25913e+19
71 18 7.25612e+19
72 18 7.25917e+19
73 18 7.25792e+19
74 18 7.25519e+19
75 18 7.25925e+19
76 18 7.26161e+19
77 18 7.25936e+19
78 18 7.25807e+19
79 18 7.26104e+19
80 18 7.25966e+19
81 18 7.26098e+19
82 18 7.26241e+19
83 18 7.26042e+19
84 18 7.25941e+19
85 18 7.25875e+19
86 18 7.25619e+19
87 18 7.25389e+19
88 18 7.25768e+19
89 18 7.2562e+19
90 18 7.25484e+19
91 18 7.26011e+19
92 18 7.26258e+19
93 18 7.26114e+19
94 18 7.26036e+19
95 18 7.26014e+19
96 18 7.25553e+19
97 18 7.25827e+19
98 18 7.26365e+19
99 18 7.25939e+19
100 18 7.25335e+19
101 18 7.25627e+19
102 18 7.26351e+19
103 18 7.25898e+19
104 18 7.25743e+19
105 18 7.25639e+19
106 18 7.257e+19
107 18 7.26021e+19
108 18 7.25763e+19
109 18 7.26057e+19
110 18 7.26559e+19
111 18 7.26301e+19
112 18 7.25464e+19
113 18 7.25238e+19
114 18 7.25273e+19
115 18 7.25766e+19
116 18 7.25762e+19
117 18 7.25498e+19
118 18 7.25413e+19
119 18 7.25949e+19
120 18 7.26461e+19
121 18 7.25627e+19
122 18 7.25288e+19
123 18 7.253e+19
124 18 7.25371e+19
125 18 7.25785e+19
63 19 7.47037e+19
64 19 7.46806e+19
65 19 7.47137e+19
66 19 7.47067e+19
67 19 7.46407e+19
68 19 7.46804e+19
69 19 7.4703e+19
70 19 7.46482e+19
71 19 7.46622e+19
72 19 7.46605e+19
73 19 7.47075e+19
74 19 7.47093e+19
75 19 7.46795e+19
76 19 7.4702e+19
77 19 7.46878e+19
78 19 7.46662e+19
79 19 7.46631e+19
80 19 7.46808e+19
81 19 7.46677e+19
82 19 7.47058e+19
83 19 7.4757e+19
84 19 7.47185e+19
85 19 7.46762e+19
86 19 7.46954e+19
87 19 7.47069e+19
88 19 7.47097e+19
89 19 7.47649e+19
90 19 7.4732e+19
91 19 7.47087e+19
92 19 7.47118e+19
93 19 7.46817e+19
94 19 7.46962e+19
95 19 7.46983e+19
96 19 7.46893e+19
97 19 7.467e+19
98 19 7.46396e+19
99 19 7.46914e+19
100 19 7.47139e+19
101 19 7.46955e+19
102 19 7.47031e+19
103 19 7.46623e+19
104 19 7.4645e+19
105 19 7.46432e+19
106 19 7.46333e+19
107 19 7.46571e+19
108 19 7.47184e+19
109 19 7.47271e+19
110 19 7.4706e+19
111 19 7.47351e+19
112 19 7.47076e+19
113 19 7.46818e+19
114 19 7.47097e+19
115 19 7.46872e+19
116 19 7.46757e+19
117 19 7.46983e+19
118 19 7.46856e+19
119 19 7.46998e+19
120 19 7.4686e+19
121 19 7.4701e+19
122 19 7.47185e+19
123 19 7.46428e+19
124 19 7.46583e+19
125 19 7.47537e+19
63 20 7.68674e+19
64 20 7.68321e+19
65 20 7.68696e+19
66 20 7.68919e+19
67 20 7.68594e+19
68 20 7.68342e+19
69 20 7.68196e+19
70 20 7.68491e+19
71 20 7.68597e+19
72 20 7.68401e+19
73 20 7.6867e+19
74 20 7.68908e+19
75 20 7.68398e+19
76 20 7.68285e+19
77 20 7.68417e+19
78 20 7.68348e+19
79 20 7.67949e+19
80 20 7.6805e+19
81 20 7.6886e+19
82 20 7.68643e+19
83 20 7.68079e+19
84 20 7.68409e+19
85 20 7.68551e+19
86 20 7.68248e+19
87 20 7.68509e+19
88 20 7.68764e+19
89 20 7.68855e+19
90 20 7.68738e+19
91 20 7.68429e+19
92 20 7.68351e+19
93 20 7.68447e+19
94 20 7.6825e+19
95 20 7.68037e+19
96 20 7.68546e+19
97 20 7.68595e+19
98 20 7.6774e+19
99 20 7.68334e+19
100 20 7.68981e+19
101 20 7.68641e+19
102 20 7.68219e+19
103 20 7.67961e+19
104 20 7.68328e+19
105 20 7.68763e+19
106 20 7.6855e+19
107 20 7.68221e+19
108 20 7.68552e+19
109 20 7.6845e+19
110 20 7.68222e+19
111 20 7.68769e+19
112 20 7.69256e+19
113 20 7.68586e+19
114 20 7.68459e+19
115 20 7.68706e+19
116 20 7.68544e+19
117 20 7.68548e+19
118 20 7.68979e+19
119 20 7.68363e+19
120 20 7.67472e+19
121 20 7.68044e+19
122 20 7.68671e+19
123 20 7.68752e+19
124 20 7.6851e+19
125 20 7.68234e+19
63 21 7.89737e+19
64 21 7.90611e+19
65 21 7.90834e+19
66 21 7.90688e+19
67 21 7.90683e+19
68 21 7.90721e+19
69 21 7.90618e+19
70 21 7.90975e+19
71 21 7.90818e+19
72 21 7.9069e+19
73 21 7.9082e+19
74 21 7.90633e+19
75 21 7.90376e+19
76 21 7.90696e+19
77 21 7.9087e+19
78 21 7.9067e+19
79 21 7.90939e+19
80 21 7.9092e+19
81 21 7.90379e+19
82 21 7.90173e+19
83 21 7.90118e+19
84 21 7.90406e+19
85 21 7.90728e+19
86 21 7.91033e+19
87 21 7.91292e+19
88 21 7.90873e+19
89 21 7.90544e+19
90 21 7.90857e+19
91 21 7.90813e+19
92 21 7.90625e+19
93 21 7.91029e+19
94 21 7.90941e+19
95 21 7.90658e+19
96 21 7.90894e+19
97 21 7.90724e+19
98 21 7.9086e+19
99 21 7.90349e+19
100 21 7.90193e+19
101 21 7.90955e+19
102 21 7.90873e+19
103 21 7.90811e+19
104 21 7.91006e+19
105 21 7.90984e+19
106 21 7.91005e+19
107 21 7.9099e+19
108 21 7.90267e+19
109 21 7.90314e+19
110 21 7.90995e+19
111 21 7.90553e+19
112 21 7.9055e+19
113 21 7.9077e+19
114 21 7.90258e+19
115 21 7.90459e+19
116 21 7.9033e+19
117 21 7.90522e+19
118 21 7.90732e+19
119 21 7.90548e+19
120 21 7.90514e+19
121 21 7.90466e+19
122 21 7.90536e+19
123 21 7.91117e+19
124 21 7.91213e+19
125 21 7.90373e+19
63 22 8.13668e+19
64 22 8.13904e+19
65 22 8.13516e+19
66 22 8.13441e+19
67 22 8.13935e+19
68 22 8.14071e+19
69 22 8.13478e+19
70 22 8.13096e+19
71 22 8.13515e+19
72 22 8.13789e+19
73 22 8.1361e+19
74 22 8.13446e+19
75 22 8.13587e+19
76 22 8.13636e+19
77 22 8.13304e+19
78 22 8.13421e+19
79 22 8.1402e+19
80 22 8.14069e+19
81 22 8.13337e+19
82 22 8.13472e+19
83 22 8.14274e+19
84 22 8.14055e+19
85 22 8.13386e+19
86 22 8.14103e+19
87 22 8.14239e+19
88 22 8.13373e+19
89 22 8.13849e+19
90 22 8.13701e+19
91 22 8.13331e+19
92 22 8.13487e+19
93 22 8.13083e+19
94 22 8.13066e+19
95 22 8.13426e+19
96 22 8.13441e+19
97 22 8.13416e+19
98 22 8.14226e+19
99 22 8.13956e+19
100 22 8.13509e+19
101 22 8.13634e+19
102 22 8.13445e+19
103 22 8.13919e+19
104 22 8.13231e+19
105 22 8.1348e+19
106 22 8.13986e+19
107 22 8.13518e+19
108 22 8.13423e+19
109 22 8.13417e+19
110 22 8.13567e+19
111 22 8.13539e+19
112 22 8.13648e+19
113 22 8.13761e+19
114 22 8.13672e+19
115 22 8.12989e+19
116 22 8.12998e+19
117 22 8.13548e+19
118 22 8.13383e+19
119 22 8.13637e+19
120 22 8.1395e+19
121 22 8.1364e+19
122 22 8.13565e+19
123 22 8.13955e+19
124 22 8.14104e+19
125 22 8.13909e+19
63 23 8.37147e+19
64 23 8.36958e+19
65 23 8.37111e+19
66 23 8.37136e+19
67 23 8.36997e+19
68 23 8.37099e+19
69 23 8.36822e+19
70 23 8.36352e+19
71 23 8.36197e+19
72 23 8.36351e+19
73 23 8.36777e+19
74 23 8.36885e+19
75 23 8.37059e+19
76 23 8.37558e+19
77 23 8.37459e+19
78 23 8.37182e+19
79 23 8.36932e+19
80 23 8.3696e+19
81 23 8.37492e+19
82 23 8.3724e+19
83 23 8.37183e+19
84 23 8.37546e+19
85 23 8.37495e+19
86 23 8.37368e+19
87 23 8.36686e+19
88 23 8.36617e+19
89 23 8.36723e+19
90 23 8.36504e+19
91 23 8.36885e+19
92 23 8.37222e+19
93 23 8.37289e+19
94 23 8.36921e+19
95 23 8.3683e+19
96 23 8.3673e+19
97 23 8.37018e+19
98 23 8.37209e+19
99 23 8.37119e+19
100 23 8.37381e+19
101 23 8.36784e+19
102 23 8.36094e+19
103 23 8.36773e+19
104 23 8.36812e+19
105 23 8.36721e+19
106 23 8.37226e+19
107 23 8.36974e+19
108 23 8.37323e+19
109 23 8.37359e+19
110 23 8.36539e+19
111 23 8.36997e+19
112 23 8.37134e+19
113 23 8.36516e+19
114 23 8.37205e+19
115 23 8.37155e+19
116 23 8.37169e+19
117 23 8.37478e+19
118 23 8.37482e+19
119 23 8.37303e+19
120 23 8.36869e+19
121 23 8.36516e+19
122 23 8.3659e+19
123 23 8.3658e+19
124 23 8.36569e+19
125 23 8.37183e+19
63 24 8.60282e+19
64 24 8.60944e+19
65 24 8.61256e+19
66 24 8.60903e+19
67 24 8.60558e+19
68 24 8.60967e+19
69 24 8.61767e+19
70 24 8.61421e+19
71 24 8.60871e+19
72 24 8.60886e+19
73 24 8.60729e+19
74 24 8.60567e+19
75 24 8.61553e+19
76 24 8.61682e+19
77 24 8.61628e+19
78 24 8.61645e+19
79 24 8.60972e+19
80 24 8.60885e+19
81 24 8.61088e+19
82 24 8.61299e+19
83 24 8.60781e+19
84 24 8.60799e+19
85 24 8.61484e+19
86 24 8.61067e+19
87 24 8.60717e+19
88 24 8.60998e+19
89 24 8.60443e+19
90 24 8.6069e+19
91 24 8.61087e+19
92 24 8.60824e+19
93 24 8.61644e+19
94 24 8.62055e+19
95 24 8.61156e+19
96 24 8.61256e+19
97 24 8.61346e+19
98 24 8.60024e+19
99 24 8.60434e+19
100 24 8.60804e+19
101 24 8.60369e+19
102 24 8.6078e+19
103 24 8.60803e+19
104 24 8.61215e+19
105 24 8.6107e+19
106 24 8.60877e+19
107 24 8.60902e+19
108 24 8.60984e+19
109 24 8.61466e+19
110 24 8.61113e+19
111 24 8.60752e+19
112 24 8.60875e+19
113 24 8.60847e+19
114 24 8.60656e+19
115 24 8.61003e+19
116 24 8.61335e+19
117 24 8.61435e+19
118 24 8.61104e+19
119 24 8.61116e+19
120 24 8.61437e+19
121 24 8.61044e+19
122 24 8.6075e+19
123 24 8.60699e+19
124 24 8.60585e+19
125 24 8.60609e+19
63 25 8.86031e+19
64 25 8.8578e+19
65 25 8.85621e+19
66 25 8.85767e+19
67 25 8.85648e+19
68 25 8.85539e+19
69 25 8.85828e+19
70 25 8.86237e+19
71 25 8.86293e+19
72 25 8.86081e+19
73 25 8.85831e+19
74 25 8.85585e+19
75 25 8.85712e+19
76 25 8.85499e+19
77 25 8.85334e+19
78 25 8.85817e+19
79 25 8.85853e+19
80 25 8.85908e+19
81 25 8.85937e+19
82 25 8.85832e+19
83 25 8.8578e+19
84 25 8.85248e+19
85 25 8.85194e+19
86 25 8.84975e+19
87 25 8.84859e+19
88 25 8.85878e+19
89 25 8.86263e+19
90 25 8.86393e+19
91 25 8.8601e+19
92 25 8.85106e+19
93 25 8.85128e+19
94 25 8.85546e+19
95 25 8.85322e+19
96 25 8.85601e+19
97 25 8.86203e+19
98 25 8.85751e+19
99 25 8.85597e+19
100 25 8.85743e+19
101 25 8.85766e+19
102 25 8.86027e+19
103 25 8.86292e+19
104 25 8.86121e+19
105 25 8.8586e+19
106 25 8.85302e+19
107 25 8.85338e+19
108 25 8.85446e+19
109 25 8.85518e+19
110 25 8.8615e+19
111 25 8.86041e+19
112 25 8.8586e+19
113 25 8.85825e+19
114 25 8.85622e+19
115 25 8.8628e+19
116 25 8.86063e+19
117 25 8.8505e+19
118 25 8.85175e+19
119 25 8.85636e+19
120 25 8.86043e+19
121 25 8.86322e+19
122 25 8.86099e+19
123 25 8.85831e+19
124 25 8.8547e+19
125 25 8.8554e+19
63 26 9.11484e+19
64 26 9.10979e+19
65 26 9.10304e+19
66 26 9.105e+19
67 26 9.10891e+19
68 26 9.11076e+19
69 26 9.10049e+19
70 26 9.10104e+19
71 26 9.10891e+19
72 26 9.10782e+19
73 26 9.11307e+19
74 26 9.1138e+19
75 26 9.1068e+19
76 26 9.1074e+19
77 26 9.10693e+19
78 26 9.10452e+19
79 26 9.10824e+19
80 26 9.11366e+19
81 26 9.11526e+19
82 26 9.10939e+19
83 26 9.10949e+19
84 26 9.11017e+19
85 26 9.10957e+19
86 26 9.11086e+19
87 26 9.11171e+19
88 26 9.11107e+19
89 26 9.11219e+19
90 26 9.11109e+19
91 26 9.11282e+19
92 26 9.11547e+19
93 26 9.10889e+19
94 26 9.1061e+19
95 26 9.11168e+19
96 26 9.11028e+19
97 26 9.10802e+19
98 26 9.11503e+19
99 26 9.11292e+19
100 26 9.10936e+19
101 26 9.11757e+19
102 26 9.11596e+19
103 26 9.10651e+19
104 26 9.10941e+19
105 26 9.1132e+19
106 26 9.10894e+19
107 26 9.11069e+19
108 26 9.11234e+19
109 26 9.10232e+19
110 26 9.10494e+19
111 26 9.10963e+19
112 26 9.11065e+19
113 26 9.11703e+19
114 26 9.11673e+19
115 26 9.1158e+19
116 26 9.11167e+19
117 26 9.1082e+19
118 26 9.11337e+19
119 26 9.11175e+19
120 26 9.11011e+19
121 26 9.11489e+19
122 26 9.10976e+19
123 26 9.10668e+19
124 26 9.11083e+19
125 26 9.11579e+19
63 27 9.36634e+19
64 27 9.37112e+19
65 27 9.36997e+19
66 27 9.36944e+19
67 27 9.37314e+19
68 27 9.37242e+19
69 27 9.3671e+19
70 27 9.36577e+19
71 27 9.37187e+19
72 27 9.37195e+19
73 27 9.37292e+19
74 27 9.37414e+19
75 27 9.37434e+19
76 27 9.37161e+19
77 27 9.37028e+19
78 27 9.3693e+19
79 27 9.36785e+19
80 27 9.37045e+19
81 27 9.37261e+19
82 27 9.37222e+19
83 27 9.369e+19
84 27 9.37125e+19
85 27 9.37267e+19
86 27 9.36944e+19
87 27 9.37239e+19
88 27 9.36789e+19
89 27 9.36553e+19
90 27 9.3616e+19
91 27 9.36114e+19
92 27 9.37396e+19
93 27 9.37335e+19
94 27 9.36857e+19
95 27 9.37386e+19
96 27 9.377e+19
97 27 9.37068e+19
98 27 9.37382e+19
99 27 9.37644e+19
100 27 9.36895e+19
101 27 9.36987e+19
102 27 9.37498e+19
103 27 9.37006e+19
104 27 9.36666e+19
105 27 9.3679e+19
106 27 9.37494e+19
107 27 9.38066e+19
108 27 9.37867e+19
109 27 9.37047e+19
110 27 9.366e+19
111 27 9.36564e+19
112 27 9.36787e+19
113 27 9.37526e+19
114 27 9.37391e+19
115 27 9.36971e+19
116 27 9.36971e+19
117 27 9.37568e+19
118 27 9.37231e+19
119 27 9.36836e+19
120 27 9.36975e+19
121 27 9.36852e+19
122 27 9.36779e+19
123 27 9.36855e+19
124 27 9.3718e+19
125 27 9.3699e+19
63 28 9.63929e+19
64 28 9.62968e+19
65 28 9.63572e+19
66 28 9.64229e+19
67 28 9.64048e+19
68 28 9.63991e+19
69 28 9.64108e+19
70 28 9.64129e+19
71 28 9.63751e+19
72 28 9.63712e+19
73 28 9.63552e+19
74 28 9.64085e+19
75 28 9.64447e+19
76 28 9.6363e+19
77 28 9.6358e+19
78 28 9.63983e+19
79 28 9.63743e+19
80 28 9.63348e+19
81 28 9.62988e+19
82 28 9.63456e+19
83 28 9.63613e+19
84 28 9.63658e+19
85 28 9.63707e+19
86 28 9.6326e+19
87 28 9.63392e+19
88 28 9.63681e+19
89 28 9.63961e+19
90 28 9.63526e+19
91 28 9.62921e+19
92 28 9.63295e+19
93 28 9.63835e+19
94 28 9.63956e+19
95 28 9.63802e+19
96 28 9.63784e+19
97 28 9.63389e+19
98 28 9.63784e+19
99 28 9.63959e+19
100 28 9.63639e+19
101 28 9.63309e+19
102 28 9.63411e+19
103 28 9.64362e+19
104 28 9.63594e+19
105 28 9.63075e+19
106 28 9.63847e+19
107 28 9.63844e+19
108 28 9.63804e+19
109 28 9.64204e+19
110 28 9.63921e+19
111 28 9.63542e+19
112 28 9.6304e+19
113 28 9.63143e+19
114 28 9.63789e+19
115 28 9.63654e+19
116 28 9.64059e+19
117 28 9.64183e+19
118 28 9.63558e+19
119 28 9.63562e+19
120 28 9.63439e+19
121 28 9.6339e+19
122 28 9.63897e+19
123 28 9.64092e+19
124 28 9.64242e+19
125 28 9.63844e+19
63 29 9.91565e+19
64 29 9.90504e+19
65 29 9.90852e+19
66 29 9.90875e+19
67 29 9.90926e+19
68 29 9.90831e+19
69 29 9.90771e+19
70 29 9.91121e+19
71 29 9.90933e+19
72 29 9.91288e+19
73 29 9.91169e+19
74 29 9.91044e+19
75 29 9.90531e+19
76 29 9.90484e+19
77 29 9.91018e+19
78 29 9.90933e+19
79 29 9.9144e+19
80 29 9.91219e+19
81 29 9.90311e+19
82 29 9.90789e+19
83 29 9.91134e+19
84 29 9.90999e+19
85 29 9.91151e+19
86 29 9.91599e+19
87 29 9.91807e+19
88 29 9.91265e+19
89 29 9.90552e+19
90 29 9.91026e+19
91 29 9.91673e+19
92 29 9.91467e+19
93 29 9.91448e+19
94 29 9.91514e+19
95 29 9.90827e+19
96 29 9.90705e+19
97 29 9.91841e+19
98 29 9.9147e+19
99 29 9.90836e+19
100 29 9.91381e+19
101 29 9.91686e+19
102 29 9.91459e+19
103 29 9.91078e+19
104 29 9.91217e+19
105 29 9.91402e+19
106 29 9.90881e+19
107 29 9.89912e+19
108 29 9.89651e+19
109 29 9.90841e+19
110 29 9.9141e+19
111 29 9.91348e+19
112 29 9.91249e+19
113 29 9.90716e+19
114 29 9.9105e+19
115 29 9.90653e+19
116 29 9.90605e+19
117 29 9.91314e+19
118 29 9.91577e+19
119 29 9.91978e+19
120 29 9.91443e+19
121 29 9.90986e+19
122 29 9.90927e+19
123 29 9.91173e+19
124 29 9.91533e+19
125 29 9.91373e+19
63 30 1.01827e+20
64 30 1.01923e+20
65 30 1.01923e+20
66 30 1.01897e+20
67 30 1.01876e+20
68 30 1.01834e+20
69 30 1.01926e+20
70 30 1.01943e+20
71 30 1.01909e+20
72 30 1.01899e+20
73 30 1.01905e+20
74 30 1.01884e+20
75 30 1.0187e+20
76 30 1.01911e+20
77 30 1.01908e+20
78 30 1.01928e+20
79 30 1.01943e+20
80 30 1.01978e+20
81 30 1.01965e+20
82 30 1.01919e+20
83 30 1.01898e+20
84 30 1.01857e+20
85 30 1.01876e+20
86 30 1.01905e+20
87 30 1.01917e+20
88 30 1.0188e+20
89 30 1.01838e+20
90 30 1.01913e+20
91 30 1.01958e+20
92 30 1.01912e+20
93 30 1.01934e+20
94 30 1.01923e+20
95 30 1.019e+20
96 30 1.01934e+20
97 30 1.01962e+20
98 30 1.01911e+20
99 30 1.01917e+20
100 30 1.01978e+20
101 30 1.01975e+20
102 30 1.01933e+20
103 30 1.01875e+20
104 30 1.01918e+20
105 30 1.01922e+20
106 30 1.01903e+20
107 30 1.01926e+20
108 30 1.01893e+20
109 30 1.01885e+20
110 30 1.01925e+20
111 30 1.01947e+20
112 30 1.01985e+20
113 30 1.0195e+20
114 30 1.01893e+20
115 30 1.01909e+20
116 30 1.01945e+20
117 30 1.01936e+20
118 30 1.01908e+20
119 30 1.01946e+20
120 30 1.01984e+20
121 30 1.01988e+20
122 30 1.01987e+20
123 30 1.0195e+20
124 30 1.01851e+20
125 30 1.01822e+20
63 31 1.04852e+20
64 31 1.04877e+20
65 31 1.04795e+20
66 31 1.04793e+20
67 31 1.04812e+20
68 31 1.04844e+20
69 31 1.04839e+20
70 31 1.04764e+20
71 31 1.04823e+20
72 31 1.0486e+20
73 31 1.04804e+20
74 31 1.0481e+20
75 31 1.04834e+20
76 31 1.048e+20
77 31 1.04801e+20
78 31 1.04842e+20
79 31 1.04782e+20
80 31 1.04799e+20
81 31 1.04878e+20
82 31 1.0481e+20
83 31 1.04799e+20
84 31 1.04799e+20
85 31 1.04776e+20
86 31 1.04762e+20
87 31 1.04727e+20
88 31 1.0478e+20
89 31 1.0482e+20
90 31 1.04823e+20
91 31 1.04817e+20
92 31 1.04768e+20
93 31 1.04776e+20
94 31 1.04763e+20
95 31 1.04802e+20
96 31 1.04823e+20
97 31 1.04727e+20
98 31 1.04754e+20
99 31 1.04793e+20
100 31 1.04734e+20
101 31 1.04726e+20
102 31 1.04694e+20
103 31 1.04719e+20
104 31 1.04769e+20
105 31 1.04726e+20
106 31 1.04761e+20
107 31 1.0485e+20
108 31 1.04885e+20
109 31 1.04826e+20
110 31 1.04799e+20
111 31 1.04789e+20
112 31 1.04815e+20
113 31 1.04847e+20
114 31 1.04777e+20
115 31 1.04824e+20
116 31 1.04874e+20
117 31 1.04792e+20
118 31 1.04771e+20
119 31 1.04767e+20
120 31 1.04825e+20
121 31 1.0485e+20
122 31 1.04799e+20
123 31 1.04794e+20
124 31 1.04789e+20
125 31 1.04764e+20
63 32 1.07853e+20
64 32 1.07773e+20
65 32 1.07786e+20
66 32 1.07755e+20
67 32 1.07815e+20
68 32 1.07868e+20
69 32 1.07739e+20
70 32 1.07707e+20
71 32 1.07789e+20
72 32 1.07805e+20
73 32 1.0776e+20
74 32 1.0778e+20
75 32 1.07761e+20
76 32 1.07747e+20
77 32 1.07809e+20
78 32 1.078e+20
79 32 1.07739e+20
80 32 1.07695e+20
81 32 1.07776e+20
82 32 1.07763e+20
83 32 1.07782e+20
84 32 1.0788e+20
85 32 1.07816e+20
86 32 1.07806e+20
87 32 1.07847e+20
88 32 1.07843e+20
89 32 1.07821e+20
90 32 1.07826e+20
91 32 1.07802e+20
92 32 1.07744e+20
93 32 1.07685e+20
94 32 1.07699e+20
95 32 1.07745e+20
96 32 1.07757e+20
97 32 1.07838e+20
98 32 1.07861e+20
99 32 1.07756e+20
100 32 1.07715e+20
101 32 1.07718e+20
102 32 1.07782e+20
103 32 1.07802e+20
104 32 1.07764e+20
105 32 1.07746e+20
106 32 1.07732e+20
107 32 1.07777e+20
108 32 1.07809e+20
109 32 1.0778e+20
110 32 1.07742e+20
111 32 1.07749e+20
112 32 1.07725e+20
113 32 1.07701e+20
114 32 1.07781e+20
115 32 1.0779e+20
116 32 1.07751e+20
117 32 1.07754e+20
118 32 1.07802e+20
119 32 1.07822e+20
120 32 1.07749e+20
121 32 1.07718e+20
122 32 1.07739e+20
123 32 1.07753e+20
124 32 1.07783e+20
125 32 1.07833e+20
63 33 1.10795e+20
64 33 1.108e+20
65 33 1.10799e+20
66 33 1.10791e+20
67 33 1.10809e+20
68 33 1.10785e+20
69 33 1.10757e+20
70 33 1.10807e+20
71 33 1.10768e+20
72 33 1.10733e+20
73 33 1.10747e+20
74 33 1.10753e+20
75 33 1.10811e+20
76 33 1.10881e+20
77 33 1.10866e+20
78 33 1.10809e+20
79 33 1.10802e+20
80 33 1.10761e+20
81 33 1.10721e+20
82 33 1.10744e+20
83 33 1.10778e+20
84 33 1.10832e+20
85 33 1.10836e+20
86 33 1.10832e+20
87 33 1.10841e+20
88 33 1.10809e+20
89 33 1.10777e+20
90 33 1.10736e+20
91 33 1.10741e+20
92 33 1.10794e+20
93 33 1.10791e+20
94 33 1.10802e+20
95 33 1.10762e+20
96 33 1.10684e+20
97 33 1.10699e+20
98 33 1.10747e+20
99 33 1.10823e+20
100 33 1.10854e+20
101 33 1.10802e+20
102 33 1.10897e+20
103 33 1.10921e+20
104 33 1.10804e+20
105 33 1.1076e+20
106 33 1.10799e+20
107 33 1.10809e+20
108 33 1.10791e+20
109 33 1.1078e+20
110 33 1.10749e+20
111 33 1.10761e+20
112 33 1.10728e+20
113 33 1.10735e+20
114 33 1.10808e+20
115 33 1.10791e+20
116 33 1.10799e+20
117 33 1.10876e+20
118 33 1.10801e+20
119 33 1.10728e+20
120 33 1.10769e+20
121 33 1.1075e+20
122 33 1.10825e+20
123 33 1.10878e+20
124 33 1.10782e+20
125 33 1.10832e+20
63 34 1.13898e+20
64 34 1.14e+20
65 34 1.13882e+20
66 34 1.13889e+20
67 34 1.13907e+20
68 34 1.13864e+20
69 34 1.13886e+20
70 34 1.13906e+20
71 34 1.13877e+20
72 34 1.13863e+20
73 34 1.13919e+20
74 34 1.13858e+20
75 34 1.1386e+20
76 34 1.13934e+20
77 34 1.13875e+20
78 34 1.13887e+20
79 34 1.13944e+20
80 34 1.13936e+20
81 34 1.13878e+20
82 34 1.13896e+20
83 34 1.13924e+20
84 34 1.13805e+20
85 34 1.13828e+20
86 34 1.1381e+20
87 34 1.13809e+20
88 34 1.13901e+20
89 34 1.1391e+20
90 34 1.13829e+20
91 34 1.13869e+20
92 34 1.13981e+20
93 34 1.13953e+20
94 34 1.13909e+20
95 34 1.13959e+20
96 34 1.13941e+20
97 34 1.13786e+20
98 34 1.13829e+20
99 34 1.13961e+20
100 34 1.13929e+20
101 34 1.13946e+20
102 34 1.13967e+20
103 34 1.13875e+20
104 34 1.13869e+20
105 34 1.13992e+20
106 34 1.14024e+20
107 34 1.13912e+20
108 34 1.13897e+20
109 34 1.13914e+20
110 34 1.13972e+20
111 34 1.13936e+20
112 34 1.13901e+20
113 34 1.13966e+20
114 34 1.13874e+20
115 34 1.13868e+20
116 34 1.13934e+20
117 34 1.13896e+20
118 34 1.13888e+20
119 34 1.13932e+20
120 34 1.13901e+20
121 34 1.13868e+20
122 34 1.13861e+20
123 34 1.13829e+20
124 34 1.13858e+20
125 34 1.13843e+20
63 35 1.17017e+20
64 35 1.16993e+20
65 35 1.17051e+20
66 35 1.17138e+20
67 35 1.17137e+20
68 35 1.17099e+20
69 35 1.17102e+20
70 35 1.17109e+20
71 35 1.17151e+20
72 35 1.17109e+20
73 35 1.17115e+20
74 35 1.17152e+20
75 35 1.17124e+20
76 35 1.17103e+20
77 35 1.17073e+20
78 35 1.17083e+20
79 35 1.17079e+20
80 35 1.17152e+20
81 35 1.17206e+20
82 35 1.17136e+20
83 35 1.1711e+20
84 35 1.17081e+20
85 35 1.17022e+20
86 35 1.17019e+20
87 35 1.17115e+20
88 35 1.17147e+20
89 35 1.17137e+20
90 35 1.17178e+20
91 35 1.1716e+20
92 35 1.17086e+20
93 35 1.17124e+20
94 35 1.17138e+20
95 35 1.17109e+20
96 35 1.17169e+20
97 35 1.17223e+20
98 35 1.17171e+20
99 35 1.17117e+20
100 35 1.17103e+20
101 35 1.17144e+20
102 35 1.17094e+20
103 35 1.17044e+20
104 35 1.17138e+20
105 35 1.17172e+20
106 35 1.17088e+20
107 35 1.17083e+20
108 35 1.17133e+20
109 35 1.17142e+20
110 35 1.17137e+20
111 35 1.17201e+20
112 35 1.17202e+20
113 35 1.1706e+20
114 35 1.17092e+20
115 35 1.17129e+20
116 35 1.17073e+20
117 35 1.16954e+20
118 35 1.17005e+20
119 35 1.17203e+20
120 35 1.17151e+20
121 35 1.17074e+20
122 35 1.17068e+20
123 35 1.17071e+20
124 35 1.1716e+20
125 35 1.1711e+20
63 36 1.20386e+20
64 36 1.20332e+20
65 36 1.20392e+20
66 36 1.20366e+20
67 36 1.20314e+20
68 36 1.20343e+20
69 36 1.20442e+20
70 36 1.20473e+20
71 36 1.20373e+20
72 36 1.20382e+20
73 36 1.20427e+20
74 36 1.20345e+20
75 36 1.20371e+20
76 36 1.20369e+20
77 36 1.20378e+20
78 36 1.20417e+20
79 36 1.20381e+20
80 36 1.2039e+20
81 36 1.20446e+20
82 36 1.20422e+20
83 36 1.20337e+20
84 36 1.20385e+20
85 36 1.2045e+20
86 36 1.20487e+20
87 36 1.20406e+20
88 36 1.2034e+20
89 36 1.2038e+20
90 36 1.20362e+20
91 36 1.20329e+20
92 36 1.20332e+20
93 36 1.20372e+20
94 36 1.20424e+20
95 36 1.20314e+20
96 36 1.2035e+20
97 36 1.20485e+20
98 36 1.20358e+20
99 36 1.203e+20
100 36 1.20359e+20
101 36 1.2037e+20
102 36 1.20353e+20
103 36 1.20418e+20
104 36 1.20458e+20
105 36 1.20369e+20
106 36 1.20314e+20
107 36 1.20373e+20
108 36 1.20403e+20
109 36 1.20436e+20
110 36 1.20354e+20
111 36 1.20354e+20
112 36 1.20413e+20
113 36 1.20293e+20
114 36 1.20361e+20
115 36 1.20422e+20
116 36 1.20324e+20
117 36 1.20385e+20
118 36 1.20432e+20
119 36 1.20296e+20
120 36 1.20349e+20
121 36 1.20409e+20
122 36 1.20392e+20
123 36 1.20427e+20
124 36 1.20377e+20
125 36 1.20407e+20
63 37 1.23765e+20
64 37 1.2385e+20
65 37 1.23823e+20
66 37 1.23747e+20
67 37 1.23718e+20
68 37 1.23726e+20
69 37 1.23782e+20
70 37 1.23736e+20
71 37 1.23657e+20
72 37 1.23714e+20
73 37 1.23723e+20
74 37 1.2369e+20
75 37 1.23705e+20
76 37 1.23725e+20
77 37 1.23725e+20
78 37 1.23723e+20
79 37 1.23778e+20
80 37 1.23673e+20
81 37 1.23654e+20
82 37 1.23798e+20
83 37 1.23724e+20
84 37 1.23712e+20
85 37 1.23802e+20
86 37 1.23736e+20
87 37 1.23668e+20
88 37 1.23743e+20
89 37 1.23786e+20
90 37 1.23698e+20
91 37 1.23693e+20
92 37 1.23704e+20
93 37 1.23716e+20
94 37 1.23732e+20
95 37 1.23728e+20
96 37 1.23815e+20
97 37 1.23755e+20
98 37 1.23676e+20
99 37 1.23664e+20
100 37 1.23645e+20
101 37 1.23687e+20
102 37 1.23753e+20
103 37 1.23748e+20
104 37 1.23663e+20
105 37 1.23746e+20
106 37 1.238e+20
107 37 1.23761e+20
108 37 1.23695e+20
109 37 1.23634e+20
110 37 1.23725e+20
111 37 1.2372e+20
112 37 1.23697e+20
113 37 1.23771e+20
114 37 1.23695e+20
115 37 1.23736e+20
116 37 1.23797e+20
117 37 1.23815e+20
118 37 1.23821e+20
119 37 1.23668e+20
120 37 1.23673e+20
121 37 1.23713e+20
122 37 1.2374e+20
123 37 1.23759e+20
124 37 1.23708e+20
125 37 1.23701e+20
63 38 1.27161e+20
64 38 1.27176e+20
65 38 1.27207e+20
66 38 1.27309e+20
67 38 1.27277e+20
68 38 1.27189e+20
69 38 1.27157e+20
70 38 1.27117e+20
71 38 1.27198e+20
72 38 1.2718e+20
73 38 1.27134e+20
74 38 1.27296e+20
75 38 1.27246e+20
76 38 1.2719e+20
77 38 1.27251e+20
78 38 1.27167e+20
79 38 1.27168e+20
80 38 1.27165e+20
81 38 1.27107e+20
82 38 1.27129e+20
83 38 1.27159e+20
84 38 1.27188e+20
85 38 1.27148e+20
86 38 1.27184e+20
87 38 1.27228e+20
88 38 1.27222e+20
89 38 1.2721e+20
90 38 1.27212e+20
91 38 1.27168e+20
92 38 1.27133e+20
93 38 1.27216e+20
94 38 1.27225e+20
95 38 1.27222e+20
96 38 1.27201e+20
97 38 1.27174e+20
98 38 1.27208e+20
99 38 1.2722e+20
100 38 1.27203e+20
101 38 1.27234e+20
102 38 1.27192e+20
103 38 1.27175e+20
104 38 1.27175e+20
105 38 1.27177e+20
106 38 1.27226e+20
107 38 1.27147e+20
108 38 1.27147e+20
109 38 1.27139e+20
110 38 1.27107e+20
111 38 1.27229e+20
112 38 1.27274e+20
113 38 1.27248e+20
114 38 1.27258e+20
115 38 1.2722e+20
116 38 1.27186e+20
117 38 1.27151e+20
118 38 1.27156e+20
119 38 1.27212e+20
120 38 1.27225e+20
121 38 1.27189e+20
122 38 1.27182e+20
123 38 1.27197e+20
124 38 1.27221e+20
125 38 1.27239e+20
63 39 1.3071e+20
64 39 1.30649e+20
65 39 1.30679e+20
66 39 1.30743e+20
67 39 1.3075e+20
68 39 1.30707e+20
69 39 1.30655e+20
70 39 1.30725e+20
71 39 1.30766e+20
72 39 1.30765e+20
73 39 1.30837e+20
74 39 1.30765e+20
75 39 1.30665e+20
76 39 1.30684e+20
77 39 1.30722e+20
78 39 1.30764e+20
79 39 1.30711e+20
80 39 1.30745e+20
81 39 1.30739e+20
82 39 1.30644e+20
83 39 1.30742e+20
84 39 1.30736e+20
85 39 1.307e+20
86 39 1.30757e+20
87 39 1.30778e+20
88 39 1.30713e+20
89 39 1.30709e+20
90 39 1.30748e+20
91 39 1.30763e+20
92 39 1.30803e+20
93 39 1.30722e+20
94 39 1.30735e+20
95 39 1.3081e+20
96 39 1.30668e+20
97 39 1.30693e+20
98 39 1.30785e+20
99 39 1.3078e+20
100 39 1.30793e+20
101 39 1.3078e+20
102 39 1.30714e+20
103 39 1.30656e+20
104 39 1.30761e+20
105 39 1.30757e+20
106 39 1.30707e+20
107 39 1.30666e+20
108 39 1.3068e+20
109 39 1.30763e+20
110 39 1.30755e+20
111 39 1.30779e+20
112 39 1.30774e+20
113 39 1.30718e+20
114 39 1.30768e+20
115 39 1.3071e+20
116 39 1.30701e+20
117 39 1.30735e+20
118 39 1.30698e+20
119 39 1.30752e+20
120 39 1.30748e+20
121 39 1.30757e+20
122 39 1.30696e+20
123 39 1.30652e+20
124 39 1.3071e+20
125 39 1.30744e+20
63 40 1.34406e+20
64 40 1.34364e+20
65 40 1.34341e+20
66 40 1.34312e+20
67 40 1.34325e+20
68 40 1.34318e+20
69 40 1.34324e+20
70 40 1.34356e+20
71 40 1.34332e+20
72 40 1.34386e+20
73 40 1.34349e+20
74 40 1.34283e+20
75 40 1.34352e+20
76 40 1.34389e+20
77 40 1.34295e+20
78 40 1.34272e+20
79 40 1.34293e+20
80 40 1.34328e+20
81 40 1.34396e+20
82 40 1.34401e+20
83 40 1.34358e+20
84 40 1.34315e+20
85 40 1.34298e+20
86 40 1.34295e+20
87 40 1.34379e+20
88 40 1.34368e+20
89 40 1.3431e+20
90 40 1.34388e+20
91 40 1.34505e+20
92 40 1.34464e+20
93 40 1.34355e+20
94 40 1.3439e+20
95 40 1.34419e+20
96 40 1.34267e+20
97 40 1.34224e+20
98 40 1.34321e+20
99 40 1.34345e+20
100 40 1.34326e+20
101 40 1.34296e+20
102 40 1.34341e+20
103 40 1.34343e+20
104 40 1.34327e+20
105 40 1.34335e+20
106 40 1.34325e+20
107 40 1.34393e+20
108 40 1.34397e+20
109 40 1.3434e+20
110 40 1.3439e+20
111 40 1.34302e+20
112 40 1.34227e+20
113 40 1.34332e+20
114 40 1.34337e+20
115 40 1.34365e+20
116 40 1.34379e+20
117 40 1.34336e+20
118 40 1.34308e+20
119 40 1.34324e+20
120 40 1.34327e+20
121 40 1.34333e+20
122 40 1.34367e+20
123 40 1.34354e+20
124 40 1.34395e+20
125 40 1.34396e+20
