126 0 4.31224e+19
127 0 4.31639e+19
128 0 4.31556e+19
129 0 4.3142e+19
130 0 4.31093e+19
131 0 4.30565e+19
132 0 4.30696e+19
133 0 4.31021e+19
134 0 4.31173e+19
135 0 4.31004e+19
136 0 4.30781e+19
137 0 4.30841e+19
138 0 4.31171e+19
139 0 4.31523e+19
140 0 4.31214e+19
141 0 4.30961e+19
142 0 4.31289e+19
143 0 4.31289e+19
144 0 4.30905e+19
145 0 4.30578e+19
146 0 4.3047e+19
147 0 4.30723e+19
148 0 4.3145e+19
149 0 4.31363e+19
150 0 4.30884e+19
151 0 4.30994e+19
152 0 4.3087e+19
153 0 4.30729e+19
154 0 4.31465e+19
155 0 4.31787e+19
156 0 4.31122e+19
157 0 4.30953e+19
158 0 4.31053e+19
159 0 4.30852e+19
160 0 4.30534e+19
161 0 4.30969e+19
162 0 4.31251e+19
163 0 4.30934e+19
164 0 4.31297e+19
165 0 4.30997e+19
166 0 4.3051e+19
167 0 4.30989e+19
168 0 4.30832e+19
169 0 4.31152e+19
170 0 4.31865e+19
171 0 4.3153e+19
172 0 4.31164e+19
173 0 4.30903e+19
174 0 4.31056e+19
175 0 4.31148e+19
176 0 4.30892e+19
177 0 4.31021e+19
178 0 4.31302e+19
179 0 4.31082e+19
180 0 4.30602e+19
181 0 4.30968e+19
182 0 4.31051e+19
183 0 4.31453e+19
184 0 4.31319e+19
185 0 4.30662e+19
186 0 4.31006e+19
187 0 4.31023e+19
188 0 4.30942e+19
126 1 4.41953e+19
127 1 4.41906e+19
128 1 4.41757e+19
129 1 4.4193e+19
130 1 4.41987e+19
131 1 4.41663e+19
132 1 4.41813e+19
133 1 4.4182e+19
134 1 4.41777e+19
135 1 4.41842e+19
136 1 4.41689e+19
137 1 4.41681e+19
138 1 4.41637e+19
139 1 4.41552e+19
140 1 4.41499e+19
141 1 4.41605e+19
142 1 4.41759e+19
143 1 4.4166e+19
144 1 4.41915e+19
145 1 4.42144e+19
146 1 4.41894e+19
147 1 4.4169e+19
148 1 4.41814e+19
149 1 4.41758e+19
150 1 4.41413e+19
151 1 4.41527e+19
152 1 4.42072e+19
153 1 4.42177e+19
154 1 4.42006e+19
155 1 4.41969e+19
156 1 4.42033e+19
157 1 4.41899e+19
158 1 4.41762e+19
159 1 4.41943e+19
160 1 4.41624e+19
161 1 4.41562e+19
162 1 4.42183e+19
163 1 4.41959e+19
164 1 4.41968e+19
165 1 4.4195e+19
166 1 4.41625e+19
167 1 4.42059e+19
168 1 4.42108e+19
169 1 4.41705e+19
170 1 4.41672e+19
171 1 4.41667e+19
172 1 4.41529e+19
173 1 4.41766e+19
174 1 4.4213e+19
175 1 4.42119e+19
176 1 4.42058e+19
177 1 4.42059e+19
178 1 4.42052e+19
179 1 4.41848e+19
180 1 4.41939e+19
181 1 4.41957e+19
182 1 4.41627e+19
183 1 4.4182e+19
184 1 4.41611e+19
185 1 4.41233e+19
186 1 4.41558e+19
187 1 4.41819e+19
188 1 4.41577e+19
126 2 4.54904e+19
127 2 4.55034e+19
128 2 4.55076e+19
129 2 4.54793e+19
130 2 4.55031e+19
131 2 4.55401e+19
132 2 4.54985e+19
133 2 4.54841e+19
134 2 4.55171e+19
135 2 4.5523e+19
136 2 4.5505e+19
137 2 4.55159e+19
138 2 4.54981e+19
139 2 4.54785e+19
140 2 4.54956e+19
141 2 4.54895e+19
142 2 4.54793e+19
143 2 4.55057e+19
144 2 4.55452e+19
145 2 4.55176e+19
146 2 4.55097e+19
147 2 4.55301e+19
148 2 4.55095e+19
149 2 4.55161e+19
150 2 4.55125e+19
151 2 4.54856e+19
152 2 4.55127e+19
153 2 4.55393e+19
154 2 4.55051e+19
155 2 4.55102e+19
156 2 4.55076e+19
157 2 4.54838e+19
158 2 4.55164e+19
159 2 4.55353e+19
160 2 4.55288e+19
161 2 4.55157e+19
162 2 4.55115e+19
163 2 4.55349e+19
164 2 4.55409e+19
165 2 4.55444e+19
166 2 4.55539e+19
167 2 4.55369e+19
168 2 4.55498e+19
169 2 4.5539e+19
170 2 4.55226e+19
171 2 4.55284e+19
172 2 4.54999e+19
173 2 4.55163e+19
174 2 4.55223e+19
175 2 4.54974e+19
176 2 4.55148e+19
177 2 4.55027e+19
178 2 4.55226e+19
179 2 4.55898e+19
180 2 4.55666e+19
181 2 4.55021e+19
182 2 4.55084e+19
183 2 4.54972e+19
184 2 4.55081e+19
185 2 4.55228e+19
186 2 4.55089e+19
187 2 4.5536e+19
188 2 4.55365e+19
126 3 4.68821e+19
127 3 4.68671e+19
128 3 4.68722e+19
129 3 4.68703e+19
130 3 4.6836e+19
131 3 4.68622e+19
132 3 4.68444e+19
133 3 4.68509e+19
134 3 4.6879e+19
135 3 4.68879e+19
136 3 4.69073e+19
137 3 4.69137e+19
138 3 4.69101e+19
139 3 4.69065e+19
140 3 4.69102e+19
141 3 4.68995e+19
142 3 4.68699e+19
143 3 4.6874e+19
144 3 4.68807e+19
145 3 4.68603e+19
146 3 4.68686e+19
147 3 4.68744e+19
148 3 4.6885e+19
149 3 4.69068e+19
150 3 4.69046e+19
151 3 4.68885e+19
152 3 4.68605e+19
153 3 4.68776e+19
154 3 4.68985e+19
155 3 4.68991e+19
156 3 4.68879e+19
157 3 4.68752e+19
158 3 4.689e+19
159 3 4.68781e+19
160 3 4.69051e+19
161 3 4.69245e+19
162 3 4.68661e+19
163 3 4.68524e+19
164 3 4.68694e+19
165 3 4.68929e+19
166 3 4.69008e+19
167 3 4.68718e+19
168 3 4.68438e+19
169 3 4.68679e+19
170 3 4.68965e+19
171 3 4.68828e+19
172 3 4.69092e+19
173 3 4.68903e+19
174 3 4.68361e+19
175 3 4.68358e+19
176 3 4.68639e+19
177 3 4.68914e+19
178 3 4.6883e+19
179 3 4.69072e+19
180 3 4.69016e+19
181 3 4.68678e+19
182 3 4.68868e+19
183 3 4.68848e+19
184 3 4.68846e+19
185 3 4.69247e+19
186 3 4.69104e+19
187 3 4.68678e+19
188 3 4.69071e+19
126 4 4.8288e+19
127 4 4.83079e+19
128 4 4.82888e+19
129 4 4.82922e+19
130 4 4.82751e+19
131 4 4.82565e+19
132 4 4.82899e+19
133 4 4.82699e+19
134 4 4.82492e+19
135 4 4.82764e+19
136 4 4.83038e+19
137 4 4.82932e+19
138 4 4.82795e+19
139 4 4.8308e+19
140 4 4.83039e+19
141 4 4.82813e+19
142 4 4.83131e+19
143 4 4.83164e+19
144 4 4.82957e+19
145 4 4.8314e+19
146 4 4.83004e+19
147 4 4.82734e+19
148 4 4.82845e+19
149 4 4.82823e+19
150 4 4.82669e+19
151 4 4.82786e+19
152 4 4.82838e+19
153 4 4.83037e+19
154 4 4.82978e+19
155 4 4.82819e+19
156 4 4.83265e+19
157 4 4.8337e+19
158 4 4.82979e+19
159 4 4.82915e+19
160 4 4.83086e+19
161 4 4.82982e+19
162 4 4.82822e+19
163 4 4.82811e+19
164 4 4.82805e+19
165 4 4.82777e+19
166 4 4.82941e+19
167 4 4.82923e+19
168 4 4.82689e+19
169 4 4.82782e+19
170 4 4.82984e+19
171 4 4.83141e+19
172 4 4.82854e+19
173 4 4.82447e+19
174 4 4.82888e+19
175 4 4.83154e+19
176 4 4.82746e+19
177 4 4.83146e+19
178 4 4.83349e+19
179 4 4.82882e+19
180 4 4.82938e+19
181 4 4.83063e+19
182 4 4.83026e+19
183 4 4.83111e+19
184 4 4.83143e+19
185 4 4.8313e+19
186 4 4.82996e+19
187 4 4.83036e+19
188 4 4.8307e+19
126 5 4.9694e+19
127 5 4.97171e+19
128 5 4.97052e+19
129 5 4.9701e+19
130 5 4.97261e+19
131 5 4.97404e+19
132 5 4.97691e+19
133 5 4.97882e+19
134 5 4.97574e+19
135 5 4.97221e+19
136 5 4.97378e+19
137 5 4.97425e+19
138 5 4.97261e+19
139 5 4.971e+19
140 5 4.97139e+19
141 5 4.97437e+19
142 5 4.9748e+19
143 5 4.9727e+19
144 5 4.9713e+19
145 5 4.9741e+19
146 5 4.97424e+19
147 5 4.97449e+19
148 5 4.97733e+19
149 5 4.97611e+19
150 5 4.97471e+19
151 5 4.97301e+19
152 5 4.97367e+19
153 5 4.97581e+19
154 5 4.97651e+19
155 5 4.97545e+19
156 5 4.97337e+19
157 5 4.97497e+19
158 5 4.97489e+19
159 5 4.97466e+19
160 5 4.97204e+19
161 5 4.96974e+19
162 5 4.97201e+19
163 5 4.97568e+19
164 5 4.97804e+19
165 5 4.97116e+19
166 5 4.97261e+19
167 5 4.9772e+19
168 5 4.97612e+19
169 5 4.97538e+19
170 5 4.97353e+19
171 5 4.97377e+19
172 5 4.97285e+19
173 5 4.97383e+19
174 5 4.9778e+19
175 5 4.98245e+19
176 5 4.97739e+19
177 5 4.97087e+19
178 5 4.97144e+19
179 5 4.97266e+19
180 5 4.97458e+19
181 5 4.97397e+19
182 5 4.97293e+19
183 5 4.97404e+19
184 5 4.97492e+19
185 5 4.97166e+19
186 5 4.97286e+19
187 5 4.97859e+19
188 5 4.97699e+19
126 6 5.1228e+19
127 6 5.11635e+19
128 6 5.11417e+19
129 6 5.12001e+19
130 6 5.12176e+19
131 6 5.12155e+19
132 6 5.12421e+19
133 6 5.12544e+19
134 6 5.12245e+19
135 6 5.1204e+19
136 6 5.12172e+19
137 6 5.12338e+19
138 6 5.1231e+19
139 6 5.11943e+19
140 6 5.1204e+19
141 6 5.12283e+19
142 6 5.1222e+19
143 6 5.12295e+19
144 6 5.12299e+19
145 6 5.12264e+19
146 6 5.12121e+19
147 6 5.12285e+19
148 6 5.12346e+19
149 6 5.11852e+19
150 6 5.12093e+19
151 6 5.12679e+19
152 6 5.12426e+19
153 6 5.12098e+19
154 6 5.12399e+19
155 6 5.1246e+19
156 6 5.12083e+19
157 6 5.11884e+19
158 6 5.12257e+19
159 6 5.12513e+19
160 6 5.1222e+19
161 6 5.11967e+19
162 6 5.12264e+19
163 6 5.12358e+19
164 6 5.12069e+19
165 6 5.12079e+19
166 6 5.12054e+19
167 6 5.1213e+19
168 6 5.12304e+19
169 6 5.12369e+19
170 6 5.12245e+19
171 6 5.11925e+19
172 6 5.12244e+19
173 6 5.12343e+19
174 6 5.12291e+19
175 6 5.12619e+19
176 6 5.12484e+19
177 6 5.1203e+19
178 6 5.11971e+19
179 6 5.12212e+19
180 6 5.12248e+19
181 6 5.124e+19
182 6 5.12321e+19
183 6 5.12303e+19
184 6 5.12178e+19
185 6 5.12137e+19
186 6 5.12119e+19
187 6 5.12092e+19
188 6 5.12315e+19
126 7 5.27483e+19
127 7 5.27466e+19
128 7 5.27529e+19
129 7 5.27452e+19
130 7 5.27432e+19
131 7 5.27044e+19
132 7 5.27139e+19
133 7 5.2715e+19
134 7 5.27444e+19
135 7 5.27586e+19
136 7 5.27209e+19
137 7 5.27096e+19
138 7 5.27163e+19
139 7 5.27378e+19
140 7 5.27685e+19
141 7 5.27663e+19
142 7 5.27612e+19
143 7 5.27822e+19
144 7 5.27665e+19
145 7 5.2758e+19
146 7 5.27598e+19
147 7 5.27368e+19
148 7 5.27416e+19
149 7 5.27366e+19
150 7 5.27026e+19
151 7 5.27451e+19
152 7 5.27837e+19
153 7 5.27632e+19
154 7 5.27366e+19
155 7 5.27242e+19
156 7 5.2715e+19
157 7 5.27314e+19
158 7 5.2783e+19
159 7 5.27852e+19
160 7 5.27687e+19
161 7 5.27459e+19
162 7 5.27581e+19
163 7 5.27836e+19
164 7 5.27513e+19
165 7 5.27848e+19
166 7 5.27793e+19
167 7 5.2722e+19
168 7 5.27279e+19
169 7 5.27592e+19
170 7 5.27625e+19
171 7 5.27459e+19
172 7 5.27477e+19
173 7 5.27587e+19
174 7 5.27671e+19
175 7 5.27194e+19
176 7 5.27148e+19
177 7 5.2761e+19
178 7 5.27594e+19
179 7 5.2734e+19
180 7 5.27363e+19
181 7 5.276e+19
182 7 5.27686e+19
183 7 5.27487e+19
184 7 5.27594e+19
185 7 5.27872e+19
186 7 5.27652e+19
187 7 5.27504e+19
188 7 5.27429e+19
126 8 5.42865e+19
127 8 5.43285e+19
128 8 5.43523e+19
129 8 5.42915e+19
130 8 5.43046e+19
131 8 5.43184e+19
132 8 5.43e+19
133 8 5.43035e+19
134 8 5.43271e+19
135 8 5.43204e+19
136 8 5.42724e+19
137 8 5.42791e+19
138 8 5.43158e+19
139 8 5.43441e+19
140 8 5.43196e+19
141 8 5.43067e+19
142 8 5.43074e+19
143 8 5.4299e+19
144 8 5.43011e+19
145 8 5.42954e+19
146 8 5.43236e+19
147 8 5.43658e+19
148 8 5.43628e+19
149 8 5.43473e+19
150 8 5.43181e+19
151 8 5.4294e+19
152 8 5.43161e+19
153 8 5.43165e+19
154 8 5.43235e+19
155 8 5.43309e+19
156 8 5.4299e+19
157 8 5.43012e+19
158 8 5.43056e+19
159 8 5.43064e+19
160 8 5.42819e+19
161 8 5.43252e+19
162 8 5.43484e+19
163 8 5.42999e+19
164 8 5.43144e+19
165 8 5.43259e+19
166 8 5.43392e+19
167 8 5.43262e+19
168 8 5.43268e+19
169 8 5.43147e+19
170 8 5.42811e+19
171 8 5.43206e+19
172 8 5.43292e+19
173 8 5.43512e+19
174 8 5.42917e+19
175 8 5.42749e+19
176 8 5.43607e+19
177 8 5.43277e+19
178 8 5.42956e+19
179 8 5.43142e+19
180 8 5.43219e+19
181 8 5.43013e+19
182 8 5.43103e+19
183 8 5.43018e+19
184 8 5.42871e+19
185 8 5.43097e+19
186 8 5.43464e+19
187 8 5.43517e+19
188 8 5.43162e+19
126 9 5.59034e+19
127 9 5.58835e+19
128 9 5.59179e+19
129 9 5.5895e+19
130 9 5.58764e+19
131 9 5.59259e+19
132 9 5.59379e+19
133 9 5.59435e+19
134 9 5.59098e+19
135 9 5.58874e+19
136 9 5.59228e+19
137 9 5.59182e+19
138 9 5.59059e+19
139 9 5.59313e+19
140 9 5.59116e+19
141 9 5.59106e+19
142 9 5.59253e+19
143 9 5.59236e+19
144 9 5.59493e+19
145 9 5.59346e+19
146 9 5.59175e+19
147 9 5.59594e+19
148 9 5.59602e+19
149 9 5.59137e+19
150 9 5.59551e+19
151 9 5.5945e+19
152 9 5.59124e+19
153 9 5.5944e+19
154 9 5.59602e+19
155 9 5.59716e+19
156 9 5.59724e+19
157 9 5.59313e+19
158 9 5.58863e+19
159 9 5.59027e+19
160 9 5.59155e+19
161 9 5.59588e+19
162 9 5.59652e+19
163 9 5.59086e+19
164 9 5.59033e+19
165 9 5.59166e+19
166 9 5.59292e+19
167 9 5.59433e+19
168 9 5.59632e+19
169 9 5.59297e+19
170 9 5.59539e+19
171 9 5.59823e+19
172 9 5.59377e+19
173 9 5.5947e+19
174 9 5.59054e+19
175 9 5.59071e+19
176 9 5.59769e+19
177 9 5.59669e+19
178 9 5.59572e+19
179 9 5.59654e+19
180 9 5.59611e+19
181 9 5.59716e+19
182 9 5.59687e+19
183 9 5.59802e+19
184 9 5.59535e+19
185 9 5.59235e+19
186 9 5.59296e+19
187 9 5.59112e+19
188 9 5.59199e+19
126 10 5.75537e+19
127 10 5.75333e+19
128 10 5.75468e+19
129 10 5.75664e+19
130 10 5.75356e+19
131 10 5.75273e+19
132 10 5.75496e+19
133 10 5.75714e+19
134 10 5.75544e+19
135 10 5.75749e+19
136 10 5.7627e+19
137 10 5.76169e+19
138 10 5.75825e+19
139 10 5.75651e+19
140 10 5.75915e+19
141 10 5.75702e+19
142 10 5.75431e+19
143 10 5.75883e+19
144 10 5.76022e+19
145 10 5.75895e+19
146 10 5.76111e+19
147 10 5.75878e+19
148 10 5.75602e+19
149 10 5.75751e+19
150 10 5.75994e+19
151 10 5.76128e+19
152 10 5.76114e+19
153 10 5.76278e+19
154 10 5.76069e+19
155 10 5.75585e+19
156 10 5.76097e+19
157 10 5.76608e+19
158 10 5.76195e+19
159 10 5.76047e+19
160 10 5.7609e+19
161 10 5.75858e+19
162 10 5.75804e+19
163 10 5.76049e+19
164 10 5.75983e+19
165 10 5.75987e+19
166 10 5.76118e+19
167 10 5.76295e+19
168 10 5.76128e+19
169 10 5.7635e+19
170 10 5.76806e+19
171 10 5.75981e+19
172 10 5.75724e+19
173 10 5.75849e+19
174 10 5.75942e+19
175 10 5.75973e+19
176 10 5.75979e+19
177 10 5.7618e+19
178 10 5.76086e+19
179 10 5.75862e+19
180 10 5.75969e+19
181 10 5.76036e+19
182 10 5.75958e+19
183 10 5.76195e+19
184 10 5.76323e+19
185 10 5.76333e+19
186 10 5.76016e+19
187 10 5.75939e+19
188 10 5.76219e+19
126 11 5.92671e+19
127 11 5.93066e+19
128 11 5.92775e+19
129 11 5.92735e+19
130 11 5.92858e+19
131 11 5.92701e+19
132 11 5.92314e+19
133 11 5.92181e+19
134 11 5.9262e+19
135 11 5.92818e+19
136 11 5.92767e+19
137 11 5.92684e+19
138 11 5.93004e+19
139 11 5.93054e+19
140 11 5.92726e+19
141 11 5.92543e+19
142 11 5.92462e+19
143 11 5.92716e+19
144 11 5.92505e+19
145 11 5.9249e+19
146 11 5.93039e+19
147 11 5.92878e+19
148 11 5.92579e+19
149 11 5.9288e+19
150 11 5.92746e+19
151 11 5.92788e+19
152 11 5.93018e+19
153 11 5.92662e+19
154 11 5.92651e+19
155 11 5.92669e+19
156 11 5.93013e+19
157 11 5.9325e+19
158 11 5.93169e+19
159 11 5.92915e+19
160 11 5.9254e+19
161 11 5.92525e+19
162 11 5.92643e+19
163 11 5.92773e+19
164 11 5.93245e+19
165 11 5.93106e+19
166 11 5.92655e+19
167 11 5.93001e+19
168 11 5.92885e+19
169 11 5.9294e+19
170 11 5.92996e+19
171 11 5.92748e+19
172 11 5.92773e+19
173 11 5.92817e+19
174 11 5.93118e+19
175 11 5.93162e+19
176 11 5.93096e+19
177 11 5.93006e+19
178 11 5.9282e+19
179 11 5.92782e+19
180 11 5.92855e+19
181 11 5.92847e+19
182 11 5.92698e+19
183 11 5.92557e+19
184 11 5.92649e+19
185 11 5.93073e+19
186 11 5.93142e+19
187 11 5.93399e+19
188 11 5.93473e+19
126 12 6.10174e+19
127 12 6.10211e+19
128 12 6.10302e+19
129 12 6.10093e+19
130 12 6.10341e+19
131 12 6.10339e+19
132 12 6.09964e+19
133 12 6.10323e+19
134 12 6.10211e+19
135 12 6.09893e+19
136 12 6.10199e+19
137 12 6.10079e+19
138 12 6.0977e+19
139 12 6.10528e+19
140 12 6.10551e+19
141 12 6.10278e+19
142 12 6.10788e+19
143 12 6.10501e+19
144 12 6.09784e+19
145 12 6.1011e+19
146 12 6.10423e+19
147 12 6.10236e+19
148 12 6.10531e+19
149 12 6.10942e+19
150 12 6.10746e+19
151 12 6.1007e+19
152 12 6.10056e+19
153 12 6.10234e+19
154 12 6.10434e+19
155 12 6.10914e+19
156 12 6.10408e+19
157 12 6.10122e+19
158 12 6.10562e+19
159 12 6.10463e+19
160 12 6.10384e+19
161 12 6.10388e+19
162 12 6.10325e+19
163 12 6.10461e+19
164 12 6.10895e+19
165 12 6.1045e+19
166 12 6.09948e+19
167 12 6.10131e+19
168 12 6.10245e+19
169 12 6.10284e+19
170 12 6.10139e+19
171 12 6.10626e+19
172 12 6.11091e+19
173 12 6.10784e+19
174 12 6.10466e+19
175 12 6.10345e+19
176 12 6.10254e+19
177 12 6.10486e+19
178 12 6.10453e+19
179 12 6.10793e+19
180 12 6.1088e+19
181 12 6.10624e+19
182 12 6.10642e+19
183 12 6.10518e+19
184 12 6.10326e+19
185 12 6.10189e+19
186 12 6.1041e+19
187 12 6.10394e+19
188 12 6.10048e+19
126 13 6.27527e+19
127 13 6.27064e+19
128 13 6.27384e+19
129 13 6.27958e+19
130 13 6.27948e+19
131 13 6.2798e+19
132 13 6.2845e+19
133 13 6.28677e+19
134 13 6.27986e+19
135 13 6.28094e+19
136 13 6.2826e+19
137 13 6.27878e+19
138 13 6.28049e+19
139 13 6.28319e+19
140 13 6.28771e+19
141 13 6.28524e+19
142 13 6.28153e+19
143 13 6.28523e+19
144 13 6.28731e+19
145 13 6.28841e+19
146 13 6.28447e+19
147 13 6.28299e+19
148 13 6.28677e+19
149 13 6.28592e+19
150 13 6.28627e+19
151 13 6.29063e+19
152 13 6.28466e+19
153 13 6.27945e+19
154 13 6.28577e+19
155 13 6.28563e+19
156 13 6.28188e+19
157 13 6.28532e+19
158 13 6.28644e+19
159 13 6.28678e+19
160 13 6.28761e+19
161 13 6.28571e+19
162 13 6.28687e+19
163 13 6.28583e+19
164 13 6.28053e+19
165 13 6.28414e+19
166 13 6.28873e+19
167 13 6.2848e+19
168 13 6.28428e+19
169 13 6.2859e+19
170 13 6.28449e+19
171 13 6.28438e+19
172 13 6.28729e+19
173 13 6.28344e+19
174 13 6.27781e+19
175 13 6.27894e+19
176 13 6.28207e+19
177 13 6.28389e+19
178 13 6.2861e+19
179 13 6.28698e+19
180 13 6.2844e+19
181 13 6.28345e+19
182 13 6.28298e+19
183 13 6.28499e+19
184 13 6.28926e+19
185 13 6.28803e+19
186 13 6.28352e+19
187 13 6.28067e+19
188 13 6.28176e+19
126 14 6.45941e+19
127 14 6.46038e+19
128 14 6.46105e+19
129 14 6.46695e+19
130 14 6.46676e+19
131 14 6.46383e+19
132 14 6.4646e+19
133 14 6.46127e+19
134 14 6.46431e+19
135 14 6.46869e+19
136 14 6.46506e+19
137 14 6.46532e+19
138 14 6.46859e+19
139 14 6.46429e+19
140 14 6.4644e+19
141 14 6.46553e+19
142 14 6.46436e+19
143 14 6.46569e+19
144 14 6.46913e+19
145 14 6.47034e+19
146 14 6.46794e+19
147 14 6.47255e+19
148 14 6.47095e+19
149 14 6.46434e+19
150 14 6.4657e+19
151 14 6.46998e+19
152 14 6.46939e+19
153 14 6.46845e+19
154 14 6.46966e+19
155 14 6.46544e+19
156 14 6.46577e+19
157 14 6.46505e+19
158 14 6.46441e+19
159 14 6.46696e+19
160 14 6.47078e+19
161 14 6.47362e+19
162 14 6.47137e+19
163 14 6.46906e+19
164 14 6.46525e+19
165 14 6.46708e+19
166 14 6.4712e+19
167 14 6.47184e+19
168 14 6.47255e+19
169 14 6.4686e+19
170 14 6.46682e+19
171 14 6.46753e+19
172 14 6.46547e+19
173 14 6.46795e+19
174 14 6.46878e+19
175 14 6.46827e+19
176 14 6.4704e+19
177 14 6.4687e+19
178 14 6.46842e+19
179 14 6.46584e+19
180 14 6.46866e+19
181 14 6.47137e+19
182 14 6.46843e+19
183 14 6.46921e+19
184 14 6.46932e+19
185 14 6.46727e+19
186 14 6.47263e+19
187 14 6.47355e+19
188 14 6.46979e+19
126 15 6.6499e+19
127 15 6.65427e+19
128 15 6.65546e+19
129 15 6.65456e+19
130 15 6.65466e+19
131 15 6.65353e+19
132 15 6.65549e+19
133 15 6.65431e+19
134 15 6.65487e+19
135 15 6.65242e+19
136 15 6.64969e+19
137 15 6.6583e+19
138 15 6.65854e+19
139 15 6.65399e+19
140 15 6.65502e+19
141 15 6.6608e+19
142 15 6.66162e+19
143 15 6.65512e+19
144 15 6.65682e+19
145 15 6.65595e+19
146 15 6.65433e+19
147 15 6.65933e+19
148 15 6.65732e+19
149 15 6.65584e+19
150 15 6.65498e+19
151 15 6.65493e+19
152 15 6.66029e+19
153 15 6.66155e+19
154 15 6.65816e+19
155 15 6.65589e+19
156 15 6.65586e+19
157 15 6.65657e+19
158 15 6.65648e+19
159 15 6.65633e+19
160 15 6.66107e+19
161 15 6.6605e+19
162 15 6.65451e+19
163 15 6.65677e+19
164 15 6.66176e+19
165 15 6.65875e+19
166 15 6.65505e+19
167 15 6.65727e+19
168 15 6.65788e+19
169 15 6.65762e+19
170 15 6.65946e+19
171 15 6.65875e+19
172 15 6.65787e+19
173 15 6.65989e+19
174 15 6.66165e+19
175 15 6.66168e+19
176 15 6.66009e+19
177 15 6.66e+19
178 15 6.65755e+19
179 15 6.6572e+19
180 15 6.66056e+19
181 15 6.65861e+19
182 15 6.65954e+19
183 15 6.66107e+19
184 15 6.65692e+19
185 15 6.6562e+19
186 15 6.66228e+19
187 15 6.66398e+19
188 15 6.6619e+19
126 16 6.84379e+19
127 16 6.84732e+19
128 16 6.84679e+19
129 16 6.83979e+19
130 16 6.84048e+19
131 16 6.84703e+19
132 16 6.85206e+19
133 16 6.85309e+19
134 16 6.85267e+19
135 16 6.84811e+19
136 16 6.84842e+19
137 16 6.84876e+19
138 16 6.84849e+19
139 16 6.8499e+19
140 16 6.84937e+19
141 16 6.85437e+19
142 16 6.85468e+19
143 16 6.85304e+19
144 16 6.85489e+19
145 16 6.85059e+19
146 16 6.84899e+19
147 16 6.84958e+19
148 16 6.84984e+19
149 16 6.84876e+19
150 16 6.84938e+19
151 16 6.85345e+19
152 16 6.85485e+19
153 16 6.85232e+19
154 16 6.85e+19
155 16 6.85251e+19
156 16 6.85593e+19
157 16 6.85822e+19
158 16 6.85557e+19
159 16 6.85459e+19
160 16 6.85014e+19
161 16 6.84664e+19
162 16 6.85255e+19
163 16 6.85292e+19
164 16 6.85435e+19
165 16 6.85588e+19
166 16 6.84789e+19
167 16 6.84632e+19
168 16 6.85075e+19
169 16 6.85467e+19
170 16 6.85527e+19
171 16 6.85494e+19
172 16 6.85281e+19
173 16 6.85011e+19
174 16 6.85688e+19
175 16 6.85349e+19
176 16 6.84626e+19
177 16 6.8528e+19
178 16 6.85665e+19
179 16 6.85456e+19
180 16 6.85191e+19
181 16 6.85162e+19
182 16 6.85436e+19
183 16 6.85287e+19
184 16 6.85485e+19
185 16 6.85851e+19
186 16 6.85302e+19
187 16 6.85038e+19
188 16 6.85449e+19
126 17 7.04285e+19
127 17 7.04649e+19
128 17 7.04935e+19
129 17 7.04732e+19
130 17 7.04585e+19
131 17 7.05004e+19
132 17 7.05188e+19
133 17 7.05223e+19
134 17 7.05397e+19
135 17 7.0539e+19
136 17 7.05091e+19
137 17 7.04576e+19
138 17 7.04738e+19
139 17 7.05041e+19
140 17 7.04897e+19
141 17 7.04573e+19
142 17 7.0465e+19
143 17 7.05076e+19
144 17 7.05148e+19
145 17 7.05058e+19
146 17 7.05491e+19
147 17 7.05323e+19
148 17 7.04964e+19
149 17 7.05239e+19
150 17 7.0561e+19
151 17 7.05485e+19
152 17 7.05148e+19
153 17 7.05103e+19
154 17 7.05117e+19
155 17 7.05693e+19
156 17 7.05559e+19
157 17 7.05011e+19
158 17 7.05633e+19
159 17 7.05817e+19
160 17 7.05045e+19
161 17 7.05117e+19
162 17 7.05731e+19
163 17 7.05532e+19
164 17 7.0516e+19
165 17 7.05316e+19
166 17 7.05108e+19
167 17 7.04947e+19
168 17 7.05309e+19
169 17 7.05187e+19
170 17 7.05215e+19
171 17 7.05832e+19
172 17 7.05155e+19
173 17 7.0484e+19
174 17 7.05706e+19
175 17 7.05641e+19
176 17 7.05152e+19
177 17 7.0498e+19
178 17 7.05257e+19
179 17 7.05501e+19
180 17 7.04962e+19
181 17 7.049e+19
182 17 7.05429e+19
183 17 7.05095e+19
184 17 7.05031e+19
185 17 7.05348e+19
186 17 7.05319e+19
187 17 7.05432e+19
188 17 7.05751e+19
126 18 7.25052e+19
127 18 7.24843e+19
128 18 7.25148e+19
129 18 7.25993e+19
130 18 7.25869e+19
131 18 7.25594e+19
132 18 7.25575e+19
133 18 7.25549e+19
134 18 7.25047e+19
135 18 7.25084e+19
136 18 7.25719e+19
137 18 7.25861e+19
138 18 7.25552e+19
139 18 7.2542e+19
140 18 7.25619e+19
141 18 7.25654e+19
142 18 7.25804e+19
143 18 7.25532e+19
144 18 7.25367e+19
145 18 7.25745e+19
146 18 7.25483e+19
147 18 7.2514e+19
148 18 7.25775e+19
149 18 7.26277e+19
150 18 7.25822e+19
151 18 7.25623e+19
152 18 7.25478e+19
153 18 7.25432e+19
154 18 7.25599e+19
155 18 7.25662e+19
156 18 7.25578e+19
157 18 7.25556e+19
158 18 7.25911e+19
159 18 7.25724e+19
160 18 7.25882e+19
161 18 7.26263e+19
162 18 7.25892e+19
163 18 7.258e+19
164 18 7.25744e+19
165 18 7.25488e+19
166 18 7.25694e+19
167 18 7.25881e+19
168 18 7.25602e+19
169 18 7.25436e+19
170 18 7.2589e+19
171 18 7.25852e+19
172 18 7.25706e+19
173 18 7.25887e+19
174 18 7.25543e+19
175 18 7.26233e+19
176 18 7.2658e+19
177 18 7.26115e+19
178 18 7.26047e+19
179 18 7.25967e+19
180 18 7.25392e+19
181 18 7.2562e+19
182 18 7.25967e+19
183 18 7.26064e+19
184 18 7.2616e+19
185 18 7.25271e+19
186 18 7.25285e+19
187 18 7.25671e+19
188 18 7.25765e+19
126 19 7.46474e+19
127 19 7.46402e+19
128 19 7.46113e+19
129 19 7.46096e+19
130 19 7.46298e+19
131 19 7.46206e+19
132 19 7.45956e+19
133 19 7.45983e+19
134 19 7.45954e+19
135 19 7.46244e+19
136 19 7.46842e+19
137 19 7.47149e+19
138 19 7.46475e+19
139 19 7.46216e+19
140 19 7.46481e+19
141 19 7.4667e+19
142 19 7.4705e+19
143 19 7.47028e+19
144 19 7.46724e+19
145 19 7.464e+19
146 19 7.46017e+19
147 19 7.46274e+19
148 19 7.46877e+19
149 19 7.46573e+19
150 19 7.46901e+19
151 19 7.47395e+19
152 19 7.46811e+19
153 19 7.46899e+19
154 19 7.47121e+19
155 19 7.46659e+19
156 19 7.46852e+19
157 19 7.47464e+19
158 19 7.46932e+19
159 19 7.46311e+19
160 19 7.46646e+19
161 19 7.47091e+19
162 19 7.46845e+19
163 19 7.46883e+19
164 19 7.4709e+19
165 19 7.46703e+19
166 19 7.46997e+19
167 19 7.47194e+19
168 19 7.47213e+19
169 19 7.47137e+19
170 19 7.46875e+19
171 19 7.46668e+19
172 19 7.47057e+19
173 19 7.47152e+19
174 19 7.46639e+19
175 19 7.47016e+19
176 19 7.46834e+19
177 19 7.46974e+19
178 19 7.47079e+19
179 19 7.46218e+19
180 19 7.46782e+19
181 19 7.47384e+19
182 19 7.46889e+19
183 19 7.46536e+19
184 19 7.46686e+19
185 19 7.47215e+19
186 19 7.47327e+19
187 19 7.46834e+19
188 19 7.46226e+19
126 20 7.68076e+19
127 20 7.67974e+19
128 20 7.67824e+19
129 20 7.67373e+19
130 20 7.67258e+19
131 20 7.67493e+19
132 20 7.67529e+19
133 20 7.67494e+19
134 20 7.68139e+19
135 20 7.68396e+19
136 20 7.68064e+19
137 20 7.68152e+19
138 20 7.68037e+19
139 20 7.67972e+19
140 20 7.68128e+19
141 20 7.68522e+19
142 20 7.68444e+19
143 20 7.68471e+19
144 20 7.68461e+19
145 20 7.68381e+19
146 20 7.68637e+19
147 20 7.6843e+19
148 20 7.68167e+19
149 20 7.68214e+19
150 20 7.68793e+19
151 20 7.69336e+19
152 20 7.69082e+19
153 20 7.68852e+19
154 20 7.69236e+19
155 20 7.69117e+19
156 20 7.68939e+19
157 20 7.68817e+19
158 20 7.68463e+19
159 20 7.68848e+19
160 20 7.68869e+19
161 20 7.68424e+19
162 20 7.68461e+19
163 20 7.68464e+19
164 20 7.68577e+19
165 20 7.68916e+19
166 20 7.6877e+19
167 20 7.68512e+19
168 20 7.68694e+19
169 20 7.6887e+19
170 20 7.68701e+19
171 20 7.68581e+19
172 20 7.68877e+19
173 20 7.69089e+19
174 20 7.68563e+19
175 20 7.68058e+19
176 20 7.68451e+19
177 20 7.68547e+19
178 20 7.68374e+19
179 20 7.68387e+19
180 20 7.68824e+19
181 20 7.68631e+19
182 20 7.68355e+19
183 20 7.68115e+19
184 20 7.67889e+19
185 20 7.68705e+19
186 20 7.6899e+19
187 20 7.68878e+19
188 20 7.68662e+19
126 21 7.89918e+19
127 21 7.89861e+19
128 21 7.89854e+19
129 21 7.89957e+19
130 21 7.90244e+19
131 21 7.89873e+19
132 21 7.89659e+19
133 21 7.90155e+19
134 21 7.90384e+19
135 21 7.89967e+19
136 21 7.90251e+19
137 21 7.90596e+19
138 21 7.90604e+19
139 21 7.90521e+19
140 21 7.90208e+19
141 21 7.90461e+19
142 21 7.90728e+19
143 21 7.90572e+19
144 21 7.90283e+19
145 21 7.90899e+19
146 21 7.91268e+19
147 21 7.90645e+19
148 21 7.90388e+19
149 21 7.9093e+19
150 21 7.90664e+19
151 21 7.90429e+19
152 21 7.90776e+19
153 21 7.90764e+19
154 21 7.90812e+19
155 21 7.90789e+19
156 21 7.90874e+19
157 21 7.90686e+19
158 21 7.90728e+19
159 21 7.90883e+19
160 21 7.90764e+19
161 21 7.90697e+19
162 21 7.90915e+19
163 21 7.9114e+19
164 21 7.90838e+19
165 21 7.90905e+19
166 21 7.91098e+19
167 21 7.90857e+19
168 21 7.90385e+19
169 21 7.90203e+19
170 21 7.90903e+19
171 21 7.91061e+19
172 21 7.90564e+19
173 21 7.90765e+19
174 21 7.90684e+19
175 21 7.90431e+19
176 21 7.90431e+19
177 21 7.90841e+19
178 21 7.91204e+19
179 21 7.91201e+19
180 21 7.9112e+19
181 21 7.90786e+19
182 21 7.91062e+19
183 21 7.91438e+19
184 21 7.91259e+19
185 21 7.91316e+19
186 21 7.90806e+19
187 21 7.90322e+19
188 21 7.90636e+19
126 22 8.12455e+19
127 22 8.12674e+19
128 22 8.12487e+19
129 22 8.12771e+19
130 22 8.13048e+19
131 22 8.13174e+19
132 22 8.13605e+19
133 22 8.13641e+19
134 22 8.13316e+19
135 22 8.13178e+19
136 22 8.12675e+19
137 22 8.12704e+19
138 22 8.13492e+19
139 22 8.13452e+19
140 22 8.13461e+19
141 22 8.13049e+19
142 22 8.12905e+19
143 22 8.13253e+19
144 22 8.13481e+19
145 22 8.13202e+19
146 22 8.13321e+19
147 22 8.14139e+19
148 22 8.13072e+19
149 22 8.13198e+19
150 22 8.13519e+19
151 22 8.12987e+19
152 22 8.13595e+19
153 22 8.1372e+19
154 22 8.13256e+19
155 22 8.134e+19
156 22 8.1355e+19
157 22 8.136e+19
158 22 8.1354e+19
159 22 8.13055e+19
160 22 8.1311e+19
161 22 8.13334e+19
162 22 8.13369e+19
163 22 8.13993e+19
164 22 8.13807e+19
165 22 8.13506e+19
166 22 8.13807e+19
167 22 8.13794e+19
168 22 8.13759e+19
169 22 8.13319e+19
170 22 8.13696e+19
171 22 8.14179e+19
172 22 8.13691e+19
173 22 8.13155e+19
174 22 8.13536e+19
175 22 8.13869e+19
176 22 8.13107e+19
177 22 8.13234e+19
178 22 8.13963e+19
179 22 8.13553e+19
180 22 8.13552e+19
181 22 8.13928e+19
182 22 8.13655e+19
183 22 8.13584e+19
184 22 8.13606e+19
185 22 8.14371e+19
186 22 8.1435e+19
187 22 8.13702e+19
188 22 8.14121e+19
126 23 8.36299e+19
127 23 8.35879e+19
128 23 8.35829e+19
129 23 8.36133e+19
130 23 8.36241e+19
131 23 8.3685e+19
132 23 8.37174e+19
133 23 8.3689e+19
134 23 8.36889e+19
135 23 8.37141e+19
136 23 8.36815e+19
137 23 8.36504e+19
138 23 8.36602e+19
139 23 8.36466e+19
140 23 8.36587e+19
141 23 8.36505e+19
142 23 8.36364e+19
143 23 8.36746e+19
144 23 8.36777e+19
145 23 8.3656e+19
146 23 8.3657e+19
147 23 8.37184e+19
148 23 8.37483e+19
149 23 8.37212e+19
150 23 8.37452e+19
151 23 8.36761e+19
152 23 8.3684e+19
153 23 8.37448e+19
154 23 8.36787e+19
155 23 8.36918e+19
156 23 8.37168e+19
157 23 8.36948e+19
158 23 8.36756e+19
159 23 8.36936e+19
160 23 8.37146e+19
161 23 8.36873e+19
162 23 8.36548e+19
163 23 8.36627e+19
164 23 8.36884e+19
165 23 8.36456e+19
166 23 8.36532e+19
167 23 8.37155e+19
168 23 8.37254e+19
169 23 8.37615e+19
170 23 8.3746e+19
171 23 8.37363e+19
172 23 8.36969e+19
173 23 8.36497e+19
174 23 8.36976e+19
175 23 8.37114e+19
176 23 8.37512e+19
177 23 8.36743e+19
178 23 8.36835e+19
179 23 8.37646e+19
180 23 8.37299e+19
181 23 8.37476e+19
182 23 8.36833e+19
183 23 8.36747e+19
184 23 8.36894e+19
185 23 8.36665e+19
186 23 8.37207e+19
187 23 8.37254e+19
188 23 8.37233e+19
126 24 8.59974e+19
127 24 8.60381e+19
128 24 8.60613e+19
129 24 8.60401e+19
130 24 8.60412e+19
131 24 8.6043e+19
132 24 8.60148e+19
133 24 8.59988e+19
134 24 8.60376e+19
135 24 8.60059e+19
136 24 8.608e+19
137 24 8.61317e+19
138 24 8.60749e+19
139 24 8.61035e+19
140 24 8.60442e+19
141 24 8.6024e+19
142 24 8.60849e+19
143 24 8.60972e+19
144 24 8.60418e+19
145 24 8.60861e+19
146 24 8.61251e+19
147 24 8.60959e+19
148 24 8.61699e+19
149 24 8.61281e+19
150 24 8.60925e+19
151 24 8.61015e+19
152 24 8.60941e+19
153 24 8.60861e+19
154 24 8.60967e+19
155 24 8.60938e+19
156 24 8.60775e+19
157 24 8.6108e+19
158 24 8.61476e+19
159 24 8.60832e+19
160 24 8.60582e+19
161 24 8.61485e+19
162 24 8.61552e+19
163 24 8.60812e+19
164 24 8.60885e+19
165 24 8.60946e+19
166 24 8.61142e+19
167 24 8.61564e+19
168 24 8.61461e+19
169 24 8.61229e+19
170 24 8.6093e+19
171 24 8.60922e+19
172 24 8.60936e+19
173 24 8.6102e+19
174 24 8.61163e+19
175 24 8.61314e+19
176 24 8.61581e+19
177 24 8.61407e+19
178 24 8.61143e+19
179 24 8.61261e+19
180 24 8.6092e+19
181 24 8.6094e+19
182 24 8.61629e+19
183 24 8.61926e+19
184 24 8.61629e+19
185 24 8.61353e+19
186 24 8.61131e+19
187 24 8.60959e+19
188 24 8.60618e+19
126 25 8.84615e+19
127 25 8.85136e+19
128 25 8.8533e+19
129 25 8.85002e+19
130 25 8.84923e+19
131 25 8.84792e+19
132 25 8.84929e+19
133 25 8.85152e+19
134 25 8.84912e+19
135 25 8.84763e+19
136 25 8.85308e+19
137 25 8.85575e+19
138 25 8.85487e+19
139 25 8.85275e+19
140 25 8.85179e+19
141 25 8.85808e+19
142 25 8.85835e+19
143 25 8.8572e+19
144 25 8.85979e+19
145 25 8.85599e+19
146 25 8.85659e+19
147 25 8.85208e+19
148 25 8.8448e+19
149 25 8.84812e+19
150 25 8.8494e+19
151 25 8.85361e+19
152 25 8.85486e+19
153 25 8.85023e+19
154 25 8.85221e+19
155 25 8.85598e+19
156 25 8.85717e+19
157 25 8.8598e+19
158 25 8.86139e+19
159 25 8.85252e+19
160 25 8.85121e+19
161 25 8.85752e+19
162 25 8.85534e+19
163 25 8.85521e+19
164 25 8.85577e+19
165 25 8.85858e+19
166 25 8.8612e+19
167 25 8.85675e+19
168 25 8.8574e+19
169 25 8.8561e+19
170 25 8.85008e+19
171 25 8.85115e+19
172 25 8.8621e+19
173 25 8.86684e+19
174 25 8.86326e+19
175 25 8.8619e+19
176 25 8.86167e+19
177 25 8.86505e+19
178 25 8.85808e+19
179 25 8.85386e+19
180 25 8.85457e+19
181 25 8.85644e+19
182 25 8.86371e+19
183 25 8.85874e+19
184 25 8.85726e+19
185 25 8.85849e+19
186 25 8.85475e+19
187 25 8.85687e+19
188 25 8.85965e+19
126 26 9.10317e+19
127 26 9.10345e+19
128 26 9.10079e+19
129 26 9.10212e+19
130 26 9.10531e+19
131 26 9.10582e+19
132 26 9.10725e+19
133 26 9.10398e+19
134 26 9.10022e+19
135 26 9.10936e+19
136 26 9.10993e+19
137 26 9.1026e+19
138 26 9.10317e+19
139 26 9.10345e+19
140 26 9.10866e+19
141 26 9.11557e+19
142 26 9.11545e+19
143 26 9.10776e+19
144 26 9.10429e+19
145 26 9.10663e+19
146 26 9.1067e+19
147 26 9.10901e+19
148 26 9.11082e+19
149 26 9.1112e+19
150 26 9.11164e+19
151 26 9.11186e+19
152 26 9.10772e+19
153 26 9.10886e+19
154 26 9.11256e+19
155 26 9.11008e+19
156 26 9.10861e+19
157 26 9.10861e+19
158 26 9.10567e+19
159 26 9.11203e+19
160 26 9.11437e+19
161 26 9.10562e+19
162 26 9.10755e+19
163 26 9.11819e+19
164 26 9.11679e+19
165 26 9.11491e+19
166 26 9.11287e+19
167 26 9.10606e+19
168 26 9.10548e+19
169 26 9.11052e+19
170 26 9.11119e+19
171 26 9.1082e+19
172 26 9.10777e+19
173 26 9.11164e+19
174 26 9.11129e+19
175 26 9.10887e+19
176 26 9.10713e+19
177 26 9.10858e+19
178 26 9.10833e+19
179 26 9.11121e+19
180 26 9.11541e+19
181 26 9.10982e+19
182 26 9.10793e+19
183 26 9.10405e+19
184 26 9.10388e+19
185 26 9.11062e+19
186 26 9.11398e+19
187 26 9.11037e+19
188 26 9.11096e+19
126 27 9.35255e+19
127 27 9.35799e+19
128 27 9.36003e+19
129 27 9.35945e+19
130 27 9.36079e+19
131 27 9.36195e+19
132 27 9.36245e+19
133 27 9.3603e+19
134 27 9.36046e+19
135 27 9.36169e+19
136 27 9.36495e+19
137 27 9.36235e+19
138 27 9.36365e+19
139 27 9.3738e+19
140 27 9.37413e+19
141 27 9.36804e+19
142 27 9.36743e+19
143 27 9.36407e+19
144 27 9.37064e+19
145 27 9.37388e+19
146 27 9.3673e+19
147 27 9.37437e+19
148 27 9.38067e+19
149 27 9.37809e+19
150 27 9.3729e+19
151 27 9.37127e+19
152 27 9.37159e+19
153 27 9.3693e+19
154 27 9.3744e+19
155 27 9.37565e+19
156 27 9.36859e+19
157 27 9.36847e+19
158 27 9.36983e+19
159 27 9.37516e+19
160 27 9.37846e+19
161 27 9.37603e+19
162 27 9.37887e+19
163 27 9.37785e+19
164 27 9.37823e+19
165 27 9.37713e+19
166 27 9.36695e+19
167 27 9.36787e+19
168 27 9.36989e+19
169 27 9.36996e+19
170 27 9.37456e+19
171 27 9.37427e+19
172 27 9.37296e+19
173 27 9.37586e+19
174 27 9.37094e+19
175 27 9.36721e+19
176 27 9.36509e+19
177 27 9.36805e+19
178 27 9.37112e+19
179 27 9.36813e+19
180 27 9.37412e+19
181 27 9.37383e+19
182 27 9.36806e+19
183 27 9.36807e+19
184 27 9.37364e+19
185 27 9.37305e+19
186 27 9.36854e+19
187 27 9.36578e+19
188 27 9.36673e+19
126 28 9.61971e+19
127 28 9.62273e+19
128 28 9.62673e+19
129 28 9.62744e+19
130 28 9.62846e+19
131 28 9.63103e+19
132 28 9.63152e+19
133 28 9.6365e+19
134 28 9.63817e+19
135 28 9.63463e+19
136 28 9.62973e+19
137 28 9.63343e+19
138 28 9.64094e+19
139 28 9.63384e+19
140 28 9.62932e+19
141 28 9.62822e+19
142 28 9.62728e+19
143 28 9.63696e+19
144 28 9.64628e+19
145 28 9.63987e+19
146 28 9.63357e+19
147 28 9.63429e+19
148 28 9.63583e+19
149 28 9.64072e+19
150 28 9.64358e+19
151 28 9.63878e+19
152 28 9.63877e+19
153 28 9.63838e+19
154 28 9.63395e+19
155 28 9.63904e+19
156 28 9.63918e+19
157 28 9.63872e+19
158 28 9.64229e+19
159 28 9.64232e+19
160 28 9.64376e+19
161 28 9.6441e+19
162 28 9.63441e+19
163 28 9.62902e+19
164 28 9.63357e+19
165 28 9.63408e+19
166 28 9.63364e+19
167 28 9.6362e+19
168 28 9.64091e+19
169 28 9.63894e+19
170 28 9.64023e+19
171 28 9.64462e+19
172 28 9.64068e+19
173 28 9.64166e+19
174 28 9.6453e+19
175 28 9.64102e+19
176 28 9.63855e+19
177 28 9.63852e+19
178 28 9.64116e+19
179 28 9.63787e+19
180 28 9.63515e+19
181 28 9.64592e+19
182 28 9.64221e+19
183 28 9.63557e+19
184 28 9.64085e+19
185 28 9.63777e+19
186 28 9.63472e+19
187 28 9.63688e+19
188 28 9.63767e+19
126 29 9.90196e+19
127 29 9.90267e+19
128 29 9.90513e+19
129 29 9.90511e+19
130 29 9.90522e+19
131 29 9.90179e+19
132 29 9.90592e+19
133 29 9.91238e+19
134 29 9.90957e+19
135 29 9.91096e+19
136 29 9.9114e+19
137 29 9.90771e+19
138 29 9.90687e+19
139 29 9.90948e+19
140 29 9.90955e+19
141 29 9.90867e+19
142 29 9.90998e+19
143 29 9.91324e+19
144 29 9.91082e+19
145 29 9.91047e+19
146 29 9.91178e+19
147 29 9.90797e+19
148 29 9.90704e+19
149 29 9.90312e+19
150 29 9.90402e+19
151 29 9.91214e+19
152 29 9.91409e+19
153 29 9.91112e+19
154 29 9.91032e+19
155 29 9.90977e+19
156 29 9.90644e+19
157 29 9.90893e+19
158 29 9.91131e+19
159 29 9.91257e+19
160 29 9.90941e+19
161 29 9.90849e+19
162 29 9.91114e+19
163 29 9.91161e+19
164 29 9.9081e+19
165 29 9.90887e+19
166 29 9.92096e+19
167 29 9.91602e+19
168 29 9.91285e+19
169 29 9.91502e+19
170 29 9.9107e+19
171 29 9.90627e+19
172 29 9.90055e+19
173 29 9.90402e+19
174 29 9.91311e+19
175 29 9.91032e+19
176 29 9.9091e+19
177 29 9.90948e+19
178 29 9.9082e+19
179 29 9.91154e+19
180 29 9.90596e+19
181 29 9.90823e+19
182 29 9.91541e+19
183 29 9.91597e+19
184 29 9.90815e+19
185 29 9.90801e+19
186 29 9.91509e+19
187 29 9.91753e+19
188 29 9.91602e+19
126 30 1.01815e+20
127 30 1.01775e+20
128 30 1.01772e+20
129 30 1.01791e+20
130 30 1.01829e+20
131 30 1.01801e+20
132 30 1.01826e+20
133 30 1.01893e+20
134 30 1.01871e+20
135 30 1.01846e+20
136 30 1.01893e+20
137 30 1.01848e+20
138 30 1.01824e+20
139 30 1.01995e+20
140 30 1.01995e+20
141 30 1.01938e+20
142 30 1.01966e+20
143 30 1.01947e+20
144 30 1.01896e+20
145 30 1.01893e+20
146 30 1.01938e+20
147 30 1.01966e+20
148 30 1.01903e+20
149 30 1.01842e+20
150 30 1.0185e+20
151 30 1.01928e+20
152 30 1.0194e+20
153 30 1.01916e+20
154 30 1.01889e+20
155 30 1.01836e+20
156 30 1.01911e+20
157 30 1.0189e+20
158 30 1.01859e+20
159 30 1.01894e+20
160 30 1.01922e+20
161 30 1.01942e+20
162 30 1.01917e+20
163 30 1.01966e+20
164 30 1.01985e+20
165 30 1.01932e+20
166 30 1.01973e+20
167 30 1.01975e+20
168 30 1.01878e+20
169 30 1.01935e+20
170 30 1.01932e+20
171 30 1.01829e+20
172 30 1.01922e+20
173 30 1.01939e+20
174 30 1.01928e+20
175 30 1.01953e+20
176 30 1.01964e+20
177 30 1.01967e+20
178 30 1.01868e+20
179 30 1.01908e+20
180 30 1.01955e+20
181 30 1.01906e+20
182 30 1.01929e+20
183 30 1.01954e+20
184 30 1.0195e+20
185 30 1.01939e+20
186 30 1.01905e+20
187 30 1.01954e+20
188 30 1.01954e+20
126 31 1.04726e+20
127 31 1.04704e+20
128 31 1.04662e+20
129 31 1.04696e+20
130 31 1.0469e+20
131 31 1.04721e+20
132 31 1.04693e+20
133 31 1.04689e+20
134 31 1.04761e+20
135 31 1.04744e+20
136 31 1.04723e+20
137 31 1.0478e+20
138 31 1.04817e+20
139 31 1.04784e+20
140 31 1.0477e+20
141 31 1.04733e+20
142 31 1.04753e+20
143 31 1.04759e+20
144 31 1.04771e+20
145 31 1.04818e+20
146 31 1.04808e+20
147 31 1.0486e+20
148 31 1.04853e+20
149 31 1.04838e+20
150 31 1.049e+20
151 31 1.04837e+20
152 31 1.04755e+20
153 31 1.04797e+20
154 31 1.04818e+20
155 31 1.04803e+20
156 31 1.04844e+20
157 31 1.04844e+20
158 31 1.04797e+20
159 31 1.04757e+20
160 31 1.04721e+20
161 31 1.04745e+20
162 31 1.04797e+20
163 31 1.04821e+20
164 31 1.04799e+20
165 31 1.04819e+20
166 31 1.04808e+20
167 31 1.04812e+20
168 31 1.04817e+20
169 31 1.04798e+20
170 31 1.04807e+20
171 31 1.04871e+20
172 31 1.04944e+20
173 31 1.04893e+20
174 31 1.04814e+20
175 31 1.04859e+20
176 31 1.049e+20
177 31 1.04863e+20
178 31 1.04881e+20
179 31 1.04835e+20
180 31 1.0476e+20
181 31 1.04759e+20
182 31 1.04801e+20
183 31 1.04807e+20
184 31 1.04824e+20
185 31 1.04845e+20
186 31 1.04841e+20
187 31 1.04826e+20
188 31 1.04778e+20
126 32 1.07711e+20
127 32 1.07734e+20
128 32 1.07782e+20
129 32 1.07751e+20
130 32 1.0766e+20
131 32 1.07732e+20
132 32 1.07747e+20
133 32 1.07641e+20
134 32 1.07667e+20
135 32 1.07753e+20
136 32 1.07802e+20
137 32 1.07833e+20
138 32 1.07749e+20
139 32 1.07607e+20
140 32 1.07627e+20
141 32 1.07732e+20
142 32 1.07731e+20
143 32 1.07709e+20
144 32 1.07795e+20
145 32 1.07828e+20
146 32 1.07743e+20
147 32 1.07738e+20
148 32 1.07803e+20
149 32 1.07798e+20
150 32 1.07813e+20
151 32 1.07816e+20
152 32 1.07732e+20
153 32 1.07716e+20
154 32 1.07828e+20
155 32 1.07836e+20
156 32 1.07737e+20
157 32 1.0781e+20
158 32 1.07843e+20
159 32 1.07792e+20
160 32 1.07771e+20
161 32 1.07772e+20
162 32 1.07801e+20
163 32 1.07741e+20
164 32 1.07752e+20
165 32 1.07756e+20
166 32 1.07742e+20
167 32 1.07775e+20
168 32 1.07837e+20
169 32 1.07791e+20
170 32 1.07726e+20
171 32 1.07812e+20
172 32 1.07791e+20
173 32 1.07782e+20
174 32 1.07767e+20
175 32 1.0778e+20
176 32 1.07783e+20
177 32 1.07762e+20
178 32 1.07858e+20
179 32 1.07818e+20
180 32 1.07722e+20
181 32 1.07714e+20
182 32 1.07732e+20
183 32 1.07777e+20
184 32 1.07804e+20
185 32 1.07783e+20
186 32 1.07792e+20
187 32 1.07808e+20
188 32 1.07822e+20
126 33 1.10709e+20
127 33 1.10674e+20
128 33 1.10724e+20
129 33 1.10732e+20
130 33 1.10707e+20
131 33 1.10753e+20
132 33 1.10831e+20
133 33 1.10826e+20
134 33 1.10721e+20
135 33 1.10725e+20
136 33 1.1076e+20
137 33 1.1075e+20
138 33 1.10732e+20
139 33 1.10749e+20
140 33 1.10787e+20
141 33 1.10797e+20
142 33 1.10794e+20
143 33 1.10801e+20
144 33 1.10809e+20
145 33 1.1078e+20
146 33 1.10822e+20
147 33 1.10778e+20
148 33 1.10735e+20
149 33 1.10802e+20
150 33 1.10762e+20
151 33 1.10746e+20
152 33 1.10823e+20
153 33 1.10818e+20
154 33 1.10827e+20
155 33 1.1082e+20
156 33 1.10771e+20
157 33 1.10785e+20
158 33 1.10762e+20
159 33 1.10754e+20
160 33 1.10884e+20
161 33 1.10923e+20
162 33 1.10798e+20
163 33 1.10768e+20
164 33 1.10823e+20
165 33 1.10787e+20
166 33 1.108e+20
167 33 1.10819e+20
168 33 1.10733e+20
169 33 1.10772e+20
170 33 1.10807e+20
171 33 1.1076e+20
172 33 1.10728e+20
173 33 1.10751e+20
174 33 1.10822e+20
175 33 1.10805e+20
176 33 1.10783e+20
177 33 1.10835e+20
178 33 1.10804e+20
179 33 1.10775e+20
180 33 1.10863e+20
181 33 1.10817e+20
182 33 1.10744e+20
183 33 1.10768e+20
184 33 1.10823e+20
185 33 1.10829e+20
186 33 1.10748e+20
187 33 1.10755e+20
188 33 1.10832e+20
126 34 1.13775e+20
127 34 1.13795e+20
128 34 1.13775e+20
129 34 1.13835e+20
130 34 1.1391e+20
131 34 1.13811e+20
132 34 1.13755e+20
133 34 1.13864e+20
134 34 1.13915e+20
135 34 1.13883e+20
136 34 1.13869e+20
137 34 1.13817e+20
138 34 1.13832e+20
139 34 1.13905e+20
140 34 1.1394e+20
141 34 1.13935e+20
142 34 1.1388e+20
143 34 1.13922e+20
144 34 1.1394e+20
145 34 1.13897e+20
146 34 1.13937e+20
147 34 1.13899e+20
148 34 1.13829e+20
149 34 1.13841e+20
150 34 1.13808e+20
151 34 1.13832e+20
152 34 1.13886e+20
153 34 1.13888e+20
154 34 1.13898e+20
155 34 1.13902e+20
156 34 1.1395e+20
157 34 1.13949e+20
158 34 1.13906e+20
159 34 1.13838e+20
160 34 1.13837e+20
161 34 1.13901e+20
162 34 1.13956e+20
163 34 1.13973e+20
164 34 1.13941e+20
165 34 1.13945e+20
166 34 1.13915e+20
167 34 1.13883e+20
168 34 1.13872e+20
169 34 1.13891e+20
170 34 1.13957e+20
171 34 1.13955e+20
172 34 1.13892e+20
173 34 1.13879e+20
174 34 1.13883e+20
175 34 1.13927e+20
176 34 1.13946e+20
177 34 1.13922e+20
178 34 1.13884e+20
179 34 1.13887e+20
180 34 1.13973e+20
181 34 1.13932e+20
182 34 1.13902e+20
183 34 1.1391e+20
184 34 1.1391e+20
185 34 1.13871e+20
186 34 1.13849e+20
187 34 1.13879e+20
188 34 1.13883e+20
126 35 1.16997e+20
127 35 1.17051e+20
128 35 1.17025e+20
129 35 1.17028e+20
130 35 1.17099e+20
131 35 1.17076e+20
132 35 1.16992e+20
133 35 1.16994e+20
134 35 1.17073e+20
135 35 1.17066e+20
136 35 1.17106e+20
137 35 1.1713e+20
138 35 1.1707e+20
139 35 1.1705e+20
140 35 1.17037e+20
141 35 1.17104e+20
142 35 1.17183e+20
143 35 1.17163e+20
144 35 1.17048e+20
145 35 1.17084e+20
146 35 1.17107e+20
147 35 1.1711e+20
148 35 1.17167e+20
149 35 1.17112e+20
150 35 1.17101e+20
151 35 1.17133e+20
152 35 1.17163e+20
153 35 1.17129e+20
154 35 1.17089e+20
155 35 1.1712e+20
156 35 1.17194e+20
157 35 1.17123e+20
158 35 1.17154e+20
159 35 1.17244e+20
160 35 1.17156e+20
161 35 1.17117e+20
162 35 1.17139e+20
163 35 1.17114e+20
164 35 1.17071e+20
165 35 1.17111e+20
166 35 1.17119e+20
167 35 1.17105e+20
168 35 1.17231e+20
169 35 1.17216e+20
170 35 1.17115e+20
171 35 1.17163e+20
172 35 1.17178e+20
173 35 1.17101e+20
174 35 1.17101e+20
175 35 1.17191e+20
176 35 1.17151e+20
177 35 1.17094e+20
178 35 1.17063e+20
179 35 1.17083e+20
180 35 1.17125e+20
181 35 1.17181e+20
182 35 1.17227e+20
183 35 1.17192e+20
184 35 1.17162e+20
185 35 1.17094e+20
186 35 1.17129e+20
187 35 1.17227e+20
188 35 1.17193e+20
126 36 1.2025e+20
127 36 1.20257e+20
128 36 1.20356e+20
129 36 1.20372e+20
130 36 1.20311e+20
131 36 1.20313e+20
132 36 1.20417e+20
133 36 1.20363e+20
134 36 1.20252e+20
135 36 1.20212e+20
136 36 1.2024e+20
137 36 1.20374e+20
138 36 1.20372e+20
139 36 1.20318e+20
140 36 1.20341e+20
141 36 1.20346e+20
142 36 1.20368e+20
143 36 1.20321e+20
144 36 1.20295e+20
145 36 1.20313e+20
146 36 1.20321e+20
147 36 1.20422e+20
148 36 1.20482e+20
149 36 1.20418e+20
150 36 1.20414e+20
151 36 1.20388e+20
152 36 1.20374e+20
153 36 1.2041e+20
154 36 1.20388e+20
155 36 1.20423e+20
156 36 1.20354e+20
157 36 1.20292e+20
158 36 1.20406e+20
159 36 1.20521e+20
160 36 1.20411e+20
161 36 1.20327e+20
162 36 1.20421e+20
163 36 1.20392e+20
164 36 1.20321e+20
165 36 1.20365e+20
166 36 1.20405e+20
167 36 1.20403e+20
168 36 1.20433e+20
169 36 1.20406e+20
170 36 1.20305e+20
171 36 1.20298e+20
172 36 1.20424e+20
173 36 1.20438e+20
174 36 1.20377e+20
175 36 1.20334e+20
176 36 1.20334e+20
177 36 1.20373e+20
178 36 1.2042e+20
179 36 1.20369e+20
180 36 1.20317e+20
181 36 1.20391e+20
182 36 1.2038e+20
183 36 1.20419e+20
184 36 1.20436e+20
185 36 1.20413e+20
186 36 1.20506e+20
187 36 1.20477e+20
188 36 1.20409e+20
126 37 1.2362e+20
127 37 1.23612e+20
128 37 1.23663e+20
129 37 1.23687e+20
130 37 1.23637e+20
131 37 1.23669e+20
132 37 1.23764e+20
133 37 1.23809e+20
134 37 1.23777e+20
135 37 1.23726e+20
136 37 1.23684e+20
137 37 1.2371e+20
138 37 1.23772e+20
139 37 1.23775e+20
140 37 1.23716e+20
141 37 1.23686e+20
142 37 1.2369e+20
143 37 1.23683e+20
144 37 1.23734e+20
145 37 1.23693e+20
146 37 1.23649e+20
147 37 1.23689e+20
148 37 1.23693e+20
149 37 1.23711e+20
150 37 1.23722e+20
151 37 1.23723e+20
152 37 1.23675e+20
153 37 1.23746e+20
154 37 1.23767e+20
155 37 1.23701e+20
156 37 1.23714e+20
157 37 1.23767e+20
158 37 1.23758e+20
159 37 1.23727e+20
160 37 1.23785e+20
161 37 1.23784e+20
162 37 1.23762e+20
163 37 1.23747e+20
164 37 1.23777e+20
165 37 1.23771e+20
166 37 1.2372e+20
167 37 1.23787e+20
168 37 1.23721e+20
169 37 1.23745e+20
170 37 1.23796e+20
171 37 1.23672e+20
172 37 1.23698e+20
173 37 1.23759e+20
174 37 1.23703e+20
175 37 1.23677e+20
176 37 1.23698e+20
177 37 1.23724e+20
178 37 1.23858e+20
179 37 1.23846e+20
180 37 1.23801e+20
181 37 1.23779e+20
182 37 1.23755e+20
183 37 1.23764e+20
184 37 1.23697e+20
185 37 1.23693e+20
186 37 1.23725e+20
187 37 1.23702e+20
188 37 1.2372e+20
126 38 1.2716e+20
127 38 1.27133e+20
128 38 1.27036e+20
129 38 1.2701e+20
130 38 1.27055e+20
131 38 1.27085e+20
132 38 1.27104e+20
133 38 1.27189e+20
134 38 1.2721e+20
135 38 1.2722e+20
136 38 1.27263e+20
137 38 1.27132e+20
138 38 1.27151e+20
139 38 1.27255e+20
140 38 1.2721e+20
141 38 1.27173e+20
142 38 1.2721e+20
143 38 1.27262e+20
144 38 1.27226e+20
145 38 1.27258e+20
146 38 1.27258e+20
147 38 1.27184e+20
148 38 1.27208e+20
149 38 1.27237e+20
150 38 1.27197e+20
151 38 1.27203e+20
152 38 1.27199e+20
153 38 1.27151e+20
154 38 1.27134e+20
155 38 1.27122e+20
156 38 1.2718e+20
157 38 1.27255e+20
158 38 1.27242e+20
159 38 1.27174e+20
160 38 1.27252e+20
161 38 1.27275e+20
162 38 1.27123e+20
163 38 1.27151e+20
164 38 1.27262e+20
165 38 1.27235e+20
166 38 1.27238e+20
167 38 1.27292e+20
168 38 1.27237e+20
169 38 1.27258e+20
170 38 1.27312e+20
171 38 1.27237e+20
172 38 1.27164e+20
173 38 1.27221e+20
174 38 1.27242e+20
175 38 1.27192e+20
176 38 1.27223e+20
177 38 1.27231e+20
178 38 1.27194e+20
179 38 1.27255e+20
180 38 1.27275e+20
181 38 1.27218e+20
182 38 1.2724e+20
183 38 1.27166e+20
184 38 1.27175e+20
185 38 1.27234e+20
186 38 1.27149e+20
187 38 1.27151e+20
188 38 1.2714e+20
126 39 1.30665e+20
127 39 1.30744e+20
128 39 1.30721e+20
129 39 1.307e+20
130 39 1.3075e+20
131 39 1.30679e+20
132 39 1.30672e+20
133 39 1.30661e+20
134 39 1.30634e+20
135 39 1.30686e+20
136 39 1.3067e+20
137 39 1.30646e+20
138 39 1.30586e+20
139 39 1.30626e+20
140 39 1.30827e+20
141 39 1.30815e+20
142 39 1.30681e+20
143 39 1.30699e+20
144 39 1.30702e+20
145 39 1.30751e+20
146 39 1.30762e+20
147 39 1.30712e+20
148 39 1.30662e+20
149 39 1.30643e+20
150 39 1.3075e+20
151 39 1.30759e+20
152 39 1.3065e+20
153 39 1.30655e+20
154 39 1.30731e+20
155 39 1.30736e+20
156 39 1.30733e+20
157 39 1.30689e+20
158 39 1.30702e+20
159 39 1.30708e+20
160 39 1.30669e+20
161 39 1.30685e+20
162 39 1.30673e+20
163 39 1.30745e+20
164 39 1.30783e+20
165 39 1.30732e+20
166 39 1.30752e+20
167 39 1.30759e+20
168 39 1.30772e+20
169 39 1.3068e+20
170 39 1.30722e+20
171 39 1.30798e+20
172 39 1.30706e+20
173 39 1.30747e+20
174 39 1.30795e+20
175 39 1.30753e+20
176 39 1.30808e+20
177 39 1.30824e+20
178 39 1.307e+20
179 39 1.3073e+20
180 39 1.30698e+20
181 39 1.30596e+20
182 39 1.30641e+20
183 39 1.30728e+20
184 39 1.30767e+20
185 39 1.3066e+20
186 39 1.30616e+20
187 39 1.30713e+20
188 39 1.30719e+20
126 40 1.34325e+20
127 40 1.34302e+20
128 40 1.34309e+20
129 40 1.34321e+20
130 40 1.34398e+20
131 40 1.34504e+20
132 40 1.34385e+20
133 40 1.34349e+20
134 40 1.34345e+20
135 40 1.3434e+20
136 40 1.34321e+20
137 40 1.34365e+20
138 40 1.34373e+20
139 40 1.34362e+20
140 40 1.34328e+20
141 40 1.34238e+20
142 40 1.34281e+20
143 40 1.34351e+20
144 40 1.34374e+20
145 40 1.34263e+20
146 40 1.34282e+20
147 40 1.34321e+20
148 40 1.34249e+20
149 40 1.34223e+20
150 40 1.34273e+20
151 40 1.34266e+20
152 40 1.34353e+20
153 40 1.34345e+20
154 40 1.34351e+20
155 40 1.34389e+20
156 40 1.34363e+20
157 40 1.34364e+20
158 40 1.3434e+20
159 40 1.34416e+20
160 40 1.34412e+20
161 40 1.34342e+20
162 40 1.34359e+20
163 40 1.34406e+20
164 40 1.34339e+20
165 40 1.34333e+20
166 40 1.34277e+20
167 40 1.34273e+20
168 40 1.34359e+20
169 40 1.34293e+20
170 40 1.34345e+20
171 40 1.34408e+20
172 40 1.34381e+20
173 40 1.34348e+20
174 40 1.3438e+20
175 40 1.34386e+20
176 40 1.34333e+20
177 40 1.34294e+20
178 40 1.34303e+20
179 40 1.34377e+20
180 40 1.34365e+20
181 40 1.34328e+20
182 40 1.34299e+20
183 40 1.34374e+20
184 40 1.34357e+20
185 40 1.3429e+20
186 40 1.34367e+20
187 40 1.34436e+20
188 40 1.34445e+20
