189 0 4.31126e+19
190 0 4.31424e+19
191 0 4.31235e+19
192 0 4.30974e+19
193 0 4.30972e+19
194 0 4.30579e+19
195 0 4.3094e+19
196 0 4.30952e+19
197 0 4.30824e+19
198 0 4.30895e+19
199 0 4.31301e+19
200 0 4.31674e+19
201 0 4.31229e+19
202 0 4.3078e+19
203 0 4.31174e+19
204 0 4.3175e+19
205 0 4.31008e+19
206 0 4.30844e+19
207 0 4.31538e+19
208 0 4.32014e+19
209 0 4.31684e+19
210 0 4.30868e+19
211 0 4.30914e+19
212 0 4.30882e+19
213 0 4.30868e+19
214 0 4.31305e+19
215 0 4.31282e+19
216 0 4.31507e+19
217 0 4.31809e+19
218 0 4.32135e+19
219 0 4.31425e+19
220 0 4.30711e+19
221 0 4.31375e+19
222 0 4.31394e+19
223 0 4.31201e+19
224 0 4.3099e+19
225 0 4.30462e+19
226 0 4.30699e+19
227 0 4.31104e+19
228 0 4.30858e+19
229 0 4.30737e+19
230 0 4.31183e+19
231 0 4.31468e+19
232 0 4.31293e+19
233 0 4.30834e+19
234 0 4.30851e+19
235 0 4.31105e+19
236 0 4.31006e+19
237 0 4.31183e+19
238 0 4.31123e+19
239 0 4.31191e+19
240 0 4.31334e+19
241 0 4.31178e+19
242 0 4.31221e+19
243 0 4.31555e+19
244 0 4.32019e+19
245 0 4.3142e+19
246 0 4.30587e+19
247 0 4.30522e+19
248 0 4.30691e+19
249 0 4.31081e+19
189 1 4.41663e+19
190 1 4.41897e+19
191 1 4.41919e+19
192 1 4.4204e+19
193 1 4.42147e+19
194 1 4.4234e+19
195 1 4.42123e+19
196 1 4.41785e+19
197 1 4.41781e+19
198 1 4.4172e+19
199 1 4.41702e+19
200 1 4.41593e+19
201 1 4.4194e+19
202 1 4.42147e+19
203 1 4.4181e+19
204 1 4.41722e+19
205 1 4.41812e+19
206 1 4.41702e+19
207 1 4.41836e+19
208 1 4.42127e+19
209 1 4.41577e+19
210 1 4.41609e+19
211 1 4.42303e+19
212 1 4.42095e+19
213 1 4.41777e+19
214 1 4.41973e+19
215 1 4.41951e+19
216 1 4.41586e+19
217 1 4.4208e+19
218 1 4.42362e+19
219 1 4.41771e+19
220 1 4.41616e+19
221 1 4.41999e+19
222 1 4.41905e+19
223 1 4.41626e+19
224 1 4.4188e+19
225 1 4.41844e+19
226 1 4.41742e+19
227 1 4.41681e+19
228 1 4.41797e+19
229 1 4.41769e+19
230 1 4.41807e+19
231 1 4.42115e+19
232 1 4.41875e+19
233 1 4.4194e+19
234 1 4.42107e+19
235 1 4.41866e+19
236 1 4.41577e+19
237 1 4.41574e+19
238 1 4.41858e+19
239 1 4.41796e+19
240 1 4.4164e+19
241 1 4.41756e+19
242 1 4.41841e+19
243 1 4.41816e+19
244 1 4.42104e+19
245 1 4.41902e+19
246 1 4.41745e+19
247 1 4.41879e+19
248 1 4.41788e+19
249 1 4.4205e+19
189 2 4.54758e+19
190 2 4.55008e+19
191 2 4.55311e+19
192 2 4.55061e+19
193 2 4.5523e+19
194 2 4.55631e+19
195 2 4.55423e+19
196 2 4.55014e+19
197 2 4.5506e+19
198 2 4.54908e+19
199 2 4.54989e+19
200 2 4.55057e+19
201 2 4.54996e+19
202 2 4.5515e+19
203 2 4.55132e+19
204 2 4.54953e+19
205 2 4.55273e+19
206 2 4.55189e+19
207 2 4.5519e+19
208 2 4.55415e+19
209 2 4.55002e+19
210 2 4.54805e+19
211 2 4.55236e+19
212 2 4.55357e+19
213 2 4.55066e+19
214 2 4.5504e+19
215 2 4.55071e+19
216 2 4.55289e+19
217 2 4.55737e+19
218 2 4.55235e+19
219 2 4.54857e+19
220 2 4.55215e+19
221 2 4.55108e+19
222 2 4.55178e+19
223 2 4.55006e+19
224 2 4.54817e+19
225 2 4.55013e+19
226 2 4.5525e+19
227 2 4.55044e+19
228 2 4.55085e+19
229 2 4.55378e+19
230 2 4.55018e+19
231 2 4.54925e+19
232 2 4.55147e+19
233 2 4.55254e+19
234 2 4.55183e+19
235 2 4.55509e+19
236 2 4.55308e+19
237 2 4.54975e+19
238 2 4.55405e+19
239 2 4.55481e+19
240 2 4.55138e+19
241 2 4.55172e+19
242 2 4.5555e+19
243 2 4.55166e+19
244 2 4.54868e+19
245 2 4.55133e+19
246 2 4.55372e+19
247 2 4.55382e+19
248 2 4.5517e+19
249 2 4.55177e+19
189 3 4.6904e+19
190 3 4.68902e+19
191 3 4.6902e+19
192 3 4.68798e+19
193 3 4.68713e+19
194 3 4.68834e+19
195 3 4.68678e+19
196 3 4.68407e+19
197 3 4.68743e+19
198 3 4.68819e+19
199 3 4.68633e+19
200 3 4.69146e+19
201 3 4.68917e+19
202 3 4.6861e+19
203 3 4.68911e+19
204 3 4.6918e+19
205 3 4.69112e+19
206 3 4.68939e+19
207 3 4.68802e+19
208 3 4.6869e+19
209 3 4.68961e+19
210 3 4.69001e+19
211 3 4.68754e+19
212 3 4.68666e+19
213 3 4.68865e+19
214 3 4.68643e+19
215 3 4.68551e+19
216 3 4.68874e+19
217 3 4.68765e+19
218 3 4.68897e+19
219 3 4.69288e+19
220 3 4.69362e+19
221 3 4.68587e+19
222 3 4.68443e+19
223 3 4.68985e+19
224 3 4.68953e+19
225 3 4.6905e+19
226 3 4.69036e+19
227 3 4.69112e+19
228 3 4.68641e+19
229 3 4.68515e+19
230 3 4.68976e+19
231 3 4.68771e+19
232 3 4.68882e+19
233 3 4.69081e+19
234 3 4.68934e+19
235 3 4.69186e+19
236 3 4.69322e+19
237 3 4.69083e+19
238 3 4.68785e+19
239 3 4.68737e+19
240 3 4.69008e+19
241 3 4.69254e+19
242 3 4.69025e+19
243 3 4.6885e+19
244 3 4.68593e+19
245 3 4.68695e+19
246 3 4.69026e+19
247 3 4.68879e+19
248 3 4.68877e+19
249 3 4.68572e+19
189 4 4.83093e+19
190 4 4.82949e+19
191 4 4.82919e+19
192 4 4.83015e+19
193 4 4.8313e+19
194 4 4.82915e+19
195 4 4.8265e+19
196 4 4.82968e+19
197 4 4.83042e+19
198 4 4.83085e+19
199 4 4.82974e+19
200 4 4.83111e+19
201 4 4.8296e+19
202 4 4.82569e+19
203 4 4.82783e+19
204 4 4.83226e+19
205 4 4.83061e+19
206 4 4.82839e+19
207 4 4.82971e+19
208 4 4.82902e+19
209 4 4.83112e+19
210 4 4.83171e+19
211 4 4.82636e+19
212 4 4.8278e+19
213 4 4.83285e+19
214 4 4.83071e+19
215 4 4.83011e+19
216 4 4.82833e+19
217 4 4.82671e+19
218 4 4.82969e+19
219 4 4.83083e+19
220 4 4.83048e+19
221 4 4.82975e+19
222 4 4.83009e+19
223 4 4.83126e+19
224 4 4.8332e+19
225 4 4.83468e+19
226 4 4.83053e+19
227 4 4.83005e+19
228 4 4.82932e+19
229 4 4.82832e+19
230 4 4.83189e+19
231 4 4.82939e+19
232 4 4.82934e+19
233 4 4.83046e+19
234 4 4.82898e+19
235 4 4.82971e+19
236 4 4.82956e+19
237 4 4.82639e+19
238 4 4.82716e+19
239 4 4.82967e+19
240 4 4.83108e+19
241 4 4.83074e+19
242 4 4.82656e+19
243 4 4.82549e+19
244 4 4.82721e+19
245 4 4.82797e+19
246 4 4.82799e+19
247 4 4.83007e+19
248 4 4.82934e+19
249 4 4.82807e+19
189 5 4.97183e+19
190 5 4.97043e+19
191 5 4.97415e+19
192 5 4.97258e+19
193 5 4.97353e+19
194 5 4.97341e+19
195 5 4.97441e+19
196 5 4.98135e+19
197 5 4.97708e+19
198 5 4.97197e+19
199 5 4.97501e+19
200 5 4.97507e+19
201 5 4.9717e+19
202 5 4.97306e+19
203 5 4.97553e+19
204 5 4.97057e+19
205 5 4.9701e+19
206 5 4.97492e+19
207 5 4.9748e+19
208 5 4.97346e+19
209 5 4.97576e+19
210 5 4.976e+19
211 5 4.9725e+19
212 5 4.97297e+19
213 5 4.97227e+19
214 5 4.97658e+19
215 5 4.97849e+19
216 5 4.97387e+19
217 5 4.97491e+19
218 5 4.97211e+19
219 5 4.97098e+19
220 5 4.97285e+19
221 5 4.97601e+19
222 5 4.97794e+19
223 5 4.97542e+19
224 5 4.97408e+19
225 5 4.97103e+19
226 5 4.97188e+19
227 5 4.97289e+19
228 5 4.97527e+19
229 5 4.97976e+19
230 5 4.97582e+19
231 5 4.97301e+19
232 5 4.97383e+19
233 5 4.97507e+19
234 5 4.97437e+19
235 5 4.97273e+19
236 5 4.97479e+19
237 5 4.9745e+19
238 5 4.97451e+19
239 5 4.97404e+19
240 5 4.97378e+19
241 5 4.9748e+19
242 5 4.97576e+19
243 5 4.97442e+19
244 5 4.97323e+19
245 5 4.97375e+19
246 5 4.9722e+19
247 5 4.97398e+19
248 5 4.9759e+19
249 5 4.97592e+19
189 6 5.12433e+19
190 6 5.12117e+19
191 6 5.12024e+19
192 6 5.12291e+19
193 6 5.12101e+19
194 6 5.12092e+19
195 6 5.12497e+19
196 6 5.12593e+19
197 6 5.12592e+19
198 6 5.12336e+19
199 6 5.12183e+19
200 6 5.12379e+19
201 6 5.12427e+19
202 6 5.1249e+19
203 6 5.12315e+19
204 6 5.12274e+19
205 6 5.12448e+19
206 6 5.1218e+19
207 6 5.12005e+19
208 6 5.12268e+19
209 6 5.11988e+19
210 6 5.12341e+19
211 6 5.12581e+19
212 6 5.12302e+19
213 6 5.12264e+19
214 6 5.12195e+19
215 6 5.12185e+19
216 6 5.12221e+19
217 6 5.12039e+19
218 6 5.12019e+19
219 6 5.12422e+19
220 6 5.12148e+19
221 6 5.12275e+19
222 6 5.12625e+19
223 6 5.12166e+19
224 6 5.11979e+19
225 6 5.12192e+19
226 6 5.12198e+19
227 6 5.11932e+19
228 6 5.12018e+19
229 6 5.11952e+19
230 6 5.12023e+19
231 6 5.12638e+19
232 6 5.12229e+19
233 6 5.11981e+19
234 6 5.12268e+19
235 6 5.12182e+19
236 6 5.12394e+19
237 6 5.12446e+19
238 6 5.12278e+19
239 6 5.12141e+19
240 6 5.12105e+19
241 6 5.12249e+19
242 6 5.12359e+19
243 6 5.12714e+19
244 6 5.12536e+19
245 6 5.12306e+19
246 6 5.12411e+19
247 6 5.12242e+19
248 6 5.12246e+19
249 6 5.12233e+19
189 7 5.27469e+19
190 7 5.2748e+19
191 7 5.27247e+19
192 7 5.27404e+19
193 7 5.27423e+19
194 7 5.27495e+19
195 7 5.27624e+19
196 7 5.27354e+19
197 7 5.27539e+19
198 7 5.28054e+19
199 7 5.27934e+19
200 7 5.27376e+19
201 7 5.27766e+19
202 7 5.28097e+19
203 7 5.27623e+19
204 7 5.27529e+19
205 7 5.27743e+19
206 7 5.27686e+19
207 7 5.27456e+19
208 7 5.27557e+19
209 7 5.27627e+19
210 7 5.2775e+19
211 7 5.27802e+19
212 7 5.27661e+19
213 7 5.27871e+19
214 7 5.27749e+19
215 7 5.27451e+19
216 7 5.27363e+19
217 7 5.27031e+19
218 7 5.27403e+19
219 7 5.27804e+19
220 7 5.27377e+19
221 7 5.27222e+19
222 7 5.27311e+19
223 7 5.27373e+19
224 7 5.27361e+19
225 7 5.27802e+19
226 7 5.28029e+19
227 7 5.27736e+19
228 7 5.27547e+19
229 7 5.27217e+19
230 7 5.2739e+19
231 7 5.27603e+19
232 7 5.27426e+19
233 7 5.2724e+19
234 7 5.27581e+19
235 7 5.27605e+19
236 7 5.27178e+19
237 7 5.27613e+19
238 7 5.27865e+19
239 7 5.2766e+19
240 7 5.27579e+19
241 7 5.2754e+19
242 7 5.2747e+19
243 7 5.27426e+19
244 7 5.27727e+19
245 7 5.27667e+19
246 7 5.27532e+19
247 7 5.27644e+19
248 7 5.27482e+19
249 7 5.27572e+19
189 8 5.43261e+19
190 8 5.4363e+19
191 8 5.43408e+19
192 8 5.43505e+19
193 8 5.43352e+19
194 8 5.43198e+19
195 8 5.4324e+19
196 8 5.4303e+19
197 8 5.42803e+19
198 8 5.43224e+19
199 8 5.4364e+19
200 8 5.43297e+19
201 8 5.43308e+19
202 8 5.43363e+19
203 8 5.43621e+19
204 8 5.43204e+19
205 8 5.43005e+19
206 8 5.43828e+19
207 8 5.43604e+19
208 8 5.43247e+19
209 8 5.43444e+19
210 8 5.43317e+19
211 8 5.43587e+19
212 8 5.43611e+19
213 8 5.43418e+19
214 8 5.43749e+19
215 8 5.43601e+19
216 8 5.43291e+19
217 8 5.4339e+19
218 8 5.43328e+19
219 8 5.43217e+19
220 8 5.43395e+19
221 8 5.43199e+19
222 8 5.42754e+19
223 8 5.43233e+19
224 8 5.43464e+19
225 8 5.42998e+19
226 8 5.43217e+19
227 8 5.43754e+19
228 8 5.43547e+19
229 8 5.43518e+19
230 8 5.4365e+19
231 8 5.43221e+19
232 8 5.43404e+19
233 8 5.43332e+19
234 8 5.43355e+19
235 8 5.43284e+19
236 8 5.42941e+19
237 8 5.43437e+19
238 8 5.43289e+19
239 8 5.42937e+19
240 8 5.43101e+19
241 8 5.4321e+19
242 8 5.43249e+19
243 8 5.43058e+19
244 8 5.43038e+19
245 8 5.43453e+19
246 8 5.43501e+19
247 8 5.43428e+19
248 8 5.43508e+19
249 8 5.43401e+19
189 9 5.59486e+19
190 9 5.5954e+19
191 9 5.59618e+19
192 9 5.59486e+19
193 9 5.59308e+19
194 9 5.59474e+19
195 9 5.59293e+19
196 9 5.59305e+19
197 9 5.59394e+19
198 9 5.59051e+19
199 9 5.58911e+19
200 9 5.5947e+19
201 9 5.59639e+19
202 9 5.58992e+19
203 9 5.5905e+19
204 9 5.59537e+19
205 9 5.59199e+19
206 9 5.59116e+19
207 9 5.59521e+19
208 9 5.59387e+19
209 9 5.59093e+19
210 9 5.59032e+19
211 9 5.59373e+19
212 9 5.59514e+19
213 9 5.59412e+19
214 9 5.59369e+19
215 9 5.59464e+19
216 9 5.59793e+19
217 9 5.59613e+19
218 9 5.593e+19
219 9 5.59353e+19
220 9 5.59855e+19
221 9 5.60072e+19
222 9 5.59581e+19
223 9 5.5947e+19
224 9 5.59837e+19
225 9 5.59493e+19
226 9 5.59282e+19
227 9 5.59558e+19
228 9 5.59647e+19
229 9 5.59333e+19
230 9 5.5906e+19
231 9 5.59414e+19
232 9 5.59513e+19
233 9 5.59513e+19
234 9 5.59376e+19
235 9 5.59395e+19
236 9 5.59461e+19
237 9 5.59282e+19
238 9 5.59242e+19
239 9 5.59443e+19
240 9 5.59317e+19
241 9 5.59139e+19
242 9 5.59347e+19
243 9 5.59458e+19
244 9 5.59287e+19
245 9 5.59271e+19
246 9 5.59421e+19
247 9 5.593e+19
248 9 5.59245e+19
249 9 5.59279e+19
189 10 5.75706e+19
190 10 5.75522e+19
191 10 5.76299e+19
192 10 5.76114e+19
193 10 5.75811e+19
194 10 5.76021e+19
195 10 5.75895e+19
196 10 5.7577e+19
197 10 5.75946e+19
198 10 5.76163e+19
199 10 5.75832e+19
200 10 5.7591e+19
201 10 5.76035e+19
202 10 5.75764e+19
203 10 5.75466e+19
204 10 5.75799e+19
205 10 5.76341e+19
206 10 5.75602e+19
207 10 5.75673e+19
208 10 5.76037e+19
209 10 5.76082e+19
210 10 5.76032e+19
211 10 5.75677e+19
212 10 5.75723e+19
213 10 5.75729e+19
214 10 5.75672e+19
215 10 5.75814e+19
216 10 5.76276e+19
217 10 5.76225e+19
218 10 5.75946e+19
219 10 5.75883e+19
220 10 5.75848e+19
221 10 5.76249e+19
222 10 5.76165e+19
223 10 5.75966e+19
224 10 5.76093e+19
225 10 5.76151e+19
226 10 5.75963e+19
227 10 5.75679e+19
228 10 5.75975e+19
229 10 5.76231e+19
230 10 5.75787e+19
231 10 5.75873e+19
232 10 5.76235e+19
233 10 5.76261e+19
234 10 5.76049e+19
235 10 5.76104e+19
236 10 5.76277e+19
237 10 5.75981e+19
238 10 5.76263e+19
239 10 5.76554e+19
240 10 5.76244e+19
241 10 5.75879e+19
242 10 5.75856e+19
243 10 5.76347e+19
244 10 5.76413e+19
245 10 5.75741e+19
246 10 5.75674e+19
247 10 5.76132e+19
248 10 5.75979e+19
249 10 5.75802e+19
189 11 5.92803e+19
190 11 5.92809e+19
191 11 5.93281e+19
192 11 5.93486e+19
193 11 5.93355e+19
194 11 5.9311e+19
195 11 5.93293e+19
196 11 5.93067e+19
197 11 5.9283e+19
198 11 5.93213e+19
199 11 5.93299e+19
200 11 5.93162e+19
201 11 5.93011e+19
202 11 5.93307e+19
203 11 5.93209e+19
204 11 5.92853e+19
205 11 5.93125e+19
206 11 5.93211e+19
207 11 5.93178e+19
208 11 5.93073e+19
209 11 5.93058e+19
210 11 5.92977e+19
211 11 5.92601e+19
212 11 5.92345e+19
213 11 5.92697e+19
214 11 5.93354e+19
215 11 5.92929e+19
216 11 5.92675e+19
217 11 5.93249e+19
218 11 5.93113e+19
219 11 5.92924e+19
220 11 5.92987e+19
221 11 5.92908e+19
222 11 5.92837e+19
223 11 5.92759e+19
224 11 5.92687e+19
225 11 5.93133e+19
226 11 5.93169e+19
227 11 5.92967e+19
228 11 5.92995e+19
229 11 5.93104e+19
230 11 5.93391e+19
231 11 5.93059e+19
232 11 5.92976e+19
233 11 5.9302e+19
234 11 5.92979e+19
235 11 5.93095e+19
236 11 5.93022e+19
237 11 5.92553e+19
238 11 5.9248e+19
239 11 5.92513e+19
240 11 5.93089e+19
241 11 5.93581e+19
242 11 5.92775e+19
243 11 5.92773e+19
244 11 5.93423e+19
245 11 5.93449e+19
246 11 5.93129e+19
247 11 5.92896e+19
248 11 5.92921e+19
249 11 5.93254e+19
189 12 6.10327e+19
190 12 6.10564e+19
191 12 6.10375e+19
192 12 6.10612e+19
193 12 6.10826e+19
194 12 6.10642e+19
195 12 6.10569e+19
196 12 6.10912e+19
197 12 6.10793e+19
198 12 6.10538e+19
199 12 6.10573e+19
200 12 6.10464e+19
201 12 6.10605e+19
202 12 6.10875e+19
203 12 6.11007e+19
204 12 6.10975e+19
205 12 6.10553e+19
206 12 6.10631e+19
207 12 6.10686e+19
208 12 6.10313e+19
209 12 6.10194e+19
210 12 6.10405e+19
211 12 6.10783e+19
212 12 6.10578e+19
213 12 6.10361e+19
214 12 6.10376e+19
215 12 6.10564e+19
216 12 6.10371e+19
217 12 6.10327e+19
218 12 6.10702e+19
219 12 6.10447e+19
220 12 6.10528e+19
221 12 6.10333e+19
222 12 6.10274e+19
223 12 6.10425e+19
224 12 6.10313e+19
225 12 6.10333e+19
226 12 6.10245e+19
227 12 6.10087e+19
228 12 6.0986e+19
229 12 6.10157e+19
230 12 6.10409e+19
231 12 6.10421e+19
232 12 6.10393e+19
233 12 6.10072e+19
234 12 6.10044e+19
235 12 6.10298e+19
236 12 6.10438e+19
237 12 6.10218e+19
238 12 6.10041e+19
239 12 6.09939e+19
240 12 6.10237e+19
241 12 6.10827e+19
242 12 6.10426e+19
243 12 6.09791e+19
244 12 6.09988e+19
245 12 6.10273e+19
246 12 6.10522e+19
247 12 6.09993e+19
248 12 6.09965e+19
249 12 6.10356e+19
189 13 6.28634e+19
190 13 6.2843e+19
191 13 6.27842e+19
192 13 6.28254e+19
193 13 6.2826e+19
194 13 6.28212e+19
195 13 6.28572e+19
196 13 6.28443e+19
197 13 6.28237e+19
198 13 6.28221e+19
199 13 6.28517e+19
200 13 6.28406e+19
201 13 6.28319e+19
202 13 6.28583e+19
203 13 6.28798e+19
204 13 6.28654e+19
205 13 6.28058e+19
206 13 6.27969e+19
207 13 6.28085e+19
208 13 6.28575e+19
209 13 6.28753e+19
210 13 6.28638e+19
211 13 6.28477e+19
212 13 6.28501e+19
213 13 6.28501e+19
214 13 6.28059e+19
215 13 6.28391e+19
216 13 6.28231e+19
217 13 6.28284e+19
218 13 6.28812e+19
219 13 6.2824e+19
220 13 6.2779e+19
221 13 6.28099e+19
222 13 6.28497e+19
223 13 6.28687e+19
224 13 6.28652e+19
225 13 6.28357e+19
226 13 6.28252e+19
227 13 6.28349e+19
228 13 6.28452e+19
229 13 6.28625e+19
230 13 6.28297e+19
231 13 6.28479e+19
232 13 6.28587e+19
233 13 6.28339e+19
234 13 6.28438e+19
235 13 6.28273e+19
236 13 6.28176e+19
237 13 6.28381e+19
238 13 6.28601e+19
239 13 6.28803e+19
240 13 6.28355e+19
241 13 6.28055e+19
242 13 6.28445e+19
243 13 6.28398e+19
244 13 6.28171e+19
245 13 6.28225e+19
246 13 6.28435e+19
247 13 6.2862e+19
248 13 6.28601e+19
249 13 6.28096e+19
189 14 6.47173e+19
190 14 6.47055e+19
191 14 6.46885e+19
192 14 6.46778e+19
193 14 6.46735e+19
194 14 6.4675e+19
195 14 6.47078e+19
196 14 6.47051e+19
197 14 6.46987e+19
198 14 6.46503e+19
199 14 6.46543e+19
200 14 6.47057e+19
201 14 6.46946e+19
202 14 6.46413e+19
203 14 6.46268e+19
204 14 6.46392e+19
205 14 6.46491e+19
206 14 6.46931e+19
207 14 6.46771e+19
208 14 6.47012e+19
209 14 6.47096e+19
210 14 6.46589e+19
211 14 6.46214e+19
212 14 6.46568e+19
213 14 6.47187e+19
214 14 6.47381e+19
215 14 6.46765e+19
216 14 6.46618e+19
217 14 6.47159e+19
218 14 6.46745e+19
219 14 6.47039e+19
220 14 6.47381e+19
221 14 6.47021e+19
222 14 6.46935e+19
223 14 6.47021e+19
224 14 6.46993e+19
225 14 6.47028e+19
226 14 6.47201e+19
227 14 6.47531e+19
228 14 6.47807e+19
229 14 6.47133e+19
230 14 6.46887e+19
231 14 6.46669e+19
232 14 6.46411e+19
233 14 6.46871e+19
234 14 6.47056e+19
235 14 6.46994e+19
236 14 6.46675e+19
237 14 6.47043e+19
238 14 6.4726e+19
239 14 6.4708e+19
240 14 6.47426e+19
241 14 6.4712e+19
242 14 6.46921e+19
243 14 6.47015e+19
244 14 6.46952e+19
245 14 6.47089e+19
246 14 6.46489e+19
247 14 6.46821e+19
248 14 6.47156e+19
249 14 6.46674e+19
189 15 6.66225e+19
190 15 6.66311e+19
191 15 6.662e+19
192 15 6.65893e+19
193 15 6.66115e+19
194 15 6.65889e+19
195 15 6.65611e+19
196 15 6.65787e+19
197 15 6.65906e+19
198 15 6.65888e+19
199 15 6.6575e+19
200 15 6.66001e+19
201 15 6.66038e+19
202 15 6.6533e+19
203 15 6.65226e+19
204 15 6.65734e+19
205 15 6.66144e+19
206 15 6.66086e+19
207 15 6.65975e+19
208 15 6.65703e+19
209 15 6.65619e+19
210 15 6.65849e+19
211 15 6.66066e+19
212 15 6.66202e+19
213 15 6.65878e+19
214 15 6.65842e+19
215 15 6.66159e+19
216 15 6.66374e+19
217 15 6.65847e+19
218 15 6.65447e+19
219 15 6.66092e+19
220 15 6.66306e+19
221 15 6.66236e+19
222 15 6.66044e+19
223 15 6.65542e+19
224 15 6.65519e+19
225 15 6.66007e+19
226 15 6.65852e+19
227 15 6.65505e+19
228 15 6.65756e+19
229 15 6.6536e+19
230 15 6.65696e+19
231 15 6.65585e+19
232 15 6.65331e+19
233 15 6.65629e+19
234 15 6.65441e+19
235 15 6.65729e+19
236 15 6.66034e+19
237 15 6.66043e+19
238 15 6.6573e+19
239 15 6.65198e+19
240 15 6.65718e+19
241 15 6.6591e+19
242 15 6.65862e+19
243 15 6.66283e+19
244 15 6.65635e+19
245 15 6.65437e+19
246 15 6.65731e+19
247 15 6.65704e+19
248 15 6.65828e+19
249 15 6.65823e+19
189 16 6.8554e+19
190 16 6.854e+19
191 16 6.85244e+19
192 16 6.85503e+19
193 16 6.85676e+19
194 16 6.85085e+19
195 16 6.84805e+19
196 16 6.84977e+19
197 16 6.84936e+19
198 16 6.85542e+19
199 16 6.85856e+19
200 16 6.85236e+19
201 16 6.8482e+19
202 16 6.85293e+19
203 16 6.85763e+19
204 16 6.85645e+19
205 16 6.85171e+19
206 16 6.85311e+19
207 16 6.85514e+19
208 16 6.85043e+19
209 16 6.85308e+19
210 16 6.85676e+19
211 16 6.85691e+19
212 16 6.85523e+19
213 16 6.85478e+19
214 16 6.8518e+19
215 16 6.85245e+19
216 16 6.85042e+19
217 16 6.84592e+19
218 16 6.85444e+19
219 16 6.85279e+19
220 16 6.84717e+19
221 16 6.8525e+19
222 16 6.85326e+19
223 16 6.85032e+19
224 16 6.85109e+19
225 16 6.85144e+19
226 16 6.84984e+19
227 16 6.8519e+19
228 16 6.85086e+19
229 16 6.85288e+19
230 16 6.85628e+19
231 16 6.85531e+19
232 16 6.85637e+19
233 16 6.85527e+19
234 16 6.85575e+19
235 16 6.85443e+19
236 16 6.85639e+19
237 16 6.85774e+19
238 16 6.85543e+19
239 16 6.85204e+19
240 16 6.84632e+19
241 16 6.84983e+19
242 16 6.85363e+19
243 16 6.85466e+19
244 16 6.85583e+19
245 16 6.85455e+19
246 16 6.85701e+19
247 16 6.85363e+19
248 16 6.85166e+19
249 16 6.85659e+19
189 17 7.05304e+19
190 17 7.04976e+19
191 17 7.05308e+19
192 17 7.05333e+19
193 17 7.05259e+19
194 17 7.05591e+19
195 17 7.05602e+19
196 17 7.05563e+19
197 17 7.05607e+19
198 17 7.05361e+19
199 17 7.05248e+19
200 17 7.0505e+19
201 17 7.04834e+19
202 17 7.05103e+19
203 17 7.05167e+19
204 17 7.05094e+19
205 17 7.05438e+19
206 17 7.05497e+19
207 17 7.05521e+19
208 17 7.0573e+19
209 17 7.05596e+19
210 17 7.0524e+19
211 17 7.05316e+19
212 17 7.05603e+19
213 17 7.05674e+19
214 17 7.05326e+19
215 17 7.05063e+19
216 17 7.0515e+19
217 17 7.05311e+19
218 17 7.05487e+19
219 17 7.05437e+19
220 17 7.05359e+19
221 17 7.04844e+19
222 17 7.05441e+19
223 17 7.06246e+19
224 17 7.05873e+19
225 17 7.05449e+19
226 17 7.05565e+19
227 17 7.05956e+19
228 17 7.05277e+19
229 17 7.05155e+19
230 17 7.0482e+19
231 17 7.05062e+19
232 17 7.05766e+19
233 17 7.05861e+19
234 17 7.05893e+19
235 17 7.05803e+19
236 17 7.05586e+19
237 17 7.05327e+19
238 17 7.05533e+19
239 17 7.0596e+19
240 17 7.05843e+19
241 17 7.05612e+19
242 17 7.05389e+19
243 17 7.05033e+19
244 17 7.05692e+19
245 17 7.05516e+19
246 17 7.05246e+19
247 17 7.05526e+19
248 17 7.05376e+19
249 17 7.04956e+19
189 18 7.25799e+19
190 18 7.25794e+19
191 18 7.25942e+19
192 18 7.25485e+19
193 18 7.25305e+19
194 18 7.26061e+19
195 18 7.25826e+19
196 18 7.25599e+19
197 18 7.25928e+19
198 18 7.25768e+19
199 18 7.25443e+19
200 18 7.25485e+19
201 18 7.26009e+19
202 18 7.26102e+19
203 18 7.25873e+19
204 18 7.25843e+19
205 18 7.2587e+19
206 18 7.25521e+19
207 18 7.25813e+19
208 18 7.26388e+19
209 18 7.25714e+19
210 18 7.25384e+19
211 18 7.25842e+19
212 18 7.2605e+19
213 18 7.25848e+19
214 18 7.25778e+19
215 18 7.26113e+19
216 18 7.25942e+19
217 18 7.25919e+19
218 18 7.25797e+19
219 18 7.25647e+19
220 18 7.25678e+19
221 18 7.25437e+19
222 18 7.26014e+19
223 18 7.26294e+19
224 18 7.25893e+19
225 18 7.26015e+19
226 18 7.26222e+19
227 18 7.25847e+19
228 18 7.25937e+19
229 18 7.25999e+19
230 18 7.25452e+19
231 18 7.25793e+19
232 18 7.25936e+19
233 18 7.25928e+19
234 18 7.25455e+19
235 18 7.25354e+19
236 18 7.25797e+19
237 18 7.25317e+19
238 18 7.25313e+19
239 18 7.26063e+19
240 18 7.2609e+19
241 18 7.25637e+19
242 18 7.2581e+19
243 18 7.25578e+19
244 18 7.25721e+19
245 18 7.25898e+19
246 18 7.25963e+19
247 18 7.26318e+19
248 18 7.2634e+19
249 18 7.25882e+19
189 19 7.46455e+19
190 19 7.46913e+19
191 19 7.47108e+19
192 19 7.47327e+19
193 19 7.47192e+19
194 19 7.46805e+19
195 19 7.46402e+19
196 19 7.4669e+19
197 19 7.47423e+19
198 19 7.47362e+19
199 19 7.47034e+19
200 19 7.4716e+19
201 19 7.47548e+19
202 19 7.4743e+19
203 19 7.47193e+19
204 19 7.46839e+19
205 19 7.46589e+19
206 19 7.46807e+19
207 19 7.46915e+19
208 19 7.47225e+19
209 19 7.47146e+19
210 19 7.46965e+19
211 19 7.46754e+19
212 19 7.46511e+19
213 19 7.46892e+19
214 19 7.47031e+19
215 19 7.46698e+19
216 19 7.47067e+19
217 19 7.47291e+19
218 19 7.47076e+19
219 19 7.47087e+19
220 19 7.4689e+19
221 19 7.46895e+19
222 19 7.46883e+19
223 19 7.46677e+19
224 19 7.46746e+19
225 19 7.46788e+19
226 19 7.46495e+19
227 19 7.46431e+19
228 19 7.4719e+19
229 19 7.47436e+19
230 19 7.47639e+19
231 19 7.47245e+19
232 19 7.47025e+19
233 19 7.47255e+19
234 19 7.46522e+19
235 19 7.46287e+19
236 19 7.46551e+19
237 19 7.46832e+19
238 19 7.46788e+19
239 19 7.46689e+19
240 19 7.4682e+19
241 19 7.46829e+19
242 19 7.47178e+19
243 19 7.46952e+19
244 19 7.46516e+19
245 19 7.46962e+19
246 19 7.46726e+19
247 19 7.46418e+19
248 19 7.46789e+19
249 19 7.47751e+19
189 20 7.68404e+19
190 20 7.68498e+19
191 20 7.68315e+19
192 20 7.68637e+19
193 20 7.69198e+19
194 20 7.68759e+19
195 20 7.69086e+19
196 20 7.69279e+19
197 20 7.68754e+19
198 20 7.68986e+19
199 20 7.69143e+19
200 20 7.68839e+19
201 20 7.68593e+19
202 20 7.68673e+19
203 20 7.68288e+19
204 20 7.68219e+19
205 20 7.68469e+19
206 20 7.68649e+19
207 20 7.68597e+19
208 20 7.68272e+19
209 20 7.68772e+19
210 20 7.69002e+19
211 20 7.68757e+19
212 20 7.68426e+19
213 20 7.68505e+19
214 20 7.68706e+19
215 20 7.6807e+19
216 20 7.68543e+19
217 20 7.68789e+19
218 20 7.68533e+19
219 20 7.68709e+19
220 20 7.68847e+19
221 20 7.69234e+19
222 20 7.68972e+19
223 20 7.68708e+19
224 20 7.68729e+19
225 20 7.68317e+19
226 20 7.68244e+19
227 20 7.68291e+19
228 20 7.68199e+19
229 20 7.68522e+19
230 20 7.68982e+19
231 20 7.68713e+19
232 20 7.68327e+19
233 20 7.68212e+19
234 20 7.6833e+19
235 20 7.68513e+19
236 20 7.68206e+19
237 20 7.68446e+19
238 20 7.68606e+19
239 20 7.685e+19
240 20 7.6874e+19
241 20 7.69173e+19
242 20 7.68651e+19
243 20 7.68558e+19
244 20 7.68333e+19
245 20 7.68319e+19
246 20 7.68343e+19
247 20 7.67554e+19
248 20 7.67654e+19
249 20 7.68207e+19
189 21 7.90602e+19
190 21 7.90627e+19
191 21 7.90568e+19
192 21 7.90239e+19
193 21 7.9045e+19
194 21 7.91039e+19
195 21 7.91139e+19
196 21 7.912e+19
197 21 7.90779e+19
198 21 7.90328e+19
199 21 7.90711e+19
200 21 7.90946e+19
201 21 7.90432e+19
202 21 7.90712e+19
203 21 7.91227e+19
204 21 7.90965e+19
205 21 7.9061e+19
206 21 7.9066e+19
207 21 7.91016e+19
208 21 7.90725e+19
209 21 7.90683e+19
210 21 7.91064e+19
211 21 7.90948e+19
212 21 7.90506e+19
213 21 7.90199e+19
214 21 7.91244e+19
215 21 7.91653e+19
216 21 7.91008e+19
217 21 7.90665e+19
218 21 7.90398e+19
219 21 7.90473e+19
220 21 7.90945e+19
221 21 7.91704e+19
222 21 7.91055e+19
223 21 7.90059e+19
224 21 7.90433e+19
225 21 7.90794e+19
226 21 7.91045e+19
227 21 7.91101e+19
228 21 7.90383e+19
229 21 7.90458e+19
230 21 7.90638e+19
231 21 7.9108e+19
232 21 7.91073e+19
233 21 7.90554e+19
234 21 7.90562e+19
235 21 7.90945e+19
236 21 7.91185e+19
237 21 7.9088e+19
238 21 7.90964e+19
239 21 7.90817e+19
240 21 7.9061e+19
241 21 7.90802e+19
242 21 7.90776e+19
243 21 7.90938e+19
244 21 7.90748e+19
245 21 7.90467e+19
246 21 7.91393e+19
247 21 7.91372e+19
248 21 7.90751e+19
249 21 7.90589e+19
189 22 8.14104e+19
190 22 8.13852e+19
191 22 8.13764e+19
192 22 8.1377e+19
193 22 8.1342e+19
194 22 8.13113e+19
195 22 8.12932e+19
196 22 8.13134e+19
197 22 8.13514e+19
198 22 8.12973e+19
199 22 8.13144e+19
200 22 8.13816e+19
201 22 8.13653e+19
202 22 8.13553e+19
203 22 8.13658e+19
204 22 8.13704e+19
205 22 8.13845e+19
206 22 8.13759e+19
207 22 8.14076e+19
208 22 8.14175e+19
209 22 8.13395e+19
210 22 8.13594e+19
211 22 8.13592e+19
212 22 8.13464e+19
213 22 8.1408e+19
214 22 8.14039e+19
215 22 8.14443e+19
216 22 8.1409e+19
217 22 8.13369e+19
218 22 8.13331e+19
219 22 8.13653e+19
220 22 8.13889e+19
221 22 8.13686e+19
222 22 8.13691e+19
223 22 8.13713e+19
224 22 8.1372e+19
225 22 8.1368e+19
226 22 8.13964e+19
227 22 8.14502e+19
228 22 8.14113e+19
229 22 8.13291e+19
230 22 8.12979e+19
231 22 8.13162e+19
232 22 8.13883e+19
233 22 8.13813e+19
234 22 8.13573e+19
235 22 8.1356e+19
236 22 8.13575e+19
237 22 8.13839e+19
238 22 8.13668e+19
239 22 8.13152e+19
240 22 8.13044e+19
241 22 8.13107e+19
242 22 8.1346e+19
243 22 8.13473e+19
244 22 8.13814e+19
245 22 8.13732e+19
246 22 8.13667e+19
247 22 8.14247e+19
248 22 8.13536e+19
249 22 8.13417e+19
189 23 8.37711e+19
190 23 8.3748e+19
191 23 8.36897e+19
192 23 8.37078e+19
193 23 8.37174e+19
194 23 8.36717e+19
195 23 8.36913e+19
196 23 8.36858e+19
197 23 8.36481e+19
198 23 8.36743e+19
199 23 8.37194e+19
200 23 8.37057e+19
201 23 8.36911e+19
202 23 8.36944e+19
203 23 8.36797e+19
204 23 8.3721e+19
205 23 8.37093e+19
206 23 8.36747e+19
207 23 8.36641e+19
208 23 8.3654e+19
209 23 8.36419e+19
210 23 8.3661e+19
211 23 8.37381e+19
212 23 8.37485e+19
213 23 8.37407e+19
214 23 8.36813e+19
215 23 8.362e+19
216 23 8.36127e+19
217 23 8.36643e+19
218 23 8.37209e+19
219 23 8.36967e+19
220 23 8.36955e+19
221 23 8.36758e+19
222 23 8.36922e+19
223 23 8.37392e+19
224 23 8.37221e+19
225 23 8.37202e+19
226 23 8.36881e+19
227 23 8.36489e+19
228 23 8.36951e+19
229 23 8.37241e+19
230 23 8.37231e+19
231 23 8.36899e+19
232 23 8.36516e+19
233 23 8.3628e+19
234 23 8.37076e+19
235 23 8.37136e+19
236 23 8.36484e+19
237 23 8.37127e+19
238 23 8.37442e+19
239 23 8.37045e+19
240 23 8.36953e+19
241 23 8.37104e+19
242 23 8.36983e+19
243 23 8.36257e+19
244 23 8.36451e+19
245 23 8.36873e+19
246 23 8.36385e+19
247 23 8.36503e+19
248 23 8.36694e+19
249 23 8.37313e+19
189 24 8.60287e+19
190 24 8.60608e+19
191 24 8.6108e+19
192 24 8.60674e+19
193 24 8.60972e+19
194 24 8.61738e+19
195 24 8.61715e+19
196 24 8.6165e+19
197 24 8.61677e+19
198 24 8.62033e+19
199 24 8.61756e+19
200 24 8.60913e+19
201 24 8.61192e+19
202 24 8.61352e+19
203 24 8.60989e+19
204 24 8.61391e+19
205 24 8.61586e+19
206 24 8.61765e+19
207 24 8.61413e+19
208 24 8.60966e+19
209 24 8.61447e+19
210 24 8.61266e+19
211 24 8.61374e+19
212 24 8.61147e+19
213 24 8.60321e+19
214 24 8.60923e+19
215 24 8.60788e+19
216 24 8.60478e+19
217 24 8.61222e+19
218 24 8.61265e+19
219 24 8.60853e+19
220 24 8.6096e+19
221 24 8.61022e+19
222 24 8.61035e+19
223 24 8.61026e+19
224 24 8.61009e+19
225 24 8.61056e+19
226 24 8.60792e+19
227 24 8.60633e+19
228 24 8.60732e+19
229 24 8.60635e+19
230 24 8.6099e+19
231 24 8.61494e+19
232 24 8.61447e+19
233 24 8.61363e+19
234 24 8.61201e+19
235 24 8.61085e+19
236 24 8.60633e+19
237 24 8.60414e+19
238 24 8.60964e+19
239 24 8.61243e+19
240 24 8.61499e+19
241 24 8.6144e+19
242 24 8.61044e+19
243 24 8.61192e+19
244 24 8.60872e+19
245 24 8.60946e+19
246 24 8.60761e+19
247 24 8.60628e+19
248 24 8.61327e+19
249 24 8.61484e+19
189 25 8.8566e+19
190 25 8.85609e+19
191 25 8.85995e+19
192 25 8.859e+19
193 25 8.85709e+19
194 25 8.86032e+19
195 25 8.86012e+19
196 25 8.85624e+19
197 25 8.85742e+19
198 25 8.86117e+19
199 25 8.85957e+19
200 25 8.8539e+19
201 25 8.85827e+19
202 25 8.86158e+19
203 25 8.85829e+19
204 25 8.86116e+19
205 25 8.86433e+19
206 25 8.86448e+19
207 25 8.86231e+19
208 25 8.85954e+19
209 25 8.86193e+19
210 25 8.86272e+19
211 25 8.85781e+19
212 25 8.85687e+19
213 25 8.86129e+19
214 25 8.85869e+19
215 25 8.86186e+19
216 25 8.86062e+19
217 25 8.85514e+19
218 25 8.86003e+19
219 25 8.86186e+19
220 25 8.85871e+19
221 25 8.85641e+19
222 25 8.8579e+19
223 25 8.85941e+19
224 25 8.85941e+19
225 25 8.85655e+19
226 25 8.85789e+19
227 25 8.85795e+19
228 25 8.85978e+19
229 25 8.85969e+19
230 25 8.85791e+19
231 25 8.85874e+19
232 25 8.8624e+19
233 25 8.86491e+19
234 25 8.8605e+19
235 25 8.85806e+19
236 25 8.85909e+19
237 25 8.8548e+19
238 25 8.84808e+19
239 25 8.85489e+19
240 25 8.85489e+19
241 25 8.85162e+19
242 25 8.85568e+19
243 25 8.8632e+19
244 25 8.86229e+19
245 25 8.85517e+19
246 25 8.85469e+19
247 25 8.85683e+19
248 25 8.85708e+19
249 25 8.85241e+19
189 26 9.1173e+19
190 26 9.11714e+19
191 26 9.11237e+19
192 26 9.11304e+19
193 26 9.11078e+19
194 26 9.10868e+19
195 26 9.11286e+19
196 26 9.11111e+19
197 26 9.10744e+19
198 26 9.10645e+19
199 26 9.10399e+19
200 26 9.10976e+19
201 26 9.11564e+19
202 26 9.11289e+19
203 26 9.11302e+19
204 26 9.11261e+19
205 26 9.11283e+19
206 26 9.11307e+19
207 26 9.10526e+19
208 26 9.10438e+19
209 26 9.10826e+19
210 26 9.10274e+19
211 26 9.10671e+19
212 26 9.11709e+19
213 26 9.11304e+19
214 26 9.10679e+19
215 26 9.11092e+19
216 26 9.11406e+19
217 26 9.11253e+19
218 26 9.11628e+19
219 26 9.11447e+19
220 26 9.10978e+19
221 26 9.11092e+19
222 26 9.11117e+19
223 26 9.11006e+19
224 26 9.11084e+19
225 26 9.11471e+19
226 26 9.11131e+19
227 26 9.10774e+19
228 26 9.11202e+19
229 26 9.11399e+19
230 26 9.11301e+19
231 26 9.11412e+19
232 26 9.10712e+19
233 26 9.10667e+19
234 26 9.1143e+19
235 26 9.11903e+19
236 26 9.11988e+19
237 26 9.11608e+19
238 26 9.11198e+19
239 26 9.11196e+19
240 26 9.10688e+19
241 26 9.1019e+19
242 26 9.11002e+19
243 26 9.11057e+19
244 26 9.11249e+19
245 26 9.10625e+19
246 26 9.10683e+19
247 26 9.11442e+19
248 26 9.11195e+19
249 26 9.11037e+19
189 27 9.3763e+19
190 27 9.37798e+19
191 27 9.37126e+19
192 27 9.37305e+19
193 27 9.37011e+19
194 27 9.36768e+19
195 27 9.37118e+19
196 27 9.37256e+19
197 27 9.37269e+19
198 27 9.37518e+19
199 27 9.36918e+19
200 27 9.36999e+19
201 27 9.37404e+19
202 27 9.36857e+19
203 27 9.36745e+19
204 27 9.36265e+19
205 27 9.36363e+19
206 27 9.36711e+19
207 27 9.37137e+19
208 27 9.37148e+19
209 27 9.36912e+19
210 27 9.3665e+19
211 27 9.36412e+19
212 27 9.37012e+19
213 27 9.37097e+19
214 27 9.36719e+19
215 27 9.36599e+19
216 27 9.3725e+19
217 27 9.37004e+19
218 27 9.36023e+19
219 27 9.36443e+19
220 27 9.37276e+19
221 27 9.37626e+19
222 27 9.37703e+19
223 27 9.3706e+19
224 27 9.36823e+19
225 27 9.37576e+19
226 27 9.375e+19
227 27 9.37516e+19
228 27 9.3696e+19
229 27 9.36291e+19
230 27 9.3628e+19
231 27 9.36387e+19
232 27 9.36588e+19
233 27 9.36773e+19
234 27 9.3719e+19
235 27 9.36975e+19
236 27 9.36619e+19
237 27 9.36605e+19
238 27 9.37199e+19
239 27 9.37143e+19
240 27 9.36652e+19
241 27 9.36795e+19
242 27 9.36825e+19
243 27 9.36866e+19
244 27 9.37096e+19
245 27 9.37463e+19
246 27 9.37269e+19
247 27 9.37166e+19
248 27 9.37608e+19
249 27 9.37356e+19
189 28 9.63178e+19
190 28 9.62975e+19
191 28 9.63477e+19
192 28 9.63511e+19
193 28 9.63384e+19
194 28 9.63354e+19
195 28 9.63488e+19
196 28 9.63456e+19
197 28 9.6337e+19
198 28 9.63474e+19
199 28 9.63986e+19
200 28 9.64101e+19
201 28 9.63617e+19
202 28 9.6325e+19
203 28 9.63424e+19
204 28 9.63625e+19
205 28 9.6341e+19
206 28 9.63128e+19
207 28 9.63731e+19
208 28 9.64234e+19
209 28 9.63261e+19
210 28 9.63528e+19
211 28 9.64029e+19
212 28 9.63792e+19
213 28 9.6405e+19
214 28 9.64045e+19
215 28 9.63726e+19
216 28 9.63847e+19
217 28 9.64068e+19
218 28 9.63317e+19
219 28 9.63991e+19
220 28 9.64149e+19
221 28 9.63024e+19
222 28 9.63163e+19
223 28 9.63624e+19
224 28 9.63688e+19
225 28 9.63489e+19
226 28 9.63798e+19
227 28 9.63859e+19
228 28 9.63584e+19
229 28 9.63838e+19
230 28 9.64018e+19
231 28 9.63334e+19
232 28 9.6379e+19
233 28 9.64711e+19
234 28 9.63962e+19
235 28 9.63091e+19
236 28 9.63448e+19
237 28 9.64017e+19
238 28 9.63636e+19
239 28 9.63824e+19
240 28 9.64405e+19
241 28 9.64443e+19
242 28 9.63623e+19
243 28 9.63479e+19
244 28 9.63798e+19
245 28 9.64014e+19
246 28 9.63787e+19
247 28 9.63216e+19
248 28 9.63572e+19
249 28 9.63649e+19
189 29 9.90694e+19
190 29 9.90686e+19
191 29 9.91082e+19
192 29 9.90508e+19
193 29 9.9093e+19
194 29 9.91174e+19
195 29 9.91016e+19
196 29 9.91158e+19
197 29 9.9082e+19
198 29 9.9099e+19
199 29 9.91791e+19
200 29 9.91566e+19
201 29 9.90947e+19
202 29 9.91324e+19
203 29 9.91551e+19
204 29 9.91704e+19
205 29 9.91449e+19
206 29 9.91817e+19
207 29 9.91434e+19
208 29 9.90766e+19
209 29 9.90776e+19
210 29 9.91199e+19
211 29 9.92006e+19
212 29 9.91769e+19
213 29 9.91152e+19
214 29 9.91379e+19
215 29 9.9194e+19
216 29 9.91116e+19
217 29 9.90819e+19
218 29 9.9191e+19
219 29 9.92142e+19
220 29 9.90806e+19
221 29 9.90339e+19
222 29 9.90724e+19
223 29 9.90909e+19
224 29 9.91203e+19
225 29 9.90591e+19
226 29 9.90675e+19
227 29 9.91203e+19
228 29 9.91542e+19
229 29 9.91741e+19
230 29 9.91504e+19
231 29 9.91285e+19
232 29 9.90688e+19
233 29 9.90815e+19
234 29 9.90873e+19
235 29 9.91031e+19
236 29 9.91442e+19
237 29 9.91566e+19
238 29 9.91714e+19
239 29 9.91634e+19
240 29 9.9193e+19
241 29 9.91579e+19
242 29 9.91117e+19
243 29 9.90552e+19
244 29 9.90736e+19
245 29 9.90958e+19
246 29 9.90591e+19
247 29 9.90569e+19
248 29 9.90457e+19
249 29 9.91155e+19
189 30 1.01969e+20
190 30 1.02e+20
191 30 1.01946e+20
192 30 1.01965e+20
193 30 1.01969e+20
194 30 1.01929e+20
195 30 1.01902e+20
196 30 1.01896e+20
197 30 1.01903e+20
198 30 1.01941e+20
199 30 1.01941e+20
200 30 1.01899e+20
201 30 1.01938e+20
202 30 1.01972e+20
203 30 1.01943e+20
204 30 1.01936e+20
205 30 1.01913e+20
206 30 1.01944e+20
207 30 1.0194e+20
208 30 1.01909e+20
209 30 1.01968e+20
210 30 1.01971e+20
211 30 1.01856e+20
212 30 1.01802e+20
213 30 1.01897e+20
214 30 1.0191e+20
215 30 1.01926e+20
216 30 1.01919e+20
217 30 1.01848e+20
218 30 1.01906e+20
219 30 1.01885e+20
220 30 1.01923e+20
221 30 1.02024e+20
222 30 1.01988e+20
223 30 1.01923e+20
224 30 1.01945e+20
225 30 1.01923e+20
226 30 1.01896e+20
227 30 1.01931e+20
228 30 1.01979e+20
229 30 1.01946e+20
230 30 1.01839e+20
231 30 1.01873e+20
232 30 1.01927e+20
233 30 1.019e+20
234 30 1.01917e+20
235 30 1.01885e+20
236 30 1.01869e+20
237 30 1.01892e+20
238 30 1.0192e+20
239 30 1.01954e+20
240 30 1.01916e+20
241 30 1.01915e+20
242 30 1.01953e+20
243 30 1.01935e+20
244 30 1.01892e+20
245 30 1.01937e+20
246 30 1.01933e+20
247 30 1.01953e+20
248 30 1.0197e+20
249 30 1.01946e+20
189 31 1.04796e+20
190 31 1.04794e+20
191 31 1.04815e+20
192 31 1.04861e+20
193 31 1.04837e+20
194 31 1.04869e+20
195 31 1.04816e+20
196 31 1.04717e+20
197 31 1.04763e+20
198 31 1.04814e+20
199 31 1.04748e+20
200 31 1.04815e+20
201 31 1.0486e+20
202 31 1.04799e+20
203 31 1.04788e+20
204 31 1.04747e+20
205 31 1.04785e+20
206 31 1.04795e+20
207 31 1.04758e+20
208 31 1.04792e+20
209 31 1.04838e+20
210 31 1.0483e+20
211 31 1.04794e+20
212 31 1.04773e+20
213 31 1.04765e+20
214 31 1.04806e+20
215 31 1.0484e+20
216 31 1.04866e+20
217 31 1.04856e+20
218 31 1.0477e+20
219 31 1.04728e+20
220 31 1.04805e+20
221 31 1.04819e+20
222 31 1.04778e+20
223 31 1.04756e+20
224 31 1.04758e+20
225 31 1.0483e+20
226 31 1.04832e+20
227 31 1.04806e+20
228 31 1.04766e+20
229 31 1.04781e+20
230 31 1.04876e+20
231 31 1.04892e+20
232 31 1.04894e+20
233 31 1.04885e+20
234 31 1.04862e+20
235 31 1.04817e+20
236 31 1.04835e+20
237 31 1.04849e+20
238 31 1.04744e+20
239 31 1.04782e+20
240 31 1.04793e+20
241 31 1.04789e+20
242 31 1.04815e+20
243 31 1.04867e+20
244 31 1.0488e+20
245 31 1.0482e+20
246 31 1.048e+20
247 31 1.04821e+20
248 31 1.04888e+20
249 31 1.04824e+20
189 32 1.07766e+20
190 32 1.07735e+20
191 32 1.07775e+20
192 32 1.07791e+20
193 32 1.078e+20
194 32 1.07824e+20
195 32 1.07834e+20
196 32 1.0785e+20
197 32 1.07793e+20
198 32 1.07712e+20
199 32 1.07743e+20
200 32 1.07782e+20
201 32 1.0772e+20
202 32 1.07711e+20
203 32 1.07795e+20
204 32 1.07739e+20
205 32 1.07733e+20
206 32 1.07747e+20
207 32 1.0774e+20
208 32 1.07804e+20
209 32 1.07814e+20
210 32 1.07804e+20
211 32 1.07859e+20
212 32 1.07859e+20
213 32 1.07789e+20
214 32 1.07813e+20
215 32 1.0782e+20
216 32 1.07772e+20
217 32 1.07785e+20
218 32 1.078e+20
219 32 1.07727e+20
220 32 1.07678e+20
221 32 1.07717e+20
222 32 1.07758e+20
223 32 1.07796e+20
224 32 1.0779e+20
225 32 1.07855e+20
226 32 1.07825e+20
227 32 1.07774e+20
228 32 1.07734e+20
229 32 1.07687e+20
230 32 1.07809e+20
231 32 1.07821e+20
232 32 1.07769e+20
233 32 1.07773e+20
234 32 1.07811e+20
235 32 1.07774e+20
236 32 1.07717e+20
237 32 1.07779e+20
238 32 1.0781e+20
239 32 1.07798e+20
240 32 1.0779e+20
241 32 1.07725e+20
242 32 1.07687e+20
243 32 1.07745e+20
244 32 1.0773e+20
245 32 1.07751e+20
246 32 1.07809e+20
247 32 1.07739e+20
248 32 1.07727e+20
249 32 1.07754e+20
189 33 1.10841e+20
190 33 1.109e+20
191 33 1.10853e+20
192 33 1.1079e+20
193 33 1.1079e+20
194 33 1.10759e+20
195 33 1.10807e+20
196 33 1.10899e+20
197 33 1.10874e+20
198 33 1.10789e+20
199 33 1.10811e+20
200 33 1.10786e+20
201 33 1.1084e+20
202 33 1.10802e+20
203 33 1.10742e+20
204 33 1.10849e+20
205 33 1.10849e+20
206 33 1.10783e+20
207 33 1.1086e+20
208 33 1.10864e+20
209 33 1.10771e+20
210 33 1.10767e+20
211 33 1.10778e+20
212 33 1.10758e+20
213 33 1.1078e+20
214 33 1.10773e+20
215 33 1.10733e+20
216 33 1.10755e+20
217 33 1.10823e+20
218 33 1.10862e+20
219 33 1.10835e+20
220 33 1.10822e+20
221 33 1.10817e+20
222 33 1.10836e+20
223 33 1.10928e+20
224 33 1.10931e+20
225 33 1.10797e+20
226 33 1.10744e+20
227 33 1.10809e+20
228 33 1.10846e+20
229 33 1.10854e+20
230 33 1.10807e+20
231 33 1.10724e+20
232 33 1.1075e+20
233 33 1.10773e+20
234 33 1.1076e+20
235 33 1.10769e+20
236 33 1.10811e+20
237 33 1.10844e+20
238 33 1.10861e+20
239 33 1.10789e+20
240 33 1.10752e+20
241 33 1.10792e+20
242 33 1.10817e+20
243 33 1.10782e+20
244 33 1.10667e+20
245 33 1.1077e+20
246 33 1.10862e+20
247 33 1.10804e+20
248 33 1.10776e+20
249 33 1.1078e+20
189 34 1.13946e+20
190 34 1.13955e+20
191 34 1.13934e+20
192 34 1.1392e+20
193 34 1.13913e+20
194 34 1.13963e+20
195 34 1.13931e+20
196 34 1.13945e+20
197 34 1.14004e+20
198 34 1.13997e+20
199 34 1.14001e+20
200 34 1.13952e+20
201 34 1.13962e+20
202 34 1.14001e+20
203 34 1.13913e+20
204 34 1.139e+20
205 34 1.13945e+20
206 34 1.13916e+20
207 34 1.13971e+20
208 34 1.13911e+20
209 34 1.13851e+20
210 34 1.1388e+20
211 34 1.13872e+20
212 34 1.13879e+20
213 34 1.13901e+20
214 34 1.13952e+20
215 34 1.13954e+20
216 34 1.13947e+20
217 34 1.13924e+20
218 34 1.13908e+20
219 34 1.13955e+20
220 34 1.13988e+20
221 34 1.13955e+20
222 34 1.13903e+20
223 34 1.13868e+20
224 34 1.13929e+20
225 34 1.13889e+20
226 34 1.13854e+20
227 34 1.13945e+20
228 34 1.13934e+20
229 34 1.1402e+20
230 34 1.13999e+20
231 34 1.13897e+20
232 34 1.13912e+20
233 34 1.13851e+20
234 34 1.13799e+20
235 34 1.13895e+20
236 34 1.13996e+20
237 34 1.13921e+20
238 34 1.13877e+20
239 34 1.13864e+20
240 34 1.13859e+20
241 34 1.1395e+20
242 34 1.13967e+20
243 34 1.13918e+20
244 34 1.13967e+20
245 34 1.13912e+20
246 34 1.13867e+20
247 34 1.13931e+20
248 34 1.13926e+20
249 34 1.13876e+20
189 35 1.17094e+20
190 35 1.17048e+20
191 35 1.1711e+20
192 35 1.17171e+20
193 35 1.1719e+20
194 35 1.17157e+20
195 35 1.17093e+20
196 35 1.17107e+20
197 35 1.1715e+20
198 35 1.17153e+20
199 35 1.1713e+20
200 35 1.17098e+20
201 35 1.17058e+20
202 35 1.17111e+20
203 35 1.17186e+20
204 35 1.17184e+20
205 35 1.17109e+20
206 35 1.17133e+20
207 35 1.17106e+20
208 35 1.1707e+20
209 35 1.17176e+20
210 35 1.17115e+20
211 35 1.1704e+20
212 35 1.17111e+20
213 35 1.17099e+20
214 35 1.17113e+20
215 35 1.17148e+20
216 35 1.17106e+20
217 35 1.17082e+20
218 35 1.17102e+20
219 35 1.17142e+20
220 35 1.1713e+20
221 35 1.17139e+20
222 35 1.17121e+20
223 35 1.17085e+20
224 35 1.1708e+20
225 35 1.17127e+20
226 35 1.1717e+20
227 35 1.17108e+20
228 35 1.17124e+20
229 35 1.17098e+20
230 35 1.17098e+20
231 35 1.17169e+20
232 35 1.1717e+20
233 35 1.17147e+20
234 35 1.17112e+20
235 35 1.17133e+20
236 35 1.17071e+20
237 35 1.17044e+20
238 35 1.17105e+20
239 35 1.17137e+20
240 35 1.17138e+20
241 35 1.17157e+20
242 35 1.17174e+20
243 35 1.17153e+20
244 35 1.17199e+20
245 35 1.17148e+20
246 35 1.17084e+20
247 35 1.17085e+20
248 35 1.17065e+20
249 35 1.17122e+20
189 36 1.20372e+20
190 36 1.20335e+20
191 36 1.20394e+20
192 36 1.20402e+20
193 36 1.20358e+20
194 36 1.20315e+20
195 36 1.20363e+20
196 36 1.20393e+20
197 36 1.20357e+20
198 36 1.20382e+20
199 36 1.20328e+20
200 36 1.20323e+20
201 36 1.2035e+20
202 36 1.20326e+20
203 36 1.20353e+20
204 36 1.20391e+20
205 36 1.20384e+20
206 36 1.20413e+20
207 36 1.20339e+20
208 36 1.20315e+20
209 36 1.20392e+20
210 36 1.20402e+20
211 36 1.20412e+20
212 36 1.20438e+20
213 36 1.20395e+20
214 36 1.2033e+20
215 36 1.20392e+20
216 36 1.20419e+20
217 36 1.20402e+20
218 36 1.20352e+20
219 36 1.20387e+20
220 36 1.20396e+20
221 36 1.20341e+20
222 36 1.20405e+20
223 36 1.20483e+20
224 36 1.20389e+20
225 36 1.20397e+20
226 36 1.20481e+20
227 36 1.20411e+20
228 36 1.20358e+20
229 36 1.20345e+20
230 36 1.2039e+20
231 36 1.20393e+20
232 36 1.20389e+20
233 36 1.20394e+20
234 36 1.20414e+20
235 36 1.20387e+20
236 36 1.2035e+20
237 36 1.20337e+20
238 36 1.20378e+20
239 36 1.20412e+20
240 36 1.20402e+20
241 36 1.20377e+20
242 36 1.20406e+20
243 36 1.20471e+20
244 36 1.20411e+20
245 36 1.20412e+20
246 36 1.20384e+20
247 36 1.20377e+20
248 36 1.20411e+20
249 36 1.20427e+20
189 37 1.23735e+20
190 37 1.23731e+20
191 37 1.23718e+20
192 37 1.23646e+20
193 37 1.23696e+20
194 37 1.23717e+20
195 37 1.23721e+20
196 37 1.23753e+20
197 37 1.23715e+20
198 37 1.23683e+20
199 37 1.2367e+20
200 37 1.23717e+20
201 37 1.23753e+20
202 37 1.23742e+20
203 37 1.23719e+20
204 37 1.23707e+20
205 37 1.23738e+20
206 37 1.23738e+20
207 37 1.2376e+20
208 37 1.23789e+20
209 37 1.23698e+20
210 37 1.23739e+20
211 37 1.23867e+20
212 37 1.23866e+20
213 37 1.23805e+20
214 37 1.23801e+20
215 37 1.23847e+20
216 37 1.23805e+20
217 37 1.23747e+20
218 37 1.23727e+20
219 37 1.23727e+20
220 37 1.23739e+20
221 37 1.23722e+20
222 37 1.23737e+20
223 37 1.23772e+20
224 37 1.23779e+20
225 37 1.23761e+20
226 37 1.23696e+20
227 37 1.23707e+20
228 37 1.23697e+20
229 37 1.23716e+20
230 37 1.23715e+20
231 37 1.2375e+20
232 37 1.23779e+20
233 37 1.23684e+20
234 37 1.2372e+20
235 37 1.23686e+20
236 37 1.23649e+20
237 37 1.2376e+20
238 37 1.23776e+20
239 37 1.23737e+20
240 37 1.23756e+20
241 37 1.23739e+20
242 37 1.23753e+20
243 37 1.2375e+20
244 37 1.23747e+20
245 37 1.23737e+20
246 37 1.23763e+20
247 37 1.23837e+20
248 37 1.23772e+20
249 37 1.23676e+20
189 38 1.27189e+20
190 38 1.27278e+20
191 38 1.27181e+20
192 38 1.27136e+20
193 38 1.27194e+20
194 38 1.27226e+20
195 38 1.27214e+20
196 38 1.2714e+20
197 38 1.27158e+20
198 38 1.27222e+20
199 38 1.27191e+20
200 38 1.27233e+20
201 38 1.27246e+20
202 38 1.27194e+20
203 38 1.27154e+20
204 38 1.27192e+20
205 38 1.2719e+20
206 38 1.27157e+20
207 38 1.27258e+20
208 38 1.27218e+20
209 38 1.27191e+20
210 38 1.27225e+20
211 38 1.27125e+20
212 38 1.27127e+20
213 38 1.27185e+20
214 38 1.27192e+20
215 38 1.27198e+20
216 38 1.27169e+20
217 38 1.27155e+20
218 38 1.27215e+20
219 38 1.27199e+20
220 38 1.27189e+20
221 38 1.27236e+20
222 38 1.27208e+20
223 38 1.27139e+20
224 38 1.27169e+20
225 38 1.27179e+20
226 38 1.27204e+20
227 38 1.27159e+20
228 38 1.27152e+20
229 38 1.27208e+20
230 38 1.27185e+20
231 38 1.27237e+20
232 38 1.27226e+20
233 38 1.27199e+20
234 38 1.27146e+20
235 38 1.27172e+20
236 38 1.2718e+20
237 38 1.27247e+20
238 38 1.2719e+20
239 38 1.27098e+20
240 38 1.272e+20
241 38 1.27226e+20
242 38 1.27222e+20
243 38 1.27161e+20
244 38 1.27159e+20
245 38 1.27179e+20
246 38 1.27239e+20
247 38 1.27211e+20
248 38 1.27168e+20
249 38 1.27238e+20
189 39 1.3076e+20
190 39 1.3075e+20
191 39 1.30696e+20
192 39 1.30754e+20
193 39 1.30746e+20
194 39 1.30719e+20
195 39 1.30775e+20
196 39 1.30796e+20
197 39 1.30746e+20
198 39 1.30761e+20
199 39 1.30851e+20
200 39 1.30777e+20
201 39 1.30732e+20
202 39 1.30776e+20
203 39 1.3075e+20
204 39 1.30699e+20
205 39 1.30674e+20
206 39 1.30748e+20
207 39 1.30728e+20
208 39 1.30765e+20
209 39 1.30804e+20
210 39 1.30752e+20
211 39 1.30691e+20
212 39 1.3061e+20
213 39 1.30675e+20
214 39 1.30771e+20
215 39 1.3067e+20
216 39 1.30692e+20
217 39 1.3081e+20
218 39 1.30704e+20
219 39 1.30682e+20
220 39 1.30753e+20
221 39 1.30735e+20
222 39 1.30681e+20
223 39 1.30698e+20
224 39 1.30676e+20
225 39 1.30678e+20
226 39 1.30791e+20
227 39 1.30758e+20
228 39 1.30734e+20
229 39 1.30763e+20
230 39 1.3076e+20
231 39 1.30697e+20
232 39 1.30717e+20
233 39 1.30786e+20
234 39 1.30777e+20
235 39 1.30804e+20
236 39 1.30802e+20
237 39 1.30767e+20
238 39 1.30786e+20
239 39 1.30784e+20
240 39 1.3072e+20
241 39 1.30756e+20
242 39 1.3074e+20
243 39 1.30731e+20
244 39 1.30674e+20
245 39 1.30637e+20
246 39 1.30651e+20
247 39 1.307e+20
248 39 1.30763e+20
249 39 1.30738e+20
189 40 1.34315e+20
190 40 1.34301e+20
191 40 1.34345e+20
192 40 1.34362e+20
193 40 1.34412e+20
194 40 1.34405e+20
195 40 1.34385e+20
196 40 1.34385e+20
197 40 1.34418e+20
198 40 1.34365e+20
199 40 1.3437e+20
200 40 1.34342e+20
201 40 1.34334e+20
202 40 1.34406e+20
203 40 1.34482e+20
204 40 1.34442e+20
205 40 1.34358e+20
206 40 1.34338e+20
207 40 1.34328e+20
208 40 1.34414e+20
209 40 1.34335e+20
210 40 1.34256e+20
211 40 1.34365e+20
212 40 1.34387e+20
213 40 1.34339e+20
214 40 1.34433e+20
215 40 1.34425e+20
216 40 1.34313e+20
217 40 1.34329e+20
218 40 1.3436e+20
219 40 1.34395e+20
220 40 1.34371e+20
221 40 1.34379e+20
222 40 1.34407e+20
223 40 1.3437e+20
224 40 1.34372e+20
225 40 1.34379e+20
226 40 1.34278e+20
227 40 1.34285e+20
228 40 1.34362e+20
229 40 1.34385e+20
230 40 1.34371e+20
231 40 1.34315e+20
232 40 1.34348e+20
233 40 1.34375e+20
234 40 1.34387e+20
235 40 1.3434e+20
236 40 1.34295e+20
237 40 1.34326e+20
238 40 1.34417e+20
239 40 1.34377e+20
240 40 1.34245e+20
241 40 1.34259e+20
242 40 1.34347e+20
243 40 1.34337e+20
244 40 1.34344e+20
245 40 1.34346e+20
246 40 1.34273e+20
247 40 1.34314e+20
248 40 1.34305e+20
249 40 1.34252e+20
