0 41 1.38162e+20
1 41 1.38166e+20
2 41 1.38272e+20
3 41 1.38321e+20
4 41 1.38373e+20
5 41 1.38472e+20
6 41 1.38605e+20
7 41 1.387e+20
8 41 1.38672e+20
9 41 1.38684e+20
10 41 1.3873e+20
11 41 1.38774e+20
12 41 1.38826e+20
13 41 1.38806e+20
14 41 1.38738e+20
15 41 1.38815e+20
16 41 1.3885e+20
17 41 1.38822e+20
18 41 1.3882e+20
19 41 1.38781e+20
20 41 1.38815e+20
21 41 1.38868e+20
22 41 1.38811e+20
23 41 1.38755e+20
24 41 1.38719e+20
25 41 1.38735e+20
26 41 1.38765e+20
27 41 1.38713e+20
28 41 1.38689e+20
29 41 1.38633e+20
30 41 1.38616e+20
31 41 1.38702e+20
32 41 1.38617e+20
33 41 1.38467e+20
34 41 1.38376e+20
35 41 1.38395e+20
36 41 1.38463e+20
37 41 1.38455e+20
38 41 1.3842e+20
39 41 1.38431e+20
40 41 1.38387e+20
41 41 1.38256e+20
42 41 1.38199e+20
43 41 1.38252e+20
44 41 1.38278e+20
45 41 1.38226e+20
46 41 1.38219e+20
47 41 1.38131e+20
48 41 1.3819e+20
49 41 1.38237e+20
50 41 1.38175e+20
51 41 1.3814e+20
52 41 1.3814e+20
53 41 1.38148e+20
54 41 1.38098e+20
55 41 1.38028e+20
56 41 1.38029e+20
57 41 1.38091e+20
58 41 1.38051e+20
59 41 1.38057e+20
60 41 1.38058e+20
61 41 1.37983e+20
62 41 1.37912e+20
0 42 1.4183e+20
1 42 1.42023e+20
2 42 1.42174e+20
3 42 1.42226e+20
4 42 1.42336e+20
5 42 1.42342e+20
6 42 1.42475e+20
7 42 1.42565e+20
8 42 1.42589e+20
9 42 1.42611e+20
10 42 1.42637e+20
11 42 1.42661e+20
12 42 1.42625e+20
13 42 1.42619e+20
14 42 1.42637e+20
15 42 1.42633e+20
16 42 1.42642e+20
17 42 1.42617e+20
18 42 1.42649e+20
19 42 1.42674e+20
20 42 1.42639e+20
21 42 1.4263e+20
22 42 1.42563e+20
23 42 1.42551e+20
24 42 1.42525e+20
25 42 1.42461e+20
26 42 1.42424e+20
27 42 1.42514e+20
28 42 1.42499e+20
29 42 1.42442e+20
30 42 1.42446e+20
31 42 1.4244e+20
32 42 1.42436e+20
33 42 1.42364e+20
34 42 1.42387e+20
35 42 1.42334e+20
36 42 1.42222e+20
37 42 1.4219e+20
38 42 1.42267e+20
39 42 1.42236e+20
40 42 1.42158e+20
41 42 1.42137e+20
42 42 1.42058e+20
43 42 1.42038e+20
44 42 1.42036e+20
45 42 1.42072e+20
46 42 1.42047e+20
47 42 1.41967e+20
48 42 1.41926e+20
49 42 1.4194e+20
50 42 1.41981e+20
51 42 1.41936e+20
52 42 1.41982e+20
53 42 1.41992e+20
54 42 1.41847e+20
55 42 1.41792e+20
56 42 1.41818e+20
57 42 1.41852e+20
58 42 1.4183e+20
59 42 1.41778e+20
60 42 1.41868e+20
61 42 1.41852e+20
62 42 1.41679e+20
0 43 1.45837e+20
1 43 1.45922e+20
2 43 1.46042e+20
3 43 1.46147e+20
4 43 1.46251e+20
5 43 1.46279e+20
6 43 1.46311e+20
7 43 1.46402e+20
8 43 1.46539e+20
9 43 1.46586e+20
10 43 1.46563e+20
11 43 1.46566e+20
12 43 1.46538e+20
13 43 1.46583e+20
14 43 1.46719e+20
15 43 1.46672e+20
16 43 1.46598e+20
17 43 1.4664e+20
18 43 1.46653e+20
19 43 1.46666e+20
20 43 1.46589e+20
21 43 1.46522e+20
22 43 1.46499e+20
23 43 1.46495e+20
24 43 1.46513e+20
25 43 1.46438e+20
26 43 1.46369e+20
27 43 1.46383e+20
28 43 1.46367e+20
29 43 1.46357e+20
30 43 1.46339e+20
31 43 1.46198e+20
32 43 1.46218e+20
33 43 1.4631e+20
34 43 1.46335e+20
35 43 1.46265e+20
36 43 1.46146e+20
37 43 1.46131e+20
38 43 1.46093e+20
39 43 1.46061e+20
40 43 1.46064e+20
41 43 1.46127e+20
42 43 1.461e+20
43 43 1.45975e+20
44 43 1.45982e+20
45 43 1.45988e+20
46 43 1.45975e+20
47 43 1.46074e+20
48 43 1.45936e+20
49 43 1.45863e+20
50 43 1.45963e+20
51 43 1.45836e+20
52 43 1.4581e+20
53 43 1.45834e+20
54 43 1.45773e+20
55 43 1.45861e+20
56 43 1.45866e+20
57 43 1.45732e+20
58 43 1.45737e+20
59 43 1.45669e+20
60 43 1.4563e+20
61 43 1.45665e+20
62 43 1.45713e+20
0 44 1.49881e+20
1 44 1.50005e+20
2 44 1.50005e+20
3 44 1.50178e+20
4 44 1.50284e+20
5 44 1.50296e+20
6 44 1.50313e+20
7 44 1.50405e+20
8 44 1.50504e+20
9 44 1.50573e+20
10 44 1.50592e+20
11 44 1.50608e+20
12 44 1.50651e+20
13 44 1.50616e+20
14 44 1.50644e+20
15 44 1.50749e+20
16 44 1.50712e+20
17 44 1.50654e+20
18 44 1.50556e+20
19 44 1.50658e+20
20 44 1.50669e+20
21 44 1.50586e+20
22 44 1.50585e+20
23 44 1.5051e+20
24 44 1.50475e+20
25 44 1.50432e+20
26 44 1.50462e+20
27 44 1.50401e+20
28 44 1.50361e+20
29 44 1.50349e+20
30 44 1.50327e+20
31 44 1.50313e+20
32 44 1.50283e+20
33 44 1.50207e+20
34 44 1.50153e+20
35 44 1.5017e+20
36 44 1.50185e+20
37 44 1.50234e+20
38 44 1.50138e+20
39 44 1.50077e+20
40 44 1.50041e+20
41 44 1.50003e+20
42 44 1.49996e+20
43 44 1.49956e+20
44 44 1.4995e+20
45 44 1.49938e+20
46 44 1.49947e+20
47 44 1.4999e+20
48 44 1.49976e+20
49 44 1.49869e+20
50 44 1.49887e+20
51 44 1.49803e+20
52 44 1.497e+20
53 44 1.49815e+20
54 44 1.49844e+20
55 44 1.4987e+20
56 44 1.49846e+20
57 44 1.49708e+20
58 44 1.49666e+20
59 44 1.49721e+20
60 44 1.4975e+20
61 44 1.49692e+20
62 44 1.49714e+20
0 45 1.54034e+20
1 45 1.54203e+20
2 45 1.54318e+20
3 45 1.54374e+20
4 45 1.5441e+20
5 45 1.5451e+20
6 45 1.5456e+20
7 45 1.54614e+20
8 45 1.54648e+20
9 45 1.54736e+20
10 45 1.54759e+20
11 45 1.54742e+20
12 45 1.54776e+20
13 45 1.54744e+20
14 45 1.54719e+20
15 45 1.54806e+20
16 45 1.54863e+20
17 45 1.54807e+20
18 45 1.54778e+20
19 45 1.54818e+20
20 45 1.54806e+20
21 45 1.5473e+20
22 45 1.54727e+20
23 45 1.54692e+20
24 45 1.54643e+20
25 45 1.54573e+20
26 45 1.54619e+20
27 45 1.54661e+20
28 45 1.54528e+20
29 45 1.54478e+20
30 45 1.54488e+20
31 45 1.54482e+20
32 45 1.54416e+20
33 45 1.54383e+20
34 45 1.54304e+20
35 45 1.54232e+20
36 45 1.54219e+20
37 45 1.54129e+20
38 45 1.54135e+20
39 45 1.54174e+20
40 45 1.54143e+20
41 45 1.5413e+20
42 45 1.54118e+20
43 45 1.54087e+20
44 45 1.54001e+20
45 45 1.54046e+20
46 45 1.54065e+20
47 45 1.53926e+20
48 45 1.53982e+20
49 45 1.54019e+20
50 45 1.53918e+20
51 45 1.5392e+20
52 45 1.53932e+20
53 45 1.53934e+20
54 45 1.53966e+20
55 45 1.53849e+20
56 45 1.53783e+20
57 45 1.53892e+20
58 45 1.53865e+20
59 45 1.53844e+20
60 45 1.53778e+20
61 45 1.53767e+20
62 45 1.53801e+20
0 46 1.583e+20
1 46 1.58202e+20
2 46 1.58286e+20
3 46 1.58551e+20
4 46 1.58675e+20
5 46 1.58716e+20
6 46 1.58838e+20
7 46 1.58894e+20
8 46 1.58928e+20
9 46 1.58989e+20
10 46 1.59062e+20
11 46 1.59032e+20
12 46 1.59038e+20
13 46 1.59082e+20
14 46 1.59127e+20
15 46 1.59085e+20
16 46 1.59044e+20
17 46 1.59091e+20
18 46 1.59137e+20
19 46 1.59065e+20
20 46 1.59056e+20
21 46 1.59023e+20
22 46 1.58948e+20
23 46 1.58961e+20
24 46 1.58919e+20
25 46 1.58881e+20
26 46 1.58838e+20
27 46 1.58798e+20
28 46 1.58746e+20
29 46 1.58714e+20
30 46 1.58639e+20
31 46 1.58581e+20
32 46 1.58555e+20
33 46 1.58525e+20
34 46 1.58497e+20
35 46 1.58493e+20
36 46 1.58422e+20
37 46 1.58375e+20
38 46 1.58449e+20
39 46 1.58496e+20
40 46 1.58376e+20
41 46 1.58306e+20
42 46 1.58341e+20
43 46 1.58329e+20
44 46 1.58335e+20
45 46 1.58277e+20
46 46 1.58242e+20
47 46 1.58181e+20
48 46 1.5813e+20
49 46 1.58094e+20
50 46 1.58012e+20
51 46 1.58134e+20
52 46 1.58211e+20
53 46 1.58182e+20
54 46 1.58202e+20
55 46 1.58134e+20
56 46 1.58113e+20
57 46 1.58167e+20
58 46 1.58162e+20
59 46 1.58187e+20
60 46 1.58115e+20
61 46 1.58009e+20
62 46 1.58024e+20
0 47 1.62532e+20
1 47 1.62486e+20
2 47 1.62558e+20
3 47 1.6275e+20
4 47 1.62961e+20
5 47 1.63087e+20
6 47 1.63135e+20
7 47 1.63202e+20
8 47 1.63279e+20
9 47 1.63249e+20
10 47 1.63373e+20
11 47 1.6347e+20
12 47 1.63521e+20
13 47 1.63529e+20
14 47 1.63418e+20
15 47 1.63385e+20
16 47 1.63486e+20
17 47 1.63438e+20
18 47 1.63335e+20
19 47 1.63348e+20
20 47 1.63401e+20
21 47 1.634e+20
22 47 1.63249e+20
23 47 1.63213e+20
24 47 1.632e+20
25 47 1.63279e+20
26 47 1.63188e+20
27 47 1.62897e+20
28 47 1.62887e+20
29 47 1.62977e+20
30 47 1.62896e+20
31 47 1.62831e+20
32 47 1.62858e+20
33 47 1.62833e+20
34 47 1.62814e+20
35 47 1.62804e+20
36 47 1.62854e+20
37 47 1.62768e+20
38 47 1.62596e+20
39 47 1.62606e+20
40 47 1.62579e+20
41 47 1.62477e+20
42 47 1.62603e+20
43 47 1.62652e+20
44 47 1.62674e+20
45 47 1.62669e+20
46 47 1.62537e+20
47 47 1.62452e+20
48 47 1.62454e+20
49 47 1.62485e+20
50 47 1.62425e+20
51 47 1.62443e+20
52 47 1.62499e+20
53 47 1.62505e+20
54 47 1.62423e+20
55 47 1.6244e+20
56 47 1.62483e+20
57 47 1.62367e+20
58 47 1.62314e+20
59 47 1.62364e+20
60 47 1.62511e+20
61 47 1.62464e+20
62 47 1.62325e+20
0 48 1.66856e+20
1 48 1.66975e+20
2 48 1.67299e+20
3 48 1.67307e+20
4 48 1.67263e+20
5 48 1.67376e+20
6 48 1.67464e+20
7 48 1.67616e+20
8 48 1.67793e+20
9 48 1.67798e+20
10 48 1.67791e+20
11 48 1.67877e+20
12 48 1.67879e+20
13 48 1.67885e+20
14 48 1.67849e+20
15 48 1.67833e+20
16 48 1.67907e+20
17 48 1.67881e+20
18 48 1.67803e+20
19 48 1.67757e+20
20 48 1.6769e+20
21 48 1.67664e+20
22 48 1.6769e+20
23 48 1.67731e+20
24 48 1.67729e+20
25 48 1.67641e+20
26 48 1.6758e+20
27 48 1.67527e+20
28 48 1.67565e+20
29 48 1.67511e+20
30 48 1.67364e+20
31 48 1.6738e+20
32 48 1.67342e+20
33 48 1.67215e+20
34 48 1.67102e+20
35 48 1.67074e+20
36 48 1.67083e+20
37 48 1.67086e+20
38 48 1.66987e+20
39 48 1.66936e+20
40 48 1.6705e+20
41 48 1.67016e+20
42 48 1.66904e+20
43 48 1.66985e+20
44 48 1.66997e+20
45 48 1.66999e+20
46 48 1.67036e+20
47 48 1.66939e+20
48 48 1.66946e+20
49 48 1.67041e+20
50 48 1.67052e+20
51 48 1.66979e+20
52 48 1.6691e+20
53 48 1.66815e+20
54 48 1.66814e+20
55 48 1.66881e+20
56 48 1.66862e+20
57 48 1.66791e+20
58 48 1.66723e+20
59 48 1.66703e+20
60 48 1.66734e+20
61 48 1.6678e+20
62 48 1.66727e+20
0 49 1.71536e+20
1 49 1.71669e+20
2 49 1.71646e+20
3 49 1.7171e+20
4 49 1.71963e+20
5 49 1.72064e+20
6 49 1.72136e+20
7 49 1.72244e+20
8 49 1.72314e+20
9 49 1.72391e+20
10 49 1.7236e+20
11 49 1.72385e+20
12 49 1.72425e+20
13 49 1.72428e+20
14 49 1.72573e+20
15 49 1.72577e+20
16 49 1.72397e+20
17 49 1.72441e+20
18 49 1.72488e+20
19 49 1.72386e+20
20 49 1.7229e+20
21 49 1.72235e+20
22 49 1.72266e+20
23 49 1.72222e+20
24 49 1.72089e+20
25 49 1.72003e+20
26 49 1.72062e+20
27 49 1.72136e+20
28 49 1.72132e+20
29 49 1.72007e+20
30 49 1.71973e+20
31 49 1.71897e+20
32 49 1.71741e+20
33 49 1.71704e+20
34 49 1.71669e+20
35 49 1.71682e+20
36 49 1.71614e+20
37 49 1.71681e+20
38 49 1.71794e+20
39 49 1.71651e+20
40 49 1.71621e+20
41 49 1.71715e+20
42 49 1.71577e+20
43 49 1.7159e+20
44 49 1.71612e+20
45 49 1.71438e+20
46 49 1.71412e+20
47 49 1.7159e+20
48 49 1.71558e+20
49 49 1.71378e+20
50 49 1.71467e+20
51 49 1.71413e+20
52 49 1.71319e+20
53 49 1.71333e+20
54 49 1.71365e+20
55 49 1.7139e+20
56 49 1.71329e+20
57 49 1.71352e+20
58 49 1.71423e+20
59 49 1.71334e+20
60 49 1.71233e+20
61 49 1.71233e+20
62 49 1.71207e+20
0 50 1.76308e+20
1 50 1.76369e+20
2 50 1.76387e+20
3 50 1.76555e+20
4 50 1.7678e+20
5 50 1.76945e+20
6 50 1.7704e+20
7 50 1.76984e+20
8 50 1.76852e+20
9 50 1.76945e+20
10 50 1.77128e+20
11 50 1.77176e+20
12 50 1.77164e+20
13 50 1.77229e+20
14 50 1.77295e+20
15 50 1.77282e+20
16 50 1.77191e+20
17 50 1.77168e+20
18 50 1.77183e+20
19 50 1.77116e+20
20 50 1.77078e+20
21 50 1.77049e+20
22 50 1.77012e+20
23 50 1.76847e+20
24 50 1.76757e+20
25 50 1.76815e+20
26 50 1.76764e+20
27 50 1.76643e+20
28 50 1.76544e+20
29 50 1.76516e+20
30 50 1.76547e+20
31 50 1.76506e+20
32 50 1.76471e+20
33 50 1.7646e+20
34 50 1.765e+20
35 50 1.76505e+20
36 50 1.76397e+20
37 50 1.76301e+20
38 50 1.76311e+20
39 50 1.76327e+20
40 50 1.76297e+20
41 50 1.76277e+20
42 50 1.76279e+20
43 50 1.76104e+20
44 50 1.76066e+20
45 50 1.76117e+20
46 50 1.76033e+20
47 50 1.76121e+20
48 50 1.76162e+20
49 50 1.76117e+20
50 50 1.76069e+20
51 50 1.76015e+20
52 50 1.7607e+20
53 50 1.76067e+20
54 50 1.76032e+20
55 50 1.76007e+20
56 50 1.75913e+20
57 50 1.7591e+20
58 50 1.76004e+20
59 50 1.75941e+20
60 50 1.7588e+20
61 50 1.75913e+20
62 50 1.75936e+20
0 51 1.80957e+20
1 51 1.81065e+20
2 51 1.81299e+20
3 51 1.81448e+20
4 51 1.8144e+20
5 51 1.81504e+20
6 51 1.81664e+20
7 51 1.81756e+20
8 51 1.81769e+20
9 51 1.81904e+20
10 51 1.82028e+20
11 51 1.82035e+20
12 51 1.81964e+20
13 51 1.82035e+20
14 51 1.82094e+20
15 51 1.81997e+20
16 51 1.81973e+20
17 51 1.81998e+20
18 51 1.81957e+20
19 51 1.81933e+20
20 51 1.81927e+20
21 51 1.8186e+20
22 51 1.81828e+20
23 51 1.81805e+20
24 51 1.81749e+20
25 51 1.81616e+20
26 51 1.81471e+20
27 51 1.81463e+20
28 51 1.81358e+20
29 51 1.81232e+20
30 51 1.81238e+20
31 51 1.81315e+20
32 51 1.81256e+20
33 51 1.81169e+20
34 51 1.81176e+20
35 51 1.81143e+20
36 51 1.81114e+20
37 51 1.81002e+20
38 51 1.81039e+20
39 51 1.81133e+20
40 51 1.81046e+20
41 51 1.80913e+20
42 51 1.80871e+20
43 51 1.80832e+20
44 51 1.80845e+20
45 51 1.80931e+20
46 51 1.80943e+20
47 51 1.80826e+20
48 51 1.80793e+20
49 51 1.80847e+20
50 51 1.80857e+20
51 51 1.80965e+20
52 51 1.80938e+20
53 51 1.80889e+20
54 51 1.8083e+20
55 51 1.80723e+20
56 51 1.807e+20
57 51 1.80639e+20
58 51 1.80653e+20
59 51 1.80769e+20
60 51 1.80775e+20
61 51 1.80704e+20
62 51 1.80698e+20
0 52 1.85883e+20
1 52 1.85978e+20
2 52 1.86145e+20
3 52 1.86188e+20
4 52 1.86305e+20
5 52 1.8642e+20
6 52 1.86475e+20
7 52 1.86651e+20
8 52 1.86854e+20
9 52 1.86893e+20
10 52 1.86874e+20
11 52 1.8688e+20
12 52 1.86859e+20
13 52 1.86895e+20
14 52 1.86929e+20
15 52 1.86867e+20
16 52 1.86895e+20
17 52 1.86899e+20
18 52 1.86878e+20
19 52 1.86879e+20
20 52 1.86823e+20
21 52 1.86749e+20
22 52 1.86641e+20
23 52 1.86577e+20
24 52 1.86407e+20
25 52 1.86274e+20
26 52 1.863e+20
27 52 1.86354e+20
28 52 1.86318e+20
29 52 1.8617e+20
30 52 1.86004e+20
31 52 1.85903e+20
32 52 1.85861e+20
33 52 1.85905e+20
34 52 1.85914e+20
35 52 1.85936e+20
36 52 1.86029e+20
37 52 1.85964e+20
38 52 1.85913e+20
39 52 1.85871e+20
40 52 1.85846e+20
41 52 1.85873e+20
42 52 1.85905e+20
43 52 1.85996e+20
44 52 1.8589e+20
45 52 1.85817e+20
46 52 1.85846e+20
47 52 1.85767e+20
48 52 1.85699e+20
49 52 1.85638e+20
50 52 1.8565e+20
51 52 1.85726e+20
52 52 1.85698e+20
53 52 1.85674e+20
54 52 1.85627e+20
55 52 1.85651e+20
56 52 1.85748e+20
57 52 1.85755e+20
58 52 1.85638e+20
59 52 1.85596e+20
60 52 1.85639e+20
61 52 1.85575e+20
62 52 1.85577e+20
0 53 1.90715e+20
1 53 1.90952e+20
2 53 1.91101e+20
3 53 1.91186e+20
4 53 1.91348e+20
5 53 1.9151e+20
6 53 1.91625e+20
7 53 1.9173e+20
8 53 1.91864e+20
9 53 1.91836e+20
10 53 1.91931e+20
11 53 1.91984e+20
12 53 1.91974e+20
13 53 1.91917e+20
14 53 1.91826e+20
15 53 1.91938e+20
16 53 1.92021e+20
17 53 1.91891e+20
18 53 1.91783e+20
19 53 1.91769e+20
20 53 1.91726e+20
21 53 1.91617e+20
22 53 1.91544e+20
23 53 1.91465e+20
24 53 1.91421e+20
25 53 1.91437e+20
26 53 1.9134e+20
27 53 1.91275e+20
28 53 1.91274e+20
29 53 1.91174e+20
30 53 1.91021e+20
31 53 1.90957e+20
32 53 1.91011e+20
33 53 1.90994e+20
34 53 1.9096e+20
35 53 1.90995e+20
36 53 1.90987e+20
37 53 1.91012e+20
38 53 1.90885e+20
39 53 1.90801e+20
40 53 1.90835e+20
41 53 1.90859e+20
42 53 1.9094e+20
43 53 1.909e+20
44 53 1.90778e+20
45 53 1.90815e+20
46 53 1.90843e+20
47 53 1.90695e+20
48 53 1.90753e+20
49 53 1.90895e+20
50 53 1.90793e+20
51 53 1.90629e+20
52 53 1.90603e+20
53 53 1.90628e+20
54 53 1.90677e+20
55 53 1.90723e+20
56 53 1.90724e+20
57 53 1.90765e+20
58 53 1.90686e+20
59 53 1.90611e+20
60 53 1.90707e+20
61 53 1.90675e+20
62 53 1.90616e+20
0 54 1.95936e+20
1 54 1.96157e+20
2 54 1.96114e+20
3 54 1.96322e+20
4 54 1.96673e+20
5 54 1.96689e+20
6 54 1.9686e+20
7 54 1.96869e+20
8 54 1.96884e+20
9 54 1.97094e+20
10 54 1.97037e+20
11 54 1.97089e+20
12 54 1.97235e+20
13 54 1.97211e+20
14 54 1.97152e+20
15 54 1.97069e+20
16 54 1.97052e+20
17 54 1.97075e+20
18 54 1.96967e+20
19 54 1.96925e+20
20 54 1.96855e+20
21 54 1.96734e+20
22 54 1.96707e+20
23 54 1.9667e+20
24 54 1.96713e+20
25 54 1.96612e+20
26 54 1.96433e+20
27 54 1.96269e+20
28 54 1.96112e+20
29 54 1.96147e+20
30 54 1.96211e+20
31 54 1.96256e+20
32 54 1.96243e+20
33 54 1.9623e+20
34 54 1.96224e+20
35 54 1.96099e+20
36 54 1.95967e+20
37 54 1.96033e+20
38 54 1.96057e+20
39 54 1.9595e+20
40 54 1.95908e+20
41 54 1.95865e+20
42 54 1.95853e+20
43 54 1.95847e+20
44 54 1.95881e+20
45 54 1.95839e+20
46 54 1.9578e+20
47 54 1.95777e+20
48 54 1.95843e+20
49 54 1.95952e+20
50 54 1.95882e+20
51 54 1.95777e+20
52 54 1.95764e+20
53 54 1.95793e+20
54 54 1.95804e+20
55 54 1.95697e+20
56 54 1.9567e+20
57 54 1.95652e+20
58 54 1.95727e+20
59 54 1.95775e+20
60 54 1.95722e+20
61 54 1.95709e+20
62 54 1.95659e+20
0 55 2.01422e+20
1 55 2.0146e+20
2 55 2.01465e+20
3 55 2.01803e+20
4 55 2.01943e+20
5 55 2.01869e+20
6 55 2.02114e+20
7 55 2.0227e+20
8 55 2.02242e+20
9 55 2.02353e+20
10 55 2.02424e+20
11 55 2.02408e+20
12 55 2.02483e+20
13 55 2.0253e+20
14 55 2.02503e+20
15 55 2.02378e+20
16 55 2.02321e+20
17 55 2.02369e+20
18 55 2.02304e+20
19 55 2.02205e+20
20 55 2.02101e+20
21 55 2.02032e+20
22 55 2.01858e+20
23 55 2.01773e+20
24 55 2.01784e+20
25 55 2.0167e+20
26 55 2.01643e+20
27 55 2.01496e+20
28 55 2.01337e+20
29 55 2.01442e+20
30 55 2.01477e+20
31 55 2.01445e+20
32 55 2.01405e+20
33 55 2.01343e+20
34 55 2.01361e+20
35 55 2.01306e+20
36 55 2.01237e+20
37 55 2.01192e+20
38 55 2.01197e+20
39 55 2.01268e+20
40 55 2.01258e+20
41 55 2.01152e+20
42 55 2.01027e+20
43 55 2.01107e+20
44 55 2.01189e+20
45 55 2.01081e+20
46 55 2.01094e+20
47 55 2.01197e+20
48 55 2.01051e+20
49 55 2.00927e+20
50 55 2.0098e+20
51 55 2.01056e+20
52 55 2.01103e+20
53 55 2.00998e+20
54 55 2.00972e+20
55 55 2.00994e+20
56 55 2.00985e+20
57 55 2.00969e+20
58 55 2.00985e+20
59 55 2.0094e+20
60 55 2.00794e+20
61 55 2.00791e+20
62 55 2.00842e+20
0 56 2.06659e+20
1 56 2.06668e+20
2 56 2.07079e+20
3 56 2.07219e+20
4 56 2.07073e+20
5 56 2.07365e+20
6 56 2.07586e+20
7 56 2.07689e+20
8 56 2.07768e+20
9 56 2.07713e+20
10 56 2.07803e+20
11 56 2.07888e+20
12 56 2.07932e+20
13 56 2.07879e+20
14 56 2.07911e+20
15 56 2.08044e+20
16 56 2.07899e+20
17 56 2.07762e+20
18 56 2.07708e+20
19 56 2.07448e+20
20 56 2.07396e+20
21 56 2.07475e+20
22 56 2.07353e+20
23 56 2.07248e+20
24 56 2.07212e+20
25 56 2.0715e+20
26 56 2.06835e+20
27 56 2.06768e+20
28 56 2.06886e+20
29 56 2.06824e+20
30 56 2.06762e+20
31 56 2.06679e+20
32 56 2.06702e+20
33 56 2.06683e+20
34 56 2.06653e+20
35 56 2.06673e+20
36 56 2.06651e+20
37 56 2.06531e+20
38 56 2.06485e+20
39 56 2.06634e+20
40 56 2.06618e+20
41 56 2.06604e+20
42 56 2.06651e+20
43 56 2.06611e+20
44 56 2.06569e+20
45 56 2.06488e+20
46 56 2.06467e+20
47 56 2.06462e+20
48 56 2.06419e+20
49 56 2.0639e+20
50 56 2.06435e+20
51 56 2.06492e+20
52 56 2.06475e+20
53 56 2.0644e+20
54 56 2.06433e+20
55 56 2.06417e+20
56 56 2.06359e+20
57 56 2.06423e+20
58 56 2.06436e+20
59 56 2.06448e+20
60 56 2.06428e+20
61 56 2.06383e+20
62 56 2.06316e+20
0 57 2.12084e+20
1 57 2.12247e+20
2 57 2.12609e+20
3 57 2.12765e+20
4 57 2.12885e+20
5 57 2.13233e+20
6 57 2.13212e+20
7 57 2.13096e+20
8 57 2.13203e+20
9 57 2.13369e+20
10 57 2.13353e+20
11 57 2.13371e+20
12 57 2.13598e+20
13 57 2.13621e+20
14 57 2.1354e+20
15 57 2.13611e+20
16 57 2.13493e+20
17 57 2.13301e+20
18 57 2.13257e+20
19 57 2.13158e+20
20 57 2.13044e+20
21 57 2.13e+20
22 57 2.1294e+20
23 57 2.12828e+20
24 57 2.12752e+20
25 57 2.12568e+20
26 57 2.12367e+20
27 57 2.12328e+20
28 57 2.12337e+20
29 57 2.12352e+20
30 57 2.12375e+20
31 57 2.1222e+20
32 57 2.1214e+20
33 57 2.12169e+20
34 57 2.12101e+20
35 57 2.12102e+20
36 57 2.12079e+20
37 57 2.12078e+20
38 57 2.12079e+20
39 57 2.12043e+20
40 57 2.12117e+20
41 57 2.12099e+20
42 57 2.12025e+20
43 57 2.1201e+20
44 57 2.12014e+20
45 57 2.12054e+20
46 57 2.12005e+20
47 57 2.11966e+20
48 57 2.12049e+20
49 57 2.12021e+20
50 57 2.11944e+20
51 57 2.11926e+20
52 57 2.11935e+20
53 57 2.12071e+20
54 57 2.12072e+20
55 57 2.11945e+20
56 57 2.11881e+20
57 57 2.11889e+20
58 57 2.11891e+20
59 57 2.11854e+20
60 57 2.11834e+20
61 57 2.11912e+20
62 57 2.11993e+20
0 58 2.17749e+20
1 58 2.1801e+20
2 58 2.18126e+20
3 58 2.18313e+20
4 58 2.18658e+20
5 58 2.18732e+20
6 58 2.18761e+20
7 58 2.18945e+20
8 58 2.19038e+20
9 58 2.19125e+20
10 58 2.1927e+20
11 58 2.19296e+20
12 58 2.19299e+20
13 58 2.19373e+20
14 58 2.19145e+20
15 58 2.19014e+20
16 58 2.19136e+20
17 58 2.19029e+20
18 58 2.18971e+20
19 58 2.18976e+20
20 58 2.18818e+20
21 58 2.18656e+20
22 58 2.18409e+20
23 58 2.18195e+20
24 58 2.18152e+20
25 58 2.18033e+20
26 58 2.18161e+20
27 58 2.18102e+20
28 58 2.17868e+20
29 58 2.17947e+20
30 58 2.17981e+20
31 58 2.17902e+20
32 58 2.17865e+20
33 58 2.1785e+20
34 58 2.17778e+20
35 58 2.17676e+20
36 58 2.17717e+20
37 58 2.17832e+20
38 58 2.17782e+20
39 58 2.17653e+20
40 58 2.17662e+20
41 58 2.17655e+20
42 58 2.17594e+20
43 58 2.17592e+20
44 58 2.17611e+20
45 58 2.17655e+20
46 58 2.17729e+20
47 58 2.17708e+20
48 58 2.1758e+20
49 58 2.17626e+20
50 58 2.17673e+20
51 58 2.17606e+20
52 58 2.17654e+20
53 58 2.17593e+20
54 58 2.17458e+20
55 58 2.17574e+20
56 58 2.17637e+20
57 58 2.17483e+20
58 58 2.17442e+20
59 58 2.17453e+20
60 58 2.17451e+20
61 58 2.17411e+20
62 58 2.17471e+20
0 59 2.23588e+20
1 59 2.23713e+20
2 59 2.23924e+20
3 59 2.24061e+20
4 59 2.24273e+20
5 59 2.24387e+20
6 59 2.24588e+20
7 59 2.24785e+20
8 59 2.25004e+20
9 59 2.25013e+20
10 59 2.25049e+20
11 59 2.25119e+20
12 59 2.24976e+20
13 59 2.25052e+20
14 59 2.25041e+20
15 59 2.24851e+20
16 59 2.24843e+20
17 59 2.24976e+20
18 59 2.24814e+20
19 59 2.24589e+20
20 59 2.24456e+20
21 59 2.24248e+20
22 59 2.241e+20
23 59 2.24043e+20
24 59 2.23858e+20
25 59 2.237e+20
26 59 2.237e+20
27 59 2.23771e+20
28 59 2.23791e+20
29 59 2.2372e+20
30 59 2.23614e+20
31 59 2.23598e+20
32 59 2.23657e+20
33 59 2.23585e+20
34 59 2.23533e+20
35 59 2.23547e+20
36 59 2.23572e+20
37 59 2.23544e+20
38 59 2.23549e+20
39 59 2.23479e+20
40 59 2.2336e+20
41 59 2.23439e+20
42 59 2.23546e+20
43 59 2.23497e+20
44 59 2.23385e+20
45 59 2.23321e+20
46 59 2.23274e+20
47 59 2.23296e+20
48 59 2.23316e+20
49 59 2.23353e+20
50 59 2.23383e+20
51 59 2.23385e+20
52 59 2.23398e+20
53 59 2.23223e+20
54 59 2.23178e+20
55 59 2.23356e+20
56 59 2.23433e+20
57 59 2.23338e+20
58 59 2.23336e+20
59 59 2.2342e+20
60 59 2.23396e+20
61 59 2.23325e+20
62 59 2.23133e+20
0 60 2.29492e+20
1 60 2.29757e+20
2 60 2.29876e+20
3 60 2.30012e+20
4 60 2.30283e+20
5 60 2.30403e+20
6 60 2.30558e+20
7 60 2.30671e+20
8 60 2.30786e+20
9 60 2.30954e+20
10 60 2.31102e+20
11 60 2.31119e+20
12 60 2.3099e+20
13 60 2.30948e+20
14 60 2.31112e+20
15 60 2.31009e+20
16 60 2.30757e+20
17 60 2.3075e+20
18 60 2.30645e+20
19 60 2.30416e+20
20 60 2.3029e+20
21 60 2.30083e+20
22 60 2.29973e+20
23 60 2.29955e+20
24 60 2.29721e+20
25 60 2.29698e+20
26 60 2.29684e+20
27 60 2.29679e+20
28 60 2.29721e+20
29 60 2.29564e+20
30 60 2.29522e+20
31 60 2.29479e+20
32 60 2.29425e+20
33 60 2.29468e+20
34 60 2.29433e+20
35 60 2.29469e+20
36 60 2.29435e+20
37 60 2.29378e+20
38 60 2.29419e+20
39 60 2.29408e+20
40 60 2.2934e+20
41 60 2.29245e+20
42 60 2.29228e+20
43 60 2.29311e+20
44 60 2.29357e+20
45 60 2.29316e+20
46 60 2.2928e+20
47 60 2.29307e+20
48 60 2.29378e+20
49 60 2.29265e+20
50 60 2.29211e+20
51 60 2.29273e+20
52 60 2.29239e+20
53 60 2.29293e+20
54 60 2.29354e+20
55 60 2.29242e+20
56 60 2.29228e+20
57 60 2.29329e+20
58 60 2.29309e+20
59 60 2.2924e+20
60 60 2.29213e+20
61 60 2.29283e+20
62 60 2.29236e+20
0 61 2.3541e+20
1 61 2.35749e+20
2 61 2.36108e+20
3 61 2.36275e+20
4 61 2.36487e+20
5 61 2.36664e+20
6 61 2.36707e+20
7 61 2.36875e+20
8 61 2.36915e+20
9 61 2.37019e+20
10 61 2.37041e+20
11 61 2.37107e+20
12 61 2.37222e+20
13 61 2.37146e+20
14 61 2.37141e+20
15 61 2.37122e+20
16 61 2.36966e+20
17 61 2.36683e+20
18 61 2.36628e+20
19 61 2.36511e+20
20 61 2.36203e+20
21 61 2.36037e+20
22 61 2.35965e+20
23 61 2.35754e+20
24 61 2.35702e+20
25 61 2.35898e+20
26 61 2.35855e+20
27 61 2.35715e+20
28 61 2.35653e+20
29 61 2.35508e+20
30 61 2.35421e+20
31 61 2.35557e+20
32 61 2.35622e+20
33 61 2.35558e+20
34 61 2.35508e+20
35 61 2.3553e+20
36 61 2.35448e+20
37 61 2.35442e+20
38 61 2.35458e+20
39 61 2.35448e+20
40 61 2.35474e+20
41 61 2.35387e+20
42 61 2.35384e+20
43 61 2.35344e+20
44 61 2.35327e+20
45 61 2.35409e+20
46 61 2.35459e+20
47 61 2.3546e+20
48 61 2.35426e+20
49 61 2.3533e+20
50 61 2.35342e+20
51 61 2.35413e+20
52 61 2.35322e+20
53 61 2.35354e+20
54 61 2.3536e+20
55 61 2.35295e+20
56 61 2.35248e+20
57 61 2.35264e+20
58 61 2.35305e+20
59 61 2.352e+20
60 61 2.35192e+20
61 61 2.35227e+20
62 61 2.35305e+20
0 62 2.41759e+20
1 62 2.41887e+20
2 62 2.42153e+20
3 62 2.42515e+20
4 62 2.42624e+20
5 62 2.42734e+20
6 62 2.42983e+20
7 62 2.43108e+20
8 62 2.43197e+20
9 62 2.43365e+20
10 62 2.43359e+20
11 62 2.43359e+20
12 62 2.43486e+20
13 62 2.43553e+20
14 62 2.43392e+20
15 62 2.43318e+20
16 62 2.43325e+20
17 62 2.4306e+20
18 62 2.42842e+20
19 62 2.42819e+20
20 62 2.42523e+20
21 62 2.4215e+20
22 62 2.42057e+20
23 62 2.41973e+20
24 62 2.41941e+20
25 62 2.41837e+20
26 62 2.41872e+20
27 62 2.41857e+20
28 62 2.41809e+20
29 62 2.41769e+20
30 62 2.41646e+20
31 62 2.4166e+20
32 62 2.41646e+20
33 62 2.41651e+20
34 62 2.41652e+20
35 62 2.4166e+20
36 62 2.41668e+20
37 62 2.41649e+20
38 62 2.41604e+20
39 62 2.4151e+20
40 62 2.41564e+20
41 62 2.41728e+20
42 62 2.41738e+20
43 62 2.41708e+20
44 62 2.41662e+20
45 62 2.41689e+20
46 62 2.41654e+20
47 62 2.41568e+20
48 62 2.41666e+20
49 62 2.4173e+20
50 62 2.41685e+20
51 62 2.41589e+20
52 62 2.41572e+20
53 62 2.41571e+20
54 62 2.41559e+20
55 62 2.41614e+20
56 62 2.4156e+20
57 62 2.41506e+20
58 62 2.415e+20
59 62 2.41523e+20
60 62 2.41489e+20
61 62 2.41405e+20
62 62 2.41473e+20
0 63 2.48353e+20
1 63 2.48324e+20
2 63 2.48377e+20
3 63 2.48692e+20
4 63 2.48963e+20
5 63 2.49097e+20
6 63 2.49381e+20
7 63 2.49507e+20
8 63 2.49674e+20
9 63 2.49843e+20
10 63 2.49942e+20
11 63 2.49999e+20
12 63 2.49875e+20
13 63 2.49809e+20
14 63 2.4972e+20
15 63 2.49706e+20
16 63 2.49809e+20
17 63 2.4961e+20
18 63 2.49202e+20
19 63 2.48982e+20
20 63 2.48917e+20
21 63 2.48683e+20
22 63 2.48403e+20
23 63 2.4831e+20
24 63 2.4826e+20
25 63 2.48136e+20
26 63 2.48202e+20
27 63 2.48155e+20
28 63 2.48032e+20
29 63 2.48128e+20
30 63 2.48201e+20
31 63 2.48056e+20
32 63 2.47866e+20
33 63 2.47809e+20
34 63 2.47901e+20
35 63 2.47897e+20
36 63 2.47909e+20
37 63 2.48001e+20
38 63 2.4799e+20
39 63 2.47958e+20
40 63 2.479e+20
41 63 2.47913e+20
42 63 2.47972e+20
43 63 2.47993e+20
44 63 2.48001e+20
45 63 2.4797e+20
46 63 2.4785e+20
47 63 2.4783e+20
48 63 2.4793e+20
49 63 2.48098e+20
50 63 2.48145e+20
51 63 2.47966e+20
52 63 2.47957e+20
53 63 2.48066e+20
54 63 2.48043e+20
55 63 2.48022e+20
56 63 2.48025e+20
57 63 2.47974e+20
58 63 2.47855e+20
59 63 2.4789e+20
60 63 2.4794e+20
61 63 2.47873e+20
62 63 2.47875e+20
0 64 2.54901e+20
1 64 2.55007e+20
2 64 2.55176e+20
3 64 2.55259e+20
4 64 2.55455e+20
5 64 2.55801e+20
6 64 2.55904e+20
7 64 2.56004e+20
8 64 2.56255e+20
9 64 2.56379e+20
10 64 2.56452e+20
11 64 2.56519e+20
12 64 2.56529e+20
13 64 2.56412e+20
14 64 2.56369e+20
15 64 2.56358e+20
16 64 2.56173e+20
17 64 2.55963e+20
18 64 2.5558e+20
19 64 2.5521e+20
20 64 2.54976e+20
21 64 2.54774e+20
22 64 2.54679e+20
23 64 2.54762e+20
24 64 2.54733e+20
25 64 2.54674e+20
26 64 2.54558e+20
27 64 2.54494e+20
28 64 2.54457e+20
29 64 2.54418e+20
30 64 2.54578e+20
31 64 2.54674e+20
32 64 2.54568e+20
33 64 2.54452e+20
34 64 2.54524e+20
35 64 2.54468e+20
36 64 2.54469e+20
37 64 2.54498e+20
38 64 2.54412e+20
39 64 2.54514e+20
40 64 2.54537e+20
41 64 2.54491e+20
42 64 2.54523e+20
43 64 2.54476e+20
44 64 2.54517e+20
45 64 2.54476e+20
46 64 2.54411e+20
47 64 2.54436e+20
48 64 2.54329e+20
49 64 2.54275e+20
50 64 2.54403e+20
51 64 2.54568e+20
52 64 2.54496e+20
53 64 2.54432e+20
54 64 2.54561e+20
55 64 2.54515e+20
56 64 2.54464e+20
57 64 2.54481e+20
58 64 2.54443e+20
59 64 2.54398e+20
60 64 2.54466e+20
61 64 2.54475e+20
62 64 2.54322e+20
0 65 2.61481e+20
1 65 2.61584e+20
2 65 2.61758e+20
3 65 2.6198e+20
4 65 2.62243e+20
5 65 2.62539e+20
6 65 2.62716e+20
7 65 2.62682e+20
8 65 2.62735e+20
9 65 2.62947e+20
10 65 2.63045e+20
11 65 2.63132e+20
12 65 2.63277e+20
13 65 2.63271e+20
14 65 2.63119e+20
15 65 2.62907e+20
16 65 2.62559e+20
17 65 2.6244e+20
18 65 2.62437e+20
19 65 2.62033e+20
20 65 2.61525e+20
21 65 2.61319e+20
22 65 2.61254e+20
23 65 2.61181e+20
24 65 2.611e+20
25 65 2.61135e+20
26 65 2.60986e+20
27 65 2.60984e+20
28 65 2.61116e+20
29 65 2.61139e+20
30 65 2.61152e+20
31 65 2.61065e+20
32 65 2.61103e+20
33 65 2.61358e+20
34 65 2.61288e+20
35 65 2.6101e+20
36 65 2.61021e+20
37 65 2.60946e+20
38 65 2.60911e+20
39 65 2.61102e+20
40 65 2.61178e+20
41 65 2.61123e+20
42 65 2.61143e+20
43 65 2.61171e+20
44 65 2.61146e+20
45 65 2.61171e+20
46 65 2.61256e+20
47 65 2.61232e+20
48 65 2.61173e+20
49 65 2.60962e+20
50 65 2.60848e+20
51 65 2.61047e+20
52 65 2.61185e+20
53 65 2.61102e+20
54 65 2.61075e+20
55 65 2.61133e+20
56 65 2.61e+20
57 65 2.60947e+20
58 65 2.60986e+20
59 65 2.61083e+20
60 65 2.61114e+20
61 65 2.61243e+20
62 65 2.6143e+20
0 66 2.68244e+20
1 66 2.6849e+20
2 66 2.68863e+20
3 66 2.69026e+20
4 66 2.69204e+20
5 66 2.69337e+20
6 66 2.69471e+20
7 66 2.69773e+20
8 66 2.69896e+20
9 66 2.69799e+20
10 66 2.69812e+20
11 66 2.69903e+20
12 66 2.69939e+20
13 66 2.69918e+20
14 66 2.6984e+20
15 66 2.69611e+20
16 66 2.69385e+20
17 66 2.69251e+20
18 66 2.69128e+20
19 66 2.68805e+20
20 66 2.68741e+20
21 66 2.70486e+20
22 66 2.7221e+20
23 66 2.72364e+20
24 66 2.73315e+20
25 66 2.74716e+20
26 66 2.74853e+20
27 66 2.75797e+20
28 66 2.77963e+20
29 66 2.76822e+20
30 66 2.75272e+20
31 66 2.7602e+20
32 66 2.7626e+20
33 66 2.76212e+20
34 66 2.7646e+20
35 66 2.77671e+20
36 66 2.77217e+20
37 66 2.76301e+20
38 66 2.77739e+20
39 66 2.76671e+20
40 66 2.75389e+20
41 66 2.75666e+20
42 66 2.74911e+20
43 66 2.74671e+20
44 66 2.75618e+20
45 66 2.76285e+20
46 66 2.76392e+20
47 66 2.75531e+20
48 66 2.73566e+20
49 66 2.74295e+20
50 66 2.74925e+20
51 66 2.73856e+20
52 66 2.75058e+20
53 66 2.76691e+20
54 66 2.77393e+20
55 66 2.76589e+20
56 66 2.75264e+20
57 66 2.74566e+20
58 66 2.74366e+20
59 66 2.75354e+20
60 66 2.75602e+20
61 66 2.76231e+20
62 66 2.7841e+20
0 67 1.37209e+20
1 67 1.37834e+20
2 67 1.38475e+20
3 67 1.3961e+20
4 67 1.44084e+20
5 67 1.47514e+20
6 67 1.69144e+20
7 67 1.74655e+20
8 67 1.60792e+20
9 67 1.81009e+20
10 67 2.28956e+20
11 67 2.60506e+20
12 67 2.59224e+20
13 67 2.24257e+20
14 67 1.80605e+20
15 67 1.68065e+20
16 67 1.56684e+20
17 67 1.43683e+20
18 67 1.4021e+20
19 67 1.38764e+20
20 67 1.40766e+20
21 67 2.93476e+20
22 67 4.49801e+20
23 67 4.67316e+20
24 67 4.72362e+20
25 67 5.27111e+20
26 67 5.48852e+20
27 67 6.57842e+20
28 67 7.67786e+20
29 67 6.33991e+20
30 67 5.77979e+20
31 67 5.48276e+20
32 67 5.58854e+20
33 67 6.33461e+20
34 67 6.54718e+20
35 67 5.65555e+20
36 67 4.54191e+20
37 67 4.66855e+20
38 67 5.85009e+20
39 67 6.8632e+20
40 67 6.55271e+20
41 67 7.15257e+20
42 67 6.74069e+20
43 67 5.80511e+20
44 67 5.85906e+20
45 67 5.51745e+20
46 67 6.03883e+20
47 67 5.80211e+20
48 67 5.49568e+20
49 67 5.96965e+20
50 67 6.88203e+20
51 67 7.42065e+20
52 67 6.5147e+20
53 67 5.51947e+20
54 67 5.20576e+20
55 67 5.42707e+20
56 67 5.98896e+20
57 67 6.83175e+20
58 67 6.6626e+20
59 67 5.49577e+20
60 67 5.47696e+20
61 67 7.17537e+20
62 67 8.27848e+20
0 68 1.85547e+18
1 68 2.23191e+18
2 68 2.61806e+18
3 68 3.8316e+18
4 68 8.39258e+18
5 68 1.19293e+19
6 68 3.36571e+19
7 68 3.88259e+19
8 68 2.4786e+19
9 68 4.52122e+19
10 68 9.31347e+19
11 68 1.24656e+20
12 68 1.23524e+20
13 68 8.86484e+19
14 68 4.4798e+19
15 68 3.22262e+19
16 68 2.08948e+19
17 68 7.98543e+18
18 68 4.77841e+18
19 68 3.71239e+18
20 68 1.60409e+19
21 68 2.66639e+21
22 68 5.30997e+21
23 68 5.32706e+21
24 68 5.3311e+21
25 68 5.38457e+21
26 68 5.40615e+21
27 68 5.51419e+21
28 68 5.62205e+21
29 68 5.48956e+21
30 68 5.43507e+21
31 68 5.40441e+21
32 68 5.41482e+21
33 68 5.48964e+21
34 68 5.51054e+21
35 68 5.42e+21
36 68 5.30907e+21
37 68 5.3226e+21
38 68 5.4394e+21
39 68 5.54195e+21
40 68 5.51217e+21
41 68 5.57173e+21
42 68 5.53135e+21
43 68 5.43805e+21
44 68 5.44239e+21
45 68 5.40766e+21
46 68 5.45974e+21
47 68 5.43694e+21
48 68 5.40834e+21
49 68 5.45492e+21
50 68 5.54539e+21
51 68 5.6003e+21
52 68 5.50869e+21
53 68 5.40759e+21
54 68 5.37537e+21
55 68 5.39839e+21
56 68 5.45583e+21
57 68 5.54068e+21
58 68 5.52399e+21
59 68 5.40642e+21
60 68 5.40431e+21
61 68 5.57367e+21
62 68 5.6821e+21
0 69 1.0119e+18
1 69 1.01935e+18
2 69 1.03059e+18
3 69 1.04275e+18
4 69 1.08609e+18
5 69 1.20146e+18
6 69 1.33616e+18
7 69 1.36724e+18
8 69 1.33003e+18
9 69 1.35266e+18
10 69 1.37352e+18
11 69 1.36039e+18
12 69 1.44089e+18
13 69 1.50939e+18
14 69 1.38018e+18
15 69 1.23808e+18
16 69 1.16072e+18
17 69 1.10691e+18
18 69 1.46503e+18
19 69 8.71199e+18
20 69 2.51868e+21
21 69 7.51089e+21
22 69 1e+22
23 69 1e+22
24 69 1e+22
25 69 1e+22
26 69 1e+22
27 69 1e+22
28 69 1e+22
29 69 1e+22
30 69 1e+22
31 69 1e+22
32 69 1e+22
33 69 1e+22
34 69 1e+22
35 69 1e+22
36 69 1e+22
37 69 1e+22
38 69 1e+22
39 69 1e+22
40 69 1e+22
41 69 1e+22
42 69 1e+22
43 69 1e+22
44 69 1e+22
45 69 1e+22
46 69 1e+22
47 69 1e+22
48 69 1e+22
49 69 1e+22
50 69 1e+22
51 69 1e+22
52 69 1e+22
53 69 1e+22
54 69 1e+22
55 69 1e+22
56 69 1e+22
57 69 1e+22
58 69 1e+22
59 69 1e+22
60 69 1e+22
61 69 1e+22
62 69 1e+22
0 70 1e+18
1 70 1e+18
2 70 1e+18
3 70 1e+18
4 70 1e+18
5 70 1e+18
6 70 1e+18
7 70 1e+18
8 70 1e+18
9 70 1e+18
10 70 1e+18
11 70 1e+18
12 70 1e+18
13 70 1e+18
14 70 1e+18
15 70 1e+18
16 70 1.00433e+18
17 70 1.11679e+18
18 70 6.32971e+18
19 70 2.51288e+21
20 70 7.50717e+21
21 70 1e+22
22 70 1e+22
23 70 1e+22
24 70 1e+22
25 70 1e+22
26 70 1e+22
27 70 1e+22
28 70 1e+22
29 70 1e+22
30 70 1e+22
31 70 1e+22
32 70 1e+22
33 70 1e+22
34 70 1e+22
35 70 1e+22
36 70 1e+22
37 70 1e+22
38 70 1e+22
39 70 1e+22
40 70 1e+22
41 70 1e+22
42 70 1e+22
43 70 1e+22
44 70 1e+22
45 70 1e+22
46 70 1e+22
47 70 1e+22
48 70 1e+22
49 70 1e+22
50 70 1e+22
51 70 1e+22
52 70 1e+22
53 70 1e+22
54 70 1e+22
55 70 1e+22
56 70 1e+22
57 70 1e+22
58 70 1e+22
59 70 1e+22
60 70 1e+22
61 70 1e+22
62 70 1e+22
0 71 1e+18
1 71 1e+18
2 71 1e+18
3 71 1e+18
4 71 1e+18
5 71 1e+18
6 71 1e+18
7 71 1e+18
8 71 1e+18
9 71 1e+18
10 71 1e+18
11 71 1e+18
12 71 1e+18
13 71 1e+18
14 71 1e+18
15 71 1e+18
16 71 1.12715e+18
17 71 4.30477e+18
18 71 2.50881e+21
19 71 7.50514e+21
20 71 1e+22
21 71 1e+22
22 71 1e+22
23 71 1e+22
24 71 1e+22
25 71 1e+22
26 71 1e+22
27 71 1e+22
28 71 1e+22
29 71 1e+22
30 71 1e+22
31 71 1e+22
32 71 1e+22
33 71 1e+22
34 71 1e+22
35 71 1e+22
36 71 1e+22
37 71 1e+22
38 71 1e+22
39 71 1e+22
40 71 1e+22
41 71 1e+22
42 71 1e+22
43 71 1e+22
44 71 1e+22
45 71 1e+22
46 71 1e+22
47 71 1e+22
48 71 1e+22
49 71 1e+22
50 71 1e+22
51 71 1e+22
52 71 1e+22
53 71 1e+22
54 71 1e+22
55 71 1e+22
56 71 1e+22
57 71 1e+22
58 71 1e+22
59 71 1e+22
60 71 1e+22
61 71 1e+22
62 71 1e+22
0 72 1e+18
1 72 1e+18
2 72 1e+18
3 72 1e+18
4 72 1e+18
5 72 1e+18
6 72 1e+18
7 72 1e+18
8 72 1e+18
9 72 1e+18
10 72 1e+18
11 72 1e+18
12 72 1e+18
13 72 1e+18
14 72 1.00249e+18
15 72 1.09494e+18
16 72 2.24481e+18
17 72 3.91907e+20
18 72 5.39025e+21
19 72 1e+22
20 72 1e+22
21 72 1e+22
22 72 1e+22
23 72 1e+22
24 72 1e+22
25 72 1e+22
26 72 1e+22
27 72 1e+22
28 72 1e+22
29 72 1e+22
30 72 1e+22
31 72 1e+22
32 72 1e+22
33 72 1e+22
34 72 1e+22
35 72 1e+22
36 72 1e+22
37 72 1e+22
38 72 1e+22
39 72 1e+22
40 72 1e+22
41 72 1e+22
42 72 1e+22
43 72 1e+22
44 72 1e+22
45 72 1e+22
46 72 1e+22
47 72 1e+22
48 72 1e+22
49 72 1e+22
50 72 1e+22
51 72 1e+22
52 72 1e+22
53 72 1e+22
54 72 1e+22
55 72 1e+22
56 72 1e+22
57 72 1e+22
58 72 1e+22
59 72 1e+22
60 72 1e+22
61 72 1e+22
62 72 1e+22
0 73 1e+18
1 73 1e+18
2 73 1e+18
3 73 1e+18
4 73 1e+18
5 73 1e+18
6 73 1e+18
7 73 1e+18
8 73 1e+18
9 73 1e+18
10 73 1e+18
11 73 1e+18
12 73 1e+18
13 73 1.00137e+18
14 73 1.14489e+18
15 73 3.45113e+18
16 73 2.50409e+21
17 73 5.38822e+21
18 73 7.88694e+21
19 73 1e+22
20 73 1e+22
21 73 1e+22
22 73 1e+22
23 73 1e+22
24 73 1e+22
25 73 1e+22
26 73 1e+22
27 73 1e+22
28 73 1e+22
29 73 1e+22
30 73 1e+22
31 73 1e+22
32 73 1e+22
33 73 1e+22
34 73 1e+22
35 73 1e+22
36 73 1e+22
37 73 1e+22
38 73 1e+22
39 73 1e+22
40 73 1e+22
41 73 1e+22
42 73 1e+22
43 73 1e+22
44 73 1e+22
45 73 1e+22
46 73 1e+22
47 73 1e+22
48 73 1e+22
49 73 1e+22
50 73 1e+22
51 73 1e+22
52 73 1e+22
53 73 1e+22
54 73 1e+22
55 73 1e+22
56 73 1e+22
57 73 1e+22
58 73 1e+22
59 73 1e+22
60 73 1e+22
61 73 1e+22
62 73 1e+22
0 74 1e+18
1 74 1e+18
2 74 1e+18
3 74 1e+18
4 74 1e+18
5 74 1e+18
6 74 1e+18
7 74 1e+18
8 74 1e+18
9 74 1e+18
10 74 1e+18
11 74 1.00005e+18
12 74 1.0172e+18
13 74 1.22331e+18
14 74 2.76994e+18
15 74 2.50453e+21
16 74 7.50247e+21
17 74 1e+22
18 74 1e+22
19 74 1e+22
20 74 1e+22
21 74 1e+22
22 74 1e+22
23 74 1e+22
24 74 1e+22
25 74 1e+22
26 74 1e+22
27 74 1e+22
28 74 1e+22
29 74 1e+22
30 74 1e+22
31 74 1e+22
32 74 1e+22
33 74 1e+22
34 74 1e+22
35 74 1e+22
36 74 1e+22
37 74 1e+22
38 74 1e+22
39 74 1e+22
40 74 1e+22
41 74 1e+22
42 74 1e+22
43 74 1e+22
44 74 1e+22
45 74 1e+22
46 74 1e+22
47 74 1e+22
48 74 1e+22
49 74 1e+22
50 74 1e+22
51 74 1e+22
52 74 1e+22
53 74 1e+22
54 74 1e+22
55 74 1e+22
56 74 1e+22
57 74 1e+22
58 74 1e+22
59 74 1e+22
60 74 1e+22
61 74 1e+22
62 74 1e+22
0 75 1e+18
1 75 1e+18
2 75 1e+18
3 75 1e+18
4 75 1e+18
5 75 1e+18
6 75 1e+18
7 75 1e+18
8 75 1e+18
9 75 1.00023e+18
10 75 1.01774e+18
11 75 1.07766e+18
12 75 1.46284e+18
13 75 8.45371e+18
14 75 2.50922e+21
15 75 7.50167e+21
16 75 1e+22
17 75 1e+22
18 75 1e+22
19 75 1e+22
20 75 1e+22
21 75 1e+22
22 75 1e+22
23 75 1e+22
24 75 1e+22
25 75 1e+22
26 75 1e+22
27 75 1e+22
28 75 1e+22
29 75 1e+22
30 75 1e+22
31 75 1e+22
32 75 1e+22
33 75 1e+22
34 75 1e+22
35 75 1e+22
36 75 1e+22
37 75 1e+22
38 75 1e+22
39 75 1e+22
40 75 1e+22
41 75 1e+22
42 75 1e+22
43 75 1e+22
44 75 1e+22
45 75 1e+22
46 75 1e+22
47 75 1e+22
48 75 1e+22
49 75 1e+22
50 75 1e+22
51 75 1e+22
52 75 1e+22
53 75 1e+22
54 75 1e+22
55 75 1e+22
56 75 1e+22
57 75 1e+22
58 75 1e+22
59 75 1e+22
60 75 1e+22
61 75 1e+22
62 75 1e+22
0 76 1e+18
1 76 1e+18
2 76 1e+18
3 76 1e+18
4 76 1e+18
5 76 1e+18
6 76 1.00005e+18
7 76 1.00239e+18
8 76 1.02997e+18
9 76 1.11154e+18
10 76 1.34143e+18
11 76 4.30214e+18
12 76 2.74241e+19
13 76 2.53098e+21
14 76 7.5071e+21
15 76 1e+22
16 76 1e+22
17 76 1e+22
18 76 1e+22
19 76 1e+22
20 76 1e+22
21 76 1e+22
22 76 1e+22
23 76 1e+22
24 76 1e+22
25 76 1e+22
26 76 1e+22
27 76 1e+22
28 76 1e+22
29 76 1e+22
30 76 1e+22
31 76 1e+22
32 76 1e+22
33 76 1e+22
34 76 1e+22
35 76 1e+22
36 76 1e+22
37 76 1e+22
38 76 1e+22
39 76 1e+22
40 76 1e+22
41 76 1e+22
42 76 1e+22
43 76 1e+22
44 76 1e+22
45 76 1e+22
46 76 1e+22
47 76 1e+22
48 76 1e+22
49 76 1e+22
50 76 1e+22
51 76 1e+22
52 76 1e+22
53 76 1e+22
54 76 1e+22
55 76 1e+22
56 76 1e+22
57 76 1e+22
58 76 1e+22
59 76 1e+22
60 76 1e+22
61 76 1e+22
62 76 1e+22
0 77 1.04466e+18
1 77 1.04858e+18
2 77 1.05501e+18
3 77 1.04373e+18
4 77 1.04422e+18
5 77 1.05415e+18
6 77 1.0966e+18
7 77 1.22168e+18
8 77 1.57458e+18
9 77 3.31581e+18
10 77 3.67596e+19
11 77 2.5376e+21
12 77 5.02648e+21
13 77 7.52324e+21
14 77 1e+22
15 77 1e+22
16 77 1e+22
17 77 1e+22
18 77 1e+22
19 77 1e+22
20 77 1e+22
21 77 1e+22
22 77 1e+22
23 77 1e+22
24 77 1e+22
25 77 1e+22
26 77 1e+22
27 77 1e+22
28 77 1e+22
29 77 1e+22
30 77 1e+22
31 77 1e+22
32 77 1e+22
33 77 1e+22
34 77 1e+22
35 77 1e+22
36 77 1e+22
37 77 1e+22
38 77 1e+22
39 77 1e+22
40 77 1e+22
41 77 1e+22
42 77 1e+22
43 77 1e+22
44 77 1e+22
45 77 1e+22
46 77 1e+22
47 77 1e+22
48 77 1e+22
49 77 1e+22
50 77 1e+22
51 77 1e+22
52 77 1e+22
53 77 1e+22
54 77 1e+22
55 77 1e+22
56 77 1e+22
57 77 1e+22
58 77 1e+22
59 77 1e+22
60 77 1e+22
61 77 1e+22
62 77 1e+22
0 78 2.14478e+18
1 78 2.00282e+18
2 78 2.03423e+18
3 78 2.03466e+18
4 78 2.2274e+18
5 78 2.6173e+18
6 78 4.62662e+18
7 78 1.06891e+19
8 78 4.42362e+19
9 78 4.12203e+20
10 78 2.90935e+21
11 78 7.53388e+21
12 78 1e+22
13 78 1e+22
14 78 1e+22
15 78 1e+22
16 78 1e+22
17 78 1e+22
18 78 1e+22
19 78 1e+22
20 78 1e+22
21 78 1e+22
22 78 1e+22
23 78 1e+22
24 78 1e+22
25 78 1e+22
26 78 1e+22
27 78 1e+22
28 78 1e+22
29 78 1e+22
30 78 1e+22
31 78 1e+22
32 78 1e+22
33 78 1e+22
34 78 1e+22
35 78 1e+22
36 78 1e+22
37 78 1e+22
38 78 1e+22
39 78 1e+22
40 78 1e+22
41 78 1e+22
42 78 1e+22
43 78 1e+22
44 78 1e+22
45 78 1e+22
46 78 1e+22
47 78 1e+22
48 78 1e+22
49 78 1e+22
50 78 1e+22
51 78 1e+22
52 78 1e+22
53 78 1e+22
54 78 1e+22
55 78 1e+22
56 78 1e+22
57 78 1e+22
58 78 1e+22
59 78 1e+22
60 78 1e+22
61 78 1e+22
62 78 9.99986e+21
0 79 6.55868e+19
1 79 8.94092e+19
2 79 1.30467e+20
3 79 1.11477e+20
4 79 1.01069e+20
5 79 1.5825e+20
6 79 2.38547e+20
7 79 1.84175e+21
8 79 4.2264e+21
9 79 5.4095e+21
10 79 7.87342e+21
11 79 1e+22
12 79 1e+22
13 79 1e+22
14 79 1e+22
15 79 1e+22
16 79 1e+22
17 79 1e+22
18 79 1e+22
19 79 1e+22
20 79 1e+22
21 79 1e+22
22 79 1e+22
23 79 1e+22
24 79 1e+22
25 79 1e+22
26 79 1e+22
27 79 1e+22
28 79 1e+22
29 79 1e+22
30 79 1e+22
31 79 1e+22
32 79 1e+22
33 79 1e+22
34 79 1e+22
35 79 1e+22
36 79 1e+22
37 79 1e+22
38 79 1e+22
39 79 1e+22
40 79 1e+22
41 79 1e+22
42 79 1e+22
43 79 1e+22
44 79 1e+22
45 79 1e+22
46 79 1e+22
47 79 1e+22
48 79 1e+22
49 79 1e+22
50 79 1e+22
51 79 1e+22
52 79 1e+22
53 79 1e+22
54 79 1e+22
55 79 1e+22
56 79 1e+22
57 79 1e+22
58 79 1e+22
59 79 1e+22
60 79 1e+22
61 79 1e+22
62 79 9.98363e+21
