189 0 4.31036e+19
190 0 4.31379e+19
191 0 4.31236e+19
192 0 4.30975e+19
193 0 4.30983e+19
194 0 4.30587e+19
195 0 4.30928e+19
196 0 4.30948e+19
197 0 4.30833e+19
198 0 4.3089e+19
199 0 4.31292e+19
200 0 4.31672e+19
201 0 4.31239e+19
202 0 4.3079e+19
203 0 4.31166e+19
204 0 4.31742e+19
205 0 4.31013e+19
206 0 4.30843e+19
207 0 4.31528e+19
208 0 4.32019e+19
209 0 4.31696e+19
210 0 4.30871e+19
211 0 4.30918e+19
212 0 4.30889e+19
213 0 4.30862e+19
214 0 4.31297e+19
215 0 4.31285e+19
216 0 4.31507e+19
217 0 4.31797e+19
218 0 4.32136e+19
219 0 4.31439e+19
220 0 4.30713e+19
221 0 4.31369e+19
222 0 4.31392e+19
223 0 4.31206e+19
224 0 4.30995e+19
225 0 4.30463e+19
226 0 4.30698e+19
227 0 4.31104e+19
228 0 4.30859e+19
229 0 4.30734e+19
230 0 4.31183e+19
231 0 4.31467e+19
232 0 4.31293e+19
233 0 4.30838e+19
234 0 4.30849e+19
235 0 4.31103e+19
236 0 4.31008e+19
237 0 4.31183e+19
238 0 4.31122e+19
239 0 4.31192e+19
240 0 4.31333e+19
241 0 4.31176e+19
242 0 4.31221e+19
243 0 4.31554e+19
244 0 4.32019e+19
245 0 4.3142e+19
246 0 4.30587e+19
247 0 4.30521e+19
248 0 4.30691e+19
249 0 4.3108e+19
189 1 4.4163e+19
190 1 4.41897e+19
191 1 4.41927e+19
192 1 4.42037e+19
193 1 4.42141e+19
194 1 4.42344e+19
195 1 4.42127e+19
196 1 4.41789e+19
197 1 4.41779e+19
198 1 4.41715e+19
199 1 4.41705e+19
200 1 4.41591e+19
201 1 4.41931e+19
202 1 4.42144e+19
203 1 4.41819e+19
204 1 4.41725e+19
205 1 4.41805e+19
206 1 4.41704e+19
207 1 4.41789e+19
208 1 4.42074e+19
209 1 4.41577e+19
210 1 4.41601e+19
211 1 4.42298e+19
212 1 4.42102e+19
213 1 4.41781e+19
214 1 4.41974e+19
215 1 4.41952e+19
216 1 4.41584e+19
217 1 4.42077e+19
218 1 4.42364e+19
219 1 4.41776e+19
220 1 4.41615e+19
221 1 4.41999e+19
222 1 4.41908e+19
223 1 4.41628e+19
224 1 4.4188e+19
225 1 4.41845e+19
226 1 4.41743e+19
227 1 4.4168e+19
228 1 4.41795e+19
229 1 4.4177e+19
230 1 4.41808e+19
231 1 4.42114e+19
232 1 4.41874e+19
233 1 4.41939e+19
234 1 4.42107e+19
235 1 4.41865e+19
236 1 4.41575e+19
237 1 4.41573e+19
238 1 4.41857e+19
239 1 4.41796e+19
240 1 4.41639e+19
241 1 4.41756e+19
242 1 4.4184e+19
243 1 4.41815e+19
244 1 4.42103e+19
245 1 4.419e+19
246 1 4.41743e+19
247 1 4.41877e+19
248 1 4.41787e+19
249 1 4.42048e+19
189 2 4.54812e+19
190 2 4.55048e+19
191 2 4.55324e+19
192 2 4.55057e+19
193 2 4.55253e+19
194 2 4.55583e+19
195 2 4.55345e+19
196 2 4.55016e+19
197 2 4.55058e+19
198 2 4.54905e+19
199 2 4.54991e+19
200 2 4.55064e+19
201 2 4.54993e+19
202 2 4.55147e+19
203 2 4.55131e+19
204 2 4.54953e+19
205 2 4.55275e+19
206 2 4.55189e+19
207 2 4.55182e+19
208 2 4.55405e+19
209 2 4.54999e+19
210 2 4.54801e+19
211 2 4.55235e+19
212 2 4.55358e+19
213 2 4.55067e+19
214 2 4.55044e+19
215 2 4.55073e+19
216 2 4.55288e+19
217 2 4.55738e+19
218 2 4.5524e+19
219 2 4.54856e+19
220 2 4.55214e+19
221 2 4.5511e+19
222 2 4.55179e+19
223 2 4.55007e+19
224 2 4.54813e+19
225 2 4.55007e+19
226 2 4.55249e+19
227 2 4.55044e+19
228 2 4.55083e+19
229 2 4.5538e+19
230 2 4.55017e+19
231 2 4.54921e+19
232 2 4.55143e+19
233 2 4.55253e+19
234 2 4.55184e+19
235 2 4.55505e+19
236 2 4.55306e+19
237 2 4.54976e+19
238 2 4.55404e+19
239 2 4.5548e+19
240 2 4.55137e+19
241 2 4.55171e+19
242 2 4.55549e+19
243 2 4.55164e+19
244 2 4.54866e+19
245 2 4.55132e+19
246 2 4.5537e+19
247 2 4.5538e+19
248 2 4.55169e+19
249 2 4.55175e+19
189 3 4.69041e+19
190 3 4.68907e+19
191 3 4.6902e+19
192 3 4.68802e+19
193 3 4.68723e+19
194 3 4.68822e+19
195 3 4.68669e+19
196 3 4.68408e+19
197 3 4.68741e+19
198 3 4.68823e+19
199 3 4.68631e+19
200 3 4.69151e+19
201 3 4.68928e+19
202 3 4.68615e+19
203 3 4.68907e+19
204 3 4.69179e+19
205 3 4.69122e+19
206 3 4.68942e+19
207 3 4.68841e+19
208 3 4.68736e+19
209 3 4.68965e+19
210 3 4.69008e+19
211 3 4.68756e+19
212 3 4.68664e+19
213 3 4.68865e+19
214 3 4.68641e+19
215 3 4.6855e+19
216 3 4.68878e+19
217 3 4.68765e+19
218 3 4.68893e+19
219 3 4.69286e+19
220 3 4.69367e+19
221 3 4.68595e+19
222 3 4.68442e+19
223 3 4.68983e+19
224 3 4.68948e+19
225 3 4.69041e+19
226 3 4.69033e+19
227 3 4.69113e+19
228 3 4.68638e+19
229 3 4.6851e+19
230 3 4.68972e+19
231 3 4.68768e+19
232 3 4.6888e+19
233 3 4.6908e+19
234 3 4.68936e+19
235 3 4.69189e+19
236 3 4.69324e+19
237 3 4.69084e+19
238 3 4.68786e+19
239 3 4.68737e+19
240 3 4.69008e+19
241 3 4.69254e+19
242 3 4.69023e+19
243 3 4.68849e+19
244 3 4.68591e+19
245 3 4.68694e+19
246 3 4.69025e+19
247 3 4.68877e+19
248 3 4.68875e+19
249 3 4.6857e+19
189 4 4.83099e+19
190 4 4.82955e+19
191 4 4.82918e+19
192 4 4.8301e+19
193 4 4.83105e+19
194 4 4.82956e+19
195 4 4.82717e+19
196 4 4.82973e+19
197 4 4.83046e+19
198 4 4.83097e+19
199 4 4.82975e+19
200 4 4.8311e+19
201 4 4.82973e+19
202 4 4.82574e+19
203 4 4.82782e+19
204 4 4.83227e+19
205 4 4.83064e+19
206 4 4.82847e+19
207 4 4.82976e+19
208 4 4.82904e+19
209 4 4.83117e+19
210 4 4.83177e+19
211 4 4.82638e+19
212 4 4.82777e+19
213 4 4.83287e+19
214 4 4.83077e+19
215 4 4.83016e+19
216 4 4.82836e+19
217 4 4.82673e+19
218 4 4.82969e+19
219 4 4.83086e+19
220 4 4.83049e+19
221 4 4.82977e+19
222 4 4.83012e+19
223 4 4.83127e+19
224 4 4.83324e+19
225 4 4.83473e+19
226 4 4.83057e+19
227 4 4.83012e+19
228 4 4.82935e+19
229 4 4.82826e+19
230 4 4.83188e+19
231 4 4.82946e+19
232 4 4.82939e+19
233 4 4.83046e+19
234 4 4.82897e+19
235 4 4.82971e+19
236 4 4.82955e+19
237 4 4.82637e+19
238 4 4.82715e+19
239 4 4.82968e+19
240 4 4.8311e+19
241 4 4.83075e+19
242 4 4.82657e+19
243 4 4.82549e+19
244 4 4.82719e+19
245 4 4.82795e+19
246 4 4.82797e+19
247 4 4.83005e+19
248 4 4.82932e+19
249 4 4.82805e+19
189 5 4.97186e+19
190 5 4.97045e+19
191 5 4.97416e+19
192 5 4.97261e+19
193 5 4.97353e+19
194 5 4.97337e+19
195 5 4.97435e+19
196 5 4.98136e+19
197 5 4.97728e+19
198 5 4.97203e+19
199 5 4.97498e+19
200 5 4.9751e+19
201 5 4.97177e+19
202 5 4.97307e+19
203 5 4.9756e+19
204 5 4.97064e+19
205 5 4.97012e+19
206 5 4.97492e+19
207 5 4.97484e+19
208 5 4.97347e+19
209 5 4.97573e+19
210 5 4.97597e+19
211 5 4.97252e+19
212 5 4.97305e+19
213 5 4.97231e+19
214 5 4.97659e+19
215 5 4.97851e+19
216 5 4.97385e+19
217 5 4.97494e+19
218 5 4.97218e+19
219 5 4.97105e+19
220 5 4.97291e+19
221 5 4.97602e+19
222 5 4.97799e+19
223 5 4.97547e+19
224 5 4.97413e+19
225 5 4.97111e+19
226 5 4.97196e+19
227 5 4.97291e+19
228 5 4.97529e+19
229 5 4.9798e+19
230 5 4.97585e+19
231 5 4.97307e+19
232 5 4.97388e+19
233 5 4.97508e+19
234 5 4.97437e+19
235 5 4.97272e+19
236 5 4.97477e+19
237 5 4.97451e+19
238 5 4.97454e+19
239 5 4.97406e+19
240 5 4.97379e+19
241 5 4.97478e+19
242 5 4.97575e+19
243 5 4.9744e+19
244 5 4.97322e+19
245 5 4.97375e+19
246 5 4.97218e+19
247 5 4.97396e+19
248 5 4.97589e+19
249 5 4.9759e+19
189 6 5.1244e+19
190 6 5.12123e+19
191 6 5.12026e+19
192 6 5.12302e+19
193 6 5.12111e+19
194 6 5.12091e+19
195 6 5.12493e+19
196 6 5.12601e+19
197 6 5.12606e+19
198 6 5.12333e+19
199 6 5.12183e+19
200 6 5.12383e+19
201 6 5.12435e+19
202 6 5.12502e+19
203 6 5.12311e+19
204 6 5.12273e+19
205 6 5.12458e+19
206 6 5.12184e+19
207 6 5.12006e+19
208 6 5.12269e+19
209 6 5.11988e+19
210 6 5.12338e+19
211 6 5.12579e+19
212 6 5.1231e+19
213 6 5.12272e+19
214 6 5.12197e+19
215 6 5.12191e+19
216 6 5.12223e+19
217 6 5.12034e+19
218 6 5.1202e+19
219 6 5.12426e+19
220 6 5.12151e+19
221 6 5.12281e+19
222 6 5.12635e+19
223 6 5.12178e+19
224 6 5.11991e+19
225 6 5.12199e+19
226 6 5.12203e+19
227 6 5.11934e+19
228 6 5.12013e+19
229 6 5.11952e+19
230 6 5.12027e+19
231 6 5.12637e+19
232 6 5.12226e+19
233 6 5.11983e+19
234 6 5.1227e+19
235 6 5.12185e+19
236 6 5.12399e+19
237 6 5.1245e+19
238 6 5.12283e+19
239 6 5.12141e+19
240 6 5.12102e+19
241 6 5.12245e+19
242 6 5.12358e+19
243 6 5.12716e+19
244 6 5.12536e+19
245 6 5.12307e+19
246 6 5.12411e+19
247 6 5.1224e+19
248 6 5.12244e+19
249 6 5.12232e+19
189 7 5.27464e+19
190 7 5.27482e+19
191 7 5.27259e+19
192 7 5.27407e+19
193 7 5.27427e+19
194 7 5.27502e+19
195 7 5.27629e+19
196 7 5.27362e+19
197 7 5.2754e+19
198 7 5.28063e+19
199 7 5.27947e+19
200 7 5.27384e+19
201 7 5.2777e+19
202 7 5.28108e+19
203 7 5.2763e+19
204 7 5.27525e+19
205 7 5.2774e+19
206 7 5.27694e+19
207 7 5.27459e+19
208 7 5.27554e+19
209 7 5.27635e+19
210 7 5.27764e+19
211 7 5.27816e+19
212 7 5.2767e+19
213 7 5.27875e+19
214 7 5.27758e+19
215 7 5.27465e+19
216 7 5.27373e+19
217 7 5.27037e+19
218 7 5.27403e+19
219 7 5.27806e+19
220 7 5.27387e+19
221 7 5.27232e+19
222 7 5.27317e+19
223 7 5.27389e+19
224 7 5.27379e+19
225 7 5.27811e+19
226 7 5.2804e+19
227 7 5.27746e+19
228 7 5.27555e+19
229 7 5.27224e+19
230 7 5.27398e+19
231 7 5.27608e+19
232 7 5.27426e+19
233 7 5.27246e+19
234 7 5.27589e+19
235 7 5.27613e+19
236 7 5.27186e+19
237 7 5.27617e+19
238 7 5.27867e+19
239 7 5.27661e+19
240 7 5.27582e+19
241 7 5.27545e+19
242 7 5.27473e+19
243 7 5.27428e+19
244 7 5.27729e+19
245 7 5.27668e+19
246 7 5.27531e+19
247 7 5.27642e+19
248 7 5.2748e+19
249 7 5.2757e+19
189 8 5.43263e+19
190 8 5.43631e+19
191 8 5.43421e+19
192 8 5.43515e+19
193 8 5.43357e+19
194 8 5.43208e+19
195 8 5.43257e+19
196 8 5.43038e+19
197 8 5.42796e+19
198 8 5.4322e+19
199 8 5.43648e+19
200 8 5.43302e+19
201 8 5.43307e+19
202 8 5.43363e+19
203 8 5.43632e+19
204 8 5.43221e+19
205 8 5.43009e+19
206 8 5.4383e+19
207 8 5.43615e+19
208 8 5.43261e+19
209 8 5.43457e+19
210 8 5.43324e+19
211 8 5.43597e+19
212 8 5.43627e+19
213 8 5.43426e+19
214 8 5.43758e+19
215 8 5.4361e+19
216 8 5.43302e+19
217 8 5.4341e+19
218 8 5.43337e+19
219 8 5.43219e+19
220 8 5.43402e+19
221 8 5.43212e+19
222 8 5.42759e+19
223 8 5.43227e+19
224 8 5.43463e+19
225 8 5.42996e+19
226 8 5.43213e+19
227 8 5.43757e+19
228 8 5.43559e+19
229 8 5.43531e+19
230 8 5.43664e+19
231 8 5.43235e+19
232 8 5.43417e+19
233 8 5.43338e+19
234 8 5.43356e+19
235 8 5.43291e+19
236 8 5.4294e+19
237 8 5.43432e+19
238 8 5.43291e+19
239 8 5.42942e+19
240 8 5.43104e+19
241 8 5.43213e+19
242 8 5.43254e+19
243 8 5.43058e+19
244 8 5.43039e+19
245 8 5.43455e+19
246 8 5.43501e+19
247 8 5.43427e+19
248 8 5.43506e+19
249 8 5.43399e+19
189 9 5.59507e+19
190 9 5.59533e+19
191 9 5.59616e+19
192 9 5.59498e+19
193 9 5.59319e+19
194 9 5.59476e+19
195 9 5.59293e+19
196 9 5.59318e+19
197 9 5.59397e+19
198 9 5.59049e+19
199 9 5.58921e+19
200 9 5.59477e+19
201 9 5.5965e+19
202 9 5.59006e+19
203 9 5.59061e+19
204 9 5.59561e+19
205 9 5.59224e+19
206 9 5.59119e+19
207 9 5.59529e+19
208 9 5.59409e+19
209 9 5.59101e+19
210 9 5.59029e+19
211 9 5.59374e+19
212 9 5.5952e+19
213 9 5.59425e+19
214 9 5.59387e+19
215 9 5.59474e+19
216 9 5.59799e+19
217 9 5.59629e+19
218 9 5.59318e+19
219 9 5.59357e+19
220 9 5.5985e+19
221 9 5.60078e+19
222 9 5.59592e+19
223 9 5.59471e+19
224 9 5.59829e+19
225 9 5.59492e+19
226 9 5.5928e+19
227 9 5.59565e+19
228 9 5.59657e+19
229 9 5.59344e+19
230 9 5.59074e+19
231 9 5.59429e+19
232 9 5.59531e+19
233 9 5.59523e+19
234 9 5.59381e+19
235 9 5.59399e+19
236 9 5.5946e+19
237 9 5.59284e+19
238 9 5.59248e+19
239 9 5.59441e+19
240 9 5.59313e+19
241 9 5.59138e+19
242 9 5.59349e+19
243 9 5.5946e+19
244 9 5.59287e+19
245 9 5.5927e+19
246 9 5.59421e+19
247 9 5.593e+19
248 9 5.59244e+19
249 9 5.59277e+19
189 10 5.75732e+19
190 10 5.75533e+19
191 10 5.76301e+19
192 10 5.76126e+19
193 10 5.75824e+19
194 10 5.76031e+19
195 10 5.75896e+19
196 10 5.75782e+19
197 10 5.75968e+19
198 10 5.76177e+19
199 10 5.75843e+19
200 10 5.75921e+19
201 10 5.76048e+19
202 10 5.75796e+19
203 10 5.75492e+19
204 10 5.75799e+19
205 10 5.76345e+19
206 10 5.75617e+19
207 10 5.75683e+19
208 10 5.76037e+19
209 10 5.76091e+19
210 10 5.76054e+19
211 10 5.75696e+19
212 10 5.75735e+19
213 10 5.75742e+19
214 10 5.75684e+19
215 10 5.75824e+19
216 10 5.76286e+19
217 10 5.76233e+19
218 10 5.75962e+19
219 10 5.759e+19
220 10 5.75854e+19
221 10 5.76252e+19
222 10 5.7617e+19
223 10 5.75975e+19
224 10 5.76096e+19
225 10 5.76153e+19
226 10 5.75972e+19
227 10 5.7569e+19
228 10 5.75982e+19
229 10 5.76239e+19
230 10 5.758e+19
231 10 5.75891e+19
232 10 5.7625e+19
233 10 5.76273e+19
234 10 5.7606e+19
235 10 5.76109e+19
236 10 5.76288e+19
237 10 5.75998e+19
238 10 5.76274e+19
239 10 5.76563e+19
240 10 5.76253e+19
241 10 5.75885e+19
242 10 5.75861e+19
243 10 5.76354e+19
244 10 5.76417e+19
245 10 5.75742e+19
246 10 5.75674e+19
247 10 5.76132e+19
248 10 5.75979e+19
249 10 5.758e+19
189 11 5.92819e+19
190 11 5.92834e+19
191 11 5.93292e+19
192 11 5.93493e+19
193 11 5.9336e+19
194 11 5.9312e+19
195 11 5.93315e+19
196 11 5.93069e+19
197 11 5.9283e+19
198 11 5.93232e+19
199 11 5.93312e+19
200 11 5.93168e+19
201 11 5.93005e+19
202 11 5.93299e+19
203 11 5.93219e+19
204 11 5.92858e+19
205 11 5.93125e+19
206 11 5.93229e+19
207 11 5.93202e+19
208 11 5.93083e+19
209 11 5.93077e+19
210 11 5.92998e+19
211 11 5.92615e+19
212 11 5.92471e+19
213 11 5.92774e+19
214 11 5.93318e+19
215 11 5.92938e+19
216 11 5.92688e+19
217 11 5.93256e+19
218 11 5.93119e+19
219 11 5.92935e+19
220 11 5.9299e+19
221 11 5.92911e+19
222 11 5.9284e+19
223 11 5.92761e+19
224 11 5.927e+19
225 11 5.93141e+19
226 11 5.93183e+19
227 11 5.92985e+19
228 11 5.93009e+19
229 11 5.93115e+19
230 11 5.93392e+19
231 11 5.9305e+19
232 11 5.92972e+19
233 11 5.93021e+19
234 11 5.92976e+19
235 11 5.93091e+19
236 11 5.93024e+19
237 11 5.92559e+19
238 11 5.92486e+19
239 11 5.92519e+19
240 11 5.9309e+19
241 11 5.93582e+19
242 11 5.92775e+19
243 11 5.92774e+19
244 11 5.93427e+19
245 11 5.93452e+19
246 11 5.9313e+19
247 11 5.92896e+19
248 11 5.92919e+19
249 11 5.93252e+19
189 12 6.10331e+19
190 12 6.10582e+19
191 12 6.10383e+19
192 12 6.10621e+19
193 12 6.10833e+19
194 12 6.10655e+19
195 12 6.10594e+19
196 12 6.10917e+19
197 12 6.10795e+19
198 12 6.10547e+19
199 12 6.10586e+19
200 12 6.10478e+19
201 12 6.10608e+19
202 12 6.10865e+19
203 12 6.11007e+19
204 12 6.11005e+19
205 12 6.10583e+19
206 12 6.10644e+19
207 12 6.10684e+19
208 12 6.10315e+19
209 12 6.10201e+19
210 12 6.1041e+19
211 12 6.10799e+19
212 12 6.10578e+19
213 12 6.10331e+19
214 12 6.10361e+19
215 12 6.10586e+19
216 12 6.10399e+19
217 12 6.1035e+19
218 12 6.10721e+19
219 12 6.10449e+19
220 12 6.10527e+19
221 12 6.1033e+19
222 12 6.10272e+19
223 12 6.10438e+19
224 12 6.10342e+19
225 12 6.10363e+19
226 12 6.1026e+19
227 12 6.10101e+19
228 12 6.09875e+19
229 12 6.10177e+19
230 12 6.10418e+19
231 12 6.10409e+19
232 12 6.10386e+19
233 12 6.10078e+19
234 12 6.10057e+19
235 12 6.10309e+19
236 12 6.1044e+19
237 12 6.10218e+19
238 12 6.10037e+19
239 12 6.09926e+19
240 12 6.10234e+19
241 12 6.10833e+19
242 12 6.10424e+19
243 12 6.09789e+19
244 12 6.09989e+19
245 12 6.10272e+19
246 12 6.10523e+19
247 12 6.09994e+19
248 12 6.09963e+19
249 12 6.10355e+19
189 13 6.28637e+19
190 13 6.28442e+19
191 13 6.27868e+19
192 13 6.2827e+19
193 13 6.28273e+19
194 13 6.28228e+19
195 13 6.28585e+19
196 13 6.28465e+19
197 13 6.2826e+19
198 13 6.28221e+19
199 13 6.2852e+19
200 13 6.28425e+19
201 13 6.28329e+19
202 13 6.28604e+19
203 13 6.28824e+19
204 13 6.28667e+19
205 13 6.28071e+19
206 13 6.27981e+19
207 13 6.28084e+19
208 13 6.28578e+19
209 13 6.28756e+19
210 13 6.28644e+19
211 13 6.28487e+19
212 13 6.28392e+19
213 13 6.28416e+19
214 13 6.28096e+19
215 13 6.2847e+19
216 13 6.28379e+19
217 13 6.28379e+19
218 13 6.28837e+19
219 13 6.28262e+19
220 13 6.27808e+19
221 13 6.28117e+19
222 13 6.28514e+19
223 13 6.28707e+19
224 13 6.28678e+19
225 13 6.28385e+19
226 13 6.28271e+19
227 13 6.28353e+19
228 13 6.28452e+19
229 13 6.28626e+19
230 13 6.28308e+19
231 13 6.28494e+19
232 13 6.28602e+19
233 13 6.28358e+19
234 13 6.28456e+19
235 13 6.28286e+19
236 13 6.28184e+19
237 13 6.2839e+19
238 13 6.28611e+19
239 13 6.28813e+19
240 13 6.28364e+19
241 13 6.28062e+19
242 13 6.28454e+19
243 13 6.28406e+19
244 13 6.28176e+19
245 13 6.28229e+19
246 13 6.28439e+19
247 13 6.28622e+19
248 13 6.286e+19
249 13 6.28094e+19
189 14 6.47179e+19
190 14 6.47066e+19
191 14 6.46919e+19
192 14 6.46806e+19
193 14 6.46762e+19
194 14 6.46775e+19
195 14 6.47086e+19
196 14 6.47065e+19
197 14 6.47021e+19
198 14 6.46545e+19
199 14 6.46559e+19
200 14 6.47065e+19
201 14 6.46969e+19
202 14 6.46433e+19
203 14 6.46279e+19
204 14 6.46398e+19
205 14 6.46505e+19
206 14 6.46954e+19
207 14 6.46796e+19
208 14 6.47035e+19
209 14 6.47124e+19
210 14 6.46601e+19
211 14 6.46223e+19
212 14 6.46595e+19
213 14 6.4721e+19
214 14 6.47407e+19
215 14 6.46802e+19
216 14 6.4664e+19
217 14 6.47172e+19
218 14 6.46766e+19
219 14 6.47062e+19
220 14 6.47413e+19
221 14 6.47059e+19
222 14 6.46972e+19
223 14 6.47047e+19
224 14 6.46998e+19
225 14 6.47038e+19
226 14 6.47224e+19
227 14 6.47549e+19
228 14 6.47817e+19
229 14 6.4714e+19
230 14 6.469e+19
231 14 6.46679e+19
232 14 6.46419e+19
233 14 6.46872e+19
234 14 6.47059e+19
235 14 6.47006e+19
236 14 6.46692e+19
237 14 6.47065e+19
238 14 6.47279e+19
239 14 6.47096e+19
240 14 6.47434e+19
241 14 6.47117e+19
242 14 6.4692e+19
243 14 6.4702e+19
244 14 6.46959e+19
245 14 6.47096e+19
246 14 6.46491e+19
247 14 6.4682e+19
248 14 6.47155e+19
249 14 6.46672e+19
189 15 6.66249e+19
190 15 6.66324e+19
191 15 6.66208e+19
192 15 6.65934e+19
193 15 6.66216e+19
194 15 6.65965e+19
195 15 6.65628e+19
196 15 6.65803e+19
197 15 6.6591e+19
198 15 6.659e+19
199 15 6.65766e+19
200 15 6.66025e+19
201 15 6.6608e+19
202 15 6.65356e+19
203 15 6.65228e+19
204 15 6.65741e+19
205 15 6.66165e+19
206 15 6.6612e+19
207 15 6.66015e+19
208 15 6.6574e+19
209 15 6.65648e+19
210 15 6.6588e+19
211 15 6.66093e+19
212 15 6.66223e+19
213 15 6.65898e+19
214 15 6.65858e+19
215 15 6.66134e+19
216 15 6.66283e+19
217 15 6.65794e+19
218 15 6.65466e+19
219 15 6.66117e+19
220 15 6.66332e+19
221 15 6.66256e+19
222 15 6.66048e+19
223 15 6.65542e+19
224 15 6.65513e+19
225 15 6.66013e+19
226 15 6.65877e+19
227 15 6.65533e+19
228 15 6.65785e+19
229 15 6.6539e+19
230 15 6.65728e+19
231 15 6.65614e+19
232 15 6.6535e+19
233 15 6.65644e+19
234 15 6.6545e+19
235 15 6.65734e+19
236 15 6.66049e+19
237 15 6.66064e+19
238 15 6.65742e+19
239 15 6.652e+19
240 15 6.65728e+19
241 15 6.65925e+19
242 15 6.65865e+19
243 15 6.66281e+19
244 15 6.65639e+19
245 15 6.65442e+19
246 15 6.65732e+19
247 15 6.65704e+19
248 15 6.65828e+19
249 15 6.65822e+19
189 16 6.85566e+19
190 16 6.85417e+19
191 16 6.85271e+19
192 16 6.85539e+19
193 16 6.85726e+19
194 16 6.85123e+19
195 16 6.84825e+19
196 16 6.85e+19
197 16 6.84948e+19
198 16 6.85549e+19
199 16 6.85882e+19
200 16 6.85273e+19
201 16 6.84854e+19
202 16 6.8533e+19
203 16 6.85804e+19
204 16 6.85669e+19
205 16 6.85179e+19
206 16 6.85327e+19
207 16 6.85537e+19
208 16 6.85076e+19
209 16 6.85333e+19
210 16 6.85688e+19
211 16 6.85696e+19
212 16 6.85548e+19
213 16 6.85514e+19
214 16 6.85199e+19
215 16 6.85259e+19
216 16 6.8503e+19
217 16 6.84574e+19
218 16 6.85452e+19
219 16 6.85308e+19
220 16 6.84738e+19
221 16 6.85256e+19
222 16 6.85343e+19
223 16 6.85054e+19
224 16 6.85133e+19
225 16 6.85164e+19
226 16 6.85002e+19
227 16 6.85217e+19
228 16 6.85122e+19
229 16 6.85321e+19
230 16 6.85657e+19
231 16 6.85561e+19
232 16 6.85659e+19
233 16 6.85545e+19
234 16 6.85592e+19
235 16 6.85456e+19
236 16 6.85655e+19
237 16 6.85783e+19
238 16 6.85549e+19
239 16 6.85216e+19
240 16 6.84648e+19
241 16 6.85005e+19
242 16 6.85382e+19
243 16 6.85476e+19
244 16 6.85589e+19
245 16 6.85458e+19
246 16 6.85705e+19
247 16 6.85365e+19
248 16 6.85165e+19
249 16 6.85657e+19
189 17 7.05343e+19
190 17 7.05024e+19
191 17 7.05348e+19
192 17 7.05358e+19
193 17 7.05234e+19
194 17 7.05564e+19
195 17 7.05617e+19
196 17 7.05592e+19
197 17 7.05637e+19
198 17 7.05389e+19
199 17 7.05267e+19
200 17 7.05056e+19
201 17 7.04816e+19
202 17 7.05093e+19
203 17 7.05196e+19
204 17 7.05141e+19
205 17 7.05484e+19
206 17 7.05528e+19
207 17 7.05528e+19
208 17 7.05711e+19
209 17 7.05602e+19
210 17 7.05253e+19
211 17 7.05327e+19
212 17 7.0562e+19
213 17 7.05691e+19
214 17 7.05343e+19
215 17 7.05087e+19
216 17 7.05161e+19
217 17 7.05309e+19
218 17 7.05502e+19
219 17 7.05445e+19
220 17 7.05366e+19
221 17 7.04858e+19
222 17 7.05442e+19
223 17 7.0625e+19
224 17 7.05897e+19
225 17 7.05462e+19
226 17 7.05574e+19
227 17 7.05976e+19
228 17 7.05299e+19
229 17 7.0518e+19
230 17 7.04825e+19
231 17 7.05064e+19
232 17 7.05773e+19
233 17 7.05853e+19
234 17 7.05901e+19
235 17 7.05826e+19
236 17 7.05596e+19
237 17 7.05323e+19
238 17 7.05543e+19
239 17 7.05985e+19
240 17 7.05859e+19
241 17 7.05618e+19
242 17 7.054e+19
243 17 7.05043e+19
244 17 7.05696e+19
245 17 7.05518e+19
246 17 7.05246e+19
247 17 7.05527e+19
248 17 7.05377e+19
249 17 7.04954e+19
189 18 7.25836e+19
190 18 7.25827e+19
191 18 7.25949e+19
192 18 7.25482e+19
193 18 7.25285e+19
194 18 7.26042e+19
195 18 7.25837e+19
196 18 7.25609e+19
197 18 7.2594e+19
198 18 7.25787e+19
199 18 7.2546e+19
200 18 7.25511e+19
201 18 7.26014e+19
202 18 7.26109e+19
203 18 7.25911e+19
204 18 7.25876e+19
205 18 7.25903e+19
206 18 7.25557e+19
207 18 7.25834e+19
208 18 7.26403e+19
209 18 7.25735e+19
210 18 7.25414e+19
211 18 7.25878e+19
212 18 7.2607e+19
213 18 7.25872e+19
214 18 7.25811e+19
215 18 7.26126e+19
216 18 7.25967e+19
217 18 7.25958e+19
218 18 7.25838e+19
219 18 7.25676e+19
220 18 7.25697e+19
221 18 7.25471e+19
222 18 7.26021e+19
223 18 7.26287e+19
224 18 7.25901e+19
225 18 7.26025e+19
226 18 7.26226e+19
227 18 7.25848e+19
228 18 7.25949e+19
229 18 7.26029e+19
230 18 7.25474e+19
231 18 7.25807e+19
232 18 7.25961e+19
233 18 7.25947e+19
234 18 7.25473e+19
235 18 7.25382e+19
236 18 7.25818e+19
237 18 7.25338e+19
238 18 7.25336e+19
239 18 7.26075e+19
240 18 7.26096e+19
241 18 7.2564e+19
242 18 7.25824e+19
243 18 7.25592e+19
244 18 7.25725e+19
245 18 7.25903e+19
246 18 7.25965e+19
247 18 7.26318e+19
248 18 7.2634e+19
249 18 7.2588e+19
189 19 7.46457e+19
190 19 7.469e+19
191 19 7.47096e+19
192 19 7.47315e+19
193 19 7.47194e+19
194 19 7.46825e+19
195 19 7.46439e+19
196 19 7.46708e+19
197 19 7.47441e+19
198 19 7.47405e+19
199 19 7.47088e+19
200 19 7.47225e+19
201 19 7.47605e+19
202 19 7.47479e+19
203 19 7.47239e+19
204 19 7.46849e+19
205 19 7.46584e+19
206 19 7.46823e+19
207 19 7.46938e+19
208 19 7.4727e+19
209 19 7.47197e+19
210 19 7.47018e+19
211 19 7.46804e+19
212 19 7.46526e+19
213 19 7.46917e+19
214 19 7.47086e+19
215 19 7.46724e+19
216 19 7.47081e+19
217 19 7.47328e+19
218 19 7.47117e+19
219 19 7.47137e+19
220 19 7.4694e+19
221 19 7.46934e+19
222 19 7.46937e+19
223 19 7.4673e+19
224 19 7.46777e+19
225 19 7.46821e+19
226 19 7.46528e+19
227 19 7.46455e+19
228 19 7.47224e+19
229 19 7.47469e+19
230 19 7.47669e+19
231 19 7.47282e+19
232 19 7.47046e+19
233 19 7.47281e+19
234 19 7.46557e+19
235 19 7.46316e+19
236 19 7.46574e+19
237 19 7.46857e+19
238 19 7.46807e+19
239 19 7.46696e+19
240 19 7.46827e+19
241 19 7.46837e+19
242 19 7.47187e+19
243 19 7.46964e+19
244 19 7.4653e+19
245 19 7.46972e+19
246 19 7.4673e+19
247 19 7.4642e+19
248 19 7.46788e+19
249 19 7.4775e+19
189 20 7.68399e+19
190 20 7.6849e+19
191 20 7.68327e+19
192 20 7.68656e+19
193 20 7.69238e+19
194 20 7.68805e+19
195 20 7.69105e+19
196 20 7.69297e+19
197 20 7.68789e+19
198 20 7.69039e+19
199 20 7.69186e+19
200 20 7.68858e+19
201 20 7.68613e+19
202 20 7.6868e+19
203 20 7.68287e+19
204 20 7.68219e+19
205 20 7.68466e+19
206 20 7.68648e+19
207 20 7.68609e+19
208 20 7.68292e+19
209 20 7.68812e+19
210 20 7.69042e+19
211 20 7.68778e+19
212 20 7.68445e+19
213 20 7.68517e+19
214 20 7.68731e+19
215 20 7.68238e+19
216 20 7.68706e+19
217 20 7.68823e+19
218 20 7.6856e+19
219 20 7.68731e+19
220 20 7.68877e+19
221 20 7.69247e+19
222 20 7.68969e+19
223 20 7.68727e+19
224 20 7.68754e+19
225 20 7.6833e+19
226 20 7.6826e+19
227 20 7.68325e+19
228 20 7.68226e+19
229 20 7.6852e+19
230 20 7.68991e+19
231 20 7.68751e+19
232 20 7.68356e+19
233 20 7.68224e+19
234 20 7.68346e+19
235 20 7.68523e+19
236 20 7.68213e+19
237 20 7.68448e+19
238 20 7.68613e+19
239 20 7.68522e+19
240 20 7.68756e+19
241 20 7.69186e+19
242 20 7.68651e+19
243 20 7.68551e+19
244 20 7.68326e+19
245 20 7.68316e+19
246 20 7.68348e+19
247 20 7.67558e+19
248 20 7.67653e+19
249 20 7.68204e+19
189 21 7.90649e+19
190 21 7.90676e+19
191 21 7.90616e+19
192 21 7.90281e+19
193 21 7.90487e+19
194 21 7.91076e+19
195 21 7.91149e+19
196 21 7.91223e+19
197 21 7.90832e+19
198 21 7.90363e+19
199 21 7.9072e+19
200 21 7.90944e+19
201 21 7.90459e+19
202 21 7.90736e+19
203 21 7.91233e+19
204 21 7.90998e+19
205 21 7.90659e+19
206 21 7.90693e+19
207 21 7.91062e+19
208 21 7.90773e+19
209 21 7.90697e+19
210 21 7.91071e+19
211 21 7.90947e+19
212 21 7.90517e+19
213 21 7.90218e+19
214 21 7.9126e+19
215 21 7.91694e+19
216 21 7.91064e+19
217 21 7.90717e+19
218 21 7.90444e+19
219 21 7.905e+19
220 21 7.90959e+19
221 21 7.91718e+19
222 21 7.90892e+19
223 21 7.89874e+19
224 21 7.90417e+19
225 21 7.90799e+19
226 21 7.91063e+19
227 21 7.9113e+19
228 21 7.90404e+19
229 21 7.90478e+19
230 21 7.9067e+19
231 21 7.91098e+19
232 21 7.91099e+19
233 21 7.90583e+19
234 21 7.9057e+19
235 21 7.9096e+19
236 21 7.91207e+19
237 21 7.90898e+19
238 21 7.90964e+19
239 21 7.90814e+19
240 21 7.90629e+19
241 21 7.90831e+19
242 21 7.90795e+19
243 21 7.90946e+19
244 21 7.90742e+19
245 21 7.90463e+19
246 21 7.91402e+19
247 21 7.91374e+19
248 21 7.90749e+19
249 21 7.90586e+19
189 22 8.14189e+19
190 22 8.13935e+19
191 22 8.13824e+19
192 22 8.1382e+19
193 22 8.13447e+19
194 22 8.13106e+19
195 22 8.12949e+19
196 22 8.13196e+19
197 22 8.13556e+19
198 22 8.12976e+19
199 22 8.13149e+19
200 22 8.13828e+19
201 22 8.13654e+19
202 22 8.13559e+19
203 22 8.13698e+19
204 22 8.13768e+19
205 22 8.1392e+19
206 22 8.13831e+19
207 22 8.14138e+19
208 22 8.14225e+19
209 22 8.13417e+19
210 22 8.13624e+19
211 22 8.13639e+19
212 22 8.13488e+19
213 22 8.14108e+19
214 22 8.14076e+19
215 22 8.14369e+19
216 22 8.14026e+19
217 22 8.13387e+19
218 22 8.13329e+19
219 22 8.1368e+19
220 22 8.13939e+19
221 22 8.13752e+19
222 22 8.13746e+19
223 22 8.13757e+19
224 22 8.13771e+19
225 22 8.13744e+19
226 22 8.14025e+19
227 22 8.14537e+19
228 22 8.14143e+19
229 22 8.13334e+19
230 22 8.13019e+19
231 22 8.13175e+19
232 22 8.13888e+19
233 22 8.13842e+19
234 22 8.13605e+19
235 22 8.13592e+19
236 22 8.13615e+19
237 22 8.13878e+19
238 22 8.13691e+19
239 22 8.1316e+19
240 22 8.13053e+19
241 22 8.1312e+19
242 22 8.13482e+19
243 22 8.13491e+19
244 22 8.13831e+19
245 22 8.13745e+19
246 22 8.13672e+19
247 22 8.1425e+19
248 22 8.13539e+19
249 22 8.13417e+19
189 23 8.37747e+19
190 23 8.37508e+19
191 23 8.36926e+19
192 23 8.37132e+19
193 23 8.37212e+19
194 23 8.36742e+19
195 23 8.3695e+19
196 23 8.36871e+19
197 23 8.36489e+19
198 23 8.36784e+19
199 23 8.37243e+19
200 23 8.37112e+19
201 23 8.36956e+19
202 23 8.36993e+19
203 23 8.36855e+19
204 23 8.37254e+19
205 23 8.37131e+19
206 23 8.36787e+19
207 23 8.36668e+19
208 23 8.36532e+19
209 23 8.36417e+19
210 23 8.36633e+19
211 23 8.37433e+19
212 23 8.37551e+19
213 23 8.3746e+19
214 23 8.36859e+19
215 23 8.36229e+19
216 23 8.36129e+19
217 23 8.36631e+19
218 23 8.37205e+19
219 23 8.36995e+19
220 23 8.37006e+19
221 23 8.36808e+19
222 23 8.37128e+19
223 23 8.37616e+19
224 23 8.37297e+19
225 23 8.37253e+19
226 23 8.36885e+19
227 23 8.36491e+19
228 23 8.36962e+19
229 23 8.37254e+19
230 23 8.37265e+19
231 23 8.36946e+19
232 23 8.36561e+19
233 23 8.36316e+19
234 23 8.37127e+19
235 23 8.37172e+19
236 23 8.36501e+19
237 23 8.37147e+19
238 23 8.37478e+19
239 23 8.37085e+19
240 23 8.36963e+19
241 23 8.37093e+19
242 23 8.36981e+19
243 23 8.3627e+19
244 23 8.36468e+19
245 23 8.36882e+19
246 23 8.36384e+19
247 23 8.365e+19
248 23 8.36691e+19
249 23 8.37312e+19
189 24 8.60292e+19
190 24 8.60598e+19
191 24 8.61101e+19
192 24 8.60698e+19
193 24 8.60975e+19
194 24 8.61789e+19
195 24 8.61792e+19
196 24 8.61679e+19
197 24 8.61692e+19
198 24 8.62089e+19
199 24 8.61814e+19
200 24 8.6095e+19
201 24 8.61216e+19
202 24 8.61403e+19
203 24 8.61043e+19
204 24 8.6139e+19
205 24 8.61548e+19
206 24 8.61765e+19
207 24 8.61456e+19
208 24 8.60986e+19
209 24 8.61454e+19
210 24 8.61266e+19
211 24 8.61373e+19
212 24 8.61163e+19
213 24 8.60355e+19
214 24 8.6097e+19
215 24 8.60836e+19
216 24 8.6051e+19
217 24 8.61277e+19
218 24 8.61337e+19
219 24 8.60888e+19
220 24 8.60963e+19
221 24 8.61029e+19
222 24 8.61067e+19
223 24 8.61045e+19
224 24 8.61021e+19
225 24 8.61086e+19
226 24 8.60826e+19
227 24 8.60652e+19
228 24 8.6075e+19
229 24 8.60641e+19
230 24 8.60969e+19
231 24 8.61481e+19
232 24 8.61458e+19
233 24 8.61392e+19
234 24 8.6122e+19
235 24 8.6109e+19
236 24 8.60617e+19
237 24 8.60394e+19
238 24 8.60977e+19
239 24 8.61266e+19
240 24 8.61524e+19
241 24 8.61456e+19
242 24 8.61053e+19
243 24 8.61217e+19
244 24 8.60889e+19
245 24 8.60945e+19
246 24 8.60762e+19
247 24 8.60624e+19
248 24 8.6132e+19
249 24 8.61483e+19
189 25 8.85699e+19
190 25 8.85658e+19
191 25 8.86047e+19
192 25 8.85937e+19
193 25 8.85735e+19
194 25 8.86073e+19
195 25 8.8605e+19
196 25 8.85643e+19
197 25 8.85772e+19
198 25 8.86149e+19
199 25 8.8598e+19
200 25 8.85395e+19
201 25 8.8582e+19
202 25 8.86168e+19
203 25 8.85858e+19
204 25 8.8613e+19
205 25 8.8644e+19
206 25 8.86486e+19
207 25 8.8628e+19
208 25 8.85985e+19
209 25 8.86226e+19
210 25 8.86317e+19
211 25 8.85824e+19
212 25 8.85726e+19
213 25 8.86167e+19
214 25 8.85901e+19
215 25 8.86212e+19
216 25 8.86101e+19
217 25 8.85551e+19
218 25 8.86046e+19
219 25 8.86214e+19
220 25 8.85878e+19
221 25 8.85669e+19
222 25 8.85821e+19
223 25 8.85986e+19
224 25 8.85995e+19
225 25 8.85704e+19
226 25 8.85832e+19
227 25 8.8583e+19
228 25 8.86026e+19
229 25 8.86002e+19
230 25 8.85791e+19
231 25 8.85866e+19
232 25 8.86246e+19
233 25 8.86524e+19
234 25 8.86087e+19
235 25 8.85843e+19
236 25 8.85932e+19
237 25 8.85491e+19
238 25 8.84826e+19
239 25 8.85506e+19
240 25 8.85505e+19
241 25 8.85189e+19
242 25 8.85587e+19
243 25 8.8633e+19
244 25 8.86244e+19
245 25 8.85531e+19
246 25 8.85481e+19
247 25 8.85692e+19
248 25 8.85712e+19
249 25 8.8524e+19
189 26 9.11767e+19
190 26 9.1176e+19
191 26 9.11272e+19
192 26 9.11354e+19
193 26 9.11314e+19
194 26 9.11089e+19
195 26 9.113e+19
196 26 9.11124e+19
197 26 9.10798e+19
198 26 9.10692e+19
199 26 9.10446e+19
200 26 9.11029e+19
201 26 9.1161e+19
202 26 9.11295e+19
203 26 9.11321e+19
204 26 9.11344e+19
205 26 9.11353e+19
206 26 9.11344e+19
207 26 9.10573e+19
208 26 9.10491e+19
209 26 9.10887e+19
210 26 9.10329e+19
211 26 9.10719e+19
212 26 9.11741e+19
213 26 9.11314e+19
214 26 9.10711e+19
215 26 9.1112e+19
216 26 9.11442e+19
217 26 9.11293e+19
218 26 9.11655e+19
219 26 9.11494e+19
220 26 9.11049e+19
221 26 9.11155e+19
222 26 9.11158e+19
223 26 9.11049e+19
224 26 9.1113e+19
225 26 9.11491e+19
226 26 9.11145e+19
227 26 9.10838e+19
228 26 9.11288e+19
229 26 9.11465e+19
230 26 9.11358e+19
231 26 9.11466e+19
232 26 9.10768e+19
233 26 9.10699e+19
234 26 9.11434e+19
235 26 9.11934e+19
236 26 9.12046e+19
237 26 9.11653e+19
238 26 9.11211e+19
239 26 9.11204e+19
240 26 9.10708e+19
241 26 9.10208e+19
242 26 9.11004e+19
243 26 9.11047e+19
244 26 9.11256e+19
245 26 9.10646e+19
246 26 9.10701e+19
247 26 9.11454e+19
248 26 9.11198e+19
249 26 9.11036e+19
189 27 9.37656e+19
190 27 9.37826e+19
191 27 9.37151e+19
192 27 9.37334e+19
193 27 9.37056e+19
194 27 9.36812e+19
195 27 9.37163e+19
196 27 9.3734e+19
197 27 9.3734e+19
198 27 9.3757e+19
199 27 9.37005e+19
200 27 9.37084e+19
201 27 9.37467e+19
202 27 9.36903e+19
203 27 9.36782e+19
204 27 9.36291e+19
205 27 9.36349e+19
206 27 9.36707e+19
207 27 9.37204e+19
208 27 9.37252e+19
209 27 9.37002e+19
210 27 9.36707e+19
211 27 9.36447e+19
212 27 9.37047e+19
213 27 9.37133e+19
214 27 9.36763e+19
215 27 9.36648e+19
216 27 9.37298e+19
217 27 9.37054e+19
218 27 9.36036e+19
219 27 9.36483e+19
220 27 9.37347e+19
221 27 9.37671e+19
222 27 9.3776e+19
223 27 9.37091e+19
224 27 9.36837e+19
225 27 9.37606e+19
226 27 9.37536e+19
227 27 9.37557e+19
228 27 9.36994e+19
229 27 9.36342e+19
230 27 9.36333e+19
231 27 9.36412e+19
232 27 9.36602e+19
233 27 9.36778e+19
234 27 9.37176e+19
235 27 9.36972e+19
236 27 9.3665e+19
237 27 9.3663e+19
238 27 9.3721e+19
239 27 9.37177e+19
240 27 9.36692e+19
241 27 9.3681e+19
242 27 9.36835e+19
243 27 9.36884e+19
244 27 9.3711e+19
245 27 9.3747e+19
246 27 9.37268e+19
247 27 9.3716e+19
248 27 9.37609e+19
249 27 9.37355e+19
189 28 9.63233e+19
190 28 9.63013e+19
191 28 9.63501e+19
192 28 9.63543e+19
193 28 9.63266e+19
194 28 9.63232e+19
195 28 9.63531e+19
196 28 9.63433e+19
197 28 9.6334e+19
198 28 9.63499e+19
199 28 9.64e+19
200 28 9.6414e+19
201 28 9.63649e+19
202 28 9.63269e+19
203 28 9.63447e+19
204 28 9.6364e+19
205 28 9.63447e+19
206 28 9.63201e+19
207 28 9.638e+19
208 28 9.64282e+19
209 28 9.63295e+19
210 28 9.63594e+19
211 28 9.64124e+19
212 28 9.63878e+19
213 28 9.64114e+19
214 28 9.6409e+19
215 28 9.6379e+19
216 28 9.63926e+19
217 28 9.64119e+19
218 28 9.6336e+19
219 28 9.64048e+19
220 28 9.64192e+19
221 28 9.63065e+19
222 28 9.6322e+19
223 28 9.63693e+19
224 28 9.63739e+19
225 28 9.63529e+19
226 28 9.63823e+19
227 28 9.63846e+19
228 28 9.63556e+19
229 28 9.63845e+19
230 28 9.64056e+19
231 28 9.63375e+19
232 28 9.63817e+19
233 28 9.64736e+19
234 28 9.63992e+19
235 28 9.6311e+19
236 28 9.63481e+19
237 28 9.64049e+19
238 28 9.63657e+19
239 28 9.63843e+19
240 28 9.64428e+19
241 28 9.64465e+19
242 28 9.63649e+19
243 28 9.63505e+19
244 28 9.63819e+19
245 28 9.64033e+19
246 28 9.63786e+19
247 28 9.63209e+19
248 28 9.63571e+19
249 28 9.6365e+19
189 29 9.90775e+19
190 29 9.90764e+19
191 29 9.91155e+19
192 29 9.9058e+19
193 29 9.90995e+19
194 29 9.91205e+19
195 29 9.91026e+19
196 29 9.9113e+19
197 29 9.90794e+19
198 29 9.90987e+19
199 29 9.91778e+19
200 29 9.91566e+19
201 29 9.90955e+19
202 29 9.91337e+19
203 29 9.91601e+19
204 29 9.91782e+19
205 29 9.91528e+19
206 29 9.91869e+19
207 29 9.91449e+19
208 29 9.9078e+19
209 29 9.90802e+19
210 29 9.91221e+19
211 29 9.92011e+19
212 29 9.91776e+19
213 29 9.91171e+19
214 29 9.91433e+19
215 29 9.92005e+19
216 29 9.91135e+19
217 29 9.90832e+19
218 29 9.91984e+19
219 29 9.9221e+19
220 29 9.90825e+19
221 29 9.90336e+19
222 29 9.90734e+19
223 29 9.90963e+19
224 29 9.91268e+19
225 29 9.90634e+19
226 29 9.90721e+19
227 29 9.91259e+19
228 29 9.91579e+19
229 29 9.91734e+19
230 29 9.91492e+19
231 29 9.9134e+19
232 29 9.90775e+19
233 29 9.90887e+19
234 29 9.90927e+19
235 29 9.91089e+19
236 29 9.91505e+19
237 29 9.91632e+19
238 29 9.91766e+19
239 29 9.91649e+19
240 29 9.91947e+19
241 29 9.9161e+19
242 29 9.91153e+19
243 29 9.90577e+19
244 29 9.90737e+19
245 29 9.90966e+19
246 29 9.90611e+19
247 29 9.90585e+19
248 29 9.90461e+19
249 29 9.91155e+19
189 30 1.01974e+20
190 30 1.02004e+20
191 30 1.01949e+20
192 30 1.01971e+20
193 30 1.01977e+20
194 30 1.01936e+20
195 30 1.01907e+20
196 30 1.01904e+20
197 30 1.01911e+20
198 30 1.01949e+20
199 30 1.0195e+20
200 30 1.01906e+20
201 30 1.01945e+20
202 30 1.01981e+20
203 30 1.01948e+20
204 30 1.0194e+20
205 30 1.01919e+20
206 30 1.01947e+20
207 30 1.01942e+20
208 30 1.01912e+20
209 30 1.01973e+20
210 30 1.01973e+20
211 30 1.01856e+20
212 30 1.01805e+20
213 30 1.01903e+20
214 30 1.01917e+20
215 30 1.0193e+20
216 30 1.01917e+20
217 30 1.01851e+20
218 30 1.01923e+20
219 30 1.01899e+20
220 30 1.01926e+20
221 30 1.02026e+20
222 30 1.0199e+20
223 30 1.01924e+20
224 30 1.01949e+20
225 30 1.01931e+20
226 30 1.01903e+20
227 30 1.01938e+20
228 30 1.01987e+20
229 30 1.01953e+20
230 30 1.01846e+20
231 30 1.01877e+20
232 30 1.01932e+20
233 30 1.01907e+20
234 30 1.01922e+20
235 30 1.01885e+20
236 30 1.01868e+20
237 30 1.01896e+20
238 30 1.01925e+20
239 30 1.01958e+20
240 30 1.01918e+20
241 30 1.01918e+20
242 30 1.01956e+20
243 30 1.01937e+20
244 30 1.01893e+20
245 30 1.01937e+20
246 30 1.01934e+20
247 30 1.01954e+20
248 30 1.0197e+20
249 30 1.01946e+20
189 31 1.048e+20
190 31 1.04798e+20
191 31 1.04818e+20
192 31 1.04861e+20
193 31 1.04837e+20
194 31 1.04875e+20
195 31 1.04826e+20
196 31 1.04728e+20
197 31 1.04774e+20
198 31 1.04818e+20
199 31 1.04745e+20
200 31 1.04815e+20
201 31 1.04866e+20
202 31 1.04807e+20
203 31 1.04807e+20
204 31 1.04764e+20
205 31 1.04788e+20
206 31 1.04807e+20
207 31 1.04773e+20
208 31 1.04801e+20
209 31 1.04847e+20
210 31 1.04838e+20
211 31 1.04803e+20
212 31 1.04783e+20
213 31 1.04774e+20
214 31 1.04809e+20
215 31 1.04841e+20
216 31 1.04872e+20
217 31 1.04863e+20
218 31 1.0478e+20
219 31 1.04739e+20
220 31 1.04813e+20
221 31 1.04823e+20
222 31 1.04783e+20
223 31 1.04762e+20
224 31 1.04765e+20
225 31 1.04839e+20
226 31 1.04839e+20
227 31 1.04807e+20
228 31 1.04767e+20
229 31 1.04785e+20
230 31 1.04883e+20
231 31 1.04899e+20
232 31 1.04896e+20
233 31 1.04887e+20
234 31 1.04864e+20
235 31 1.04818e+20
236 31 1.04836e+20
237 31 1.04853e+20
238 31 1.04748e+20
239 31 1.04785e+20
240 31 1.04795e+20
241 31 1.04791e+20
242 31 1.04816e+20
243 31 1.04869e+20
244 31 1.04884e+20
245 31 1.04822e+20
246 31 1.048e+20
247 31 1.04821e+20
248 31 1.04888e+20
249 31 1.04824e+20
189 32 1.0777e+20
190 32 1.07746e+20
191 32 1.07786e+20
192 32 1.07797e+20
193 32 1.078e+20
194 32 1.07826e+20
195 32 1.07839e+20
196 32 1.07853e+20
197 32 1.07795e+20
198 32 1.07712e+20
199 32 1.07742e+20
200 32 1.07783e+20
201 32 1.07724e+20
202 32 1.07715e+20
203 32 1.07804e+20
204 32 1.07748e+20
205 32 1.07737e+20
206 32 1.07752e+20
207 32 1.07745e+20
208 32 1.07813e+20
209 32 1.07824e+20
210 32 1.07812e+20
211 32 1.07868e+20
212 32 1.07868e+20
213 32 1.07797e+20
214 32 1.07816e+20
215 32 1.07819e+20
216 32 1.07777e+20
217 32 1.07791e+20
218 32 1.07802e+20
219 32 1.07731e+20
220 32 1.07686e+20
221 32 1.07723e+20
222 32 1.07763e+20
223 32 1.078e+20
224 32 1.07791e+20
225 32 1.07859e+20
226 32 1.07827e+20
227 32 1.07776e+20
228 32 1.0774e+20
229 32 1.07692e+20
230 32 1.07811e+20
231 32 1.07825e+20
232 32 1.07772e+20
233 32 1.07775e+20
234 32 1.07816e+20
235 32 1.0778e+20
236 32 1.07723e+20
237 32 1.07782e+20
238 32 1.07813e+20
239 32 1.07802e+20
240 32 1.07791e+20
241 32 1.07727e+20
242 32 1.07691e+20
243 32 1.07746e+20
244 32 1.07731e+20
245 32 1.07753e+20
246 32 1.0781e+20
247 32 1.0774e+20
248 32 1.07728e+20
249 32 1.07754e+20
189 33 1.10847e+20
190 33 1.10903e+20
191 33 1.10853e+20
192 33 1.10791e+20
193 33 1.10794e+20
194 33 1.10763e+20
195 33 1.10813e+20
196 33 1.10903e+20
197 33 1.10875e+20
198 33 1.10796e+20
199 33 1.1082e+20
200 33 1.10792e+20
201 33 1.10842e+20
202 33 1.10805e+20
203 33 1.10735e+20
204 33 1.10845e+20
205 33 1.1086e+20
206 33 1.10786e+20
207 33 1.10859e+20
208 33 1.10863e+20
209 33 1.1077e+20
210 33 1.1077e+20
211 33 1.10784e+20
212 33 1.10763e+20
213 33 1.1078e+20
214 33 1.10777e+20
215 33 1.10743e+20
216 33 1.10763e+20
217 33 1.10828e+20
218 33 1.1087e+20
219 33 1.10842e+20
220 33 1.10829e+20
221 33 1.10826e+20
222 33 1.10843e+20
223 33 1.1093e+20
224 33 1.10928e+20
225 33 1.10796e+20
226 33 1.10746e+20
227 33 1.10814e+20
228 33 1.10852e+20
229 33 1.1086e+20
230 33 1.10813e+20
231 33 1.10726e+20
232 33 1.1075e+20
233 33 1.10777e+20
234 33 1.10766e+20
235 33 1.10771e+20
236 33 1.10812e+20
237 33 1.10846e+20
238 33 1.10862e+20
239 33 1.1079e+20
240 33 1.10754e+20
241 33 1.10794e+20
242 33 1.1082e+20
243 33 1.10784e+20
244 33 1.10664e+20
245 33 1.10768e+20
246 33 1.10864e+20
247 33 1.10805e+20
248 33 1.10776e+20
249 33 1.1078e+20
189 34 1.13951e+20
190 34 1.13955e+20
191 34 1.1393e+20
192 34 1.13918e+20
193 34 1.1392e+20
194 34 1.13972e+20
195 34 1.13939e+20
196 34 1.13953e+20
197 34 1.1401e+20
198 34 1.14001e+20
199 34 1.14004e+20
200 34 1.13957e+20
201 34 1.13971e+20
202 34 1.14009e+20
203 34 1.13918e+20
204 34 1.13905e+20
205 34 1.13953e+20
206 34 1.13923e+20
207 34 1.13975e+20
208 34 1.1391e+20
209 34 1.1385e+20
210 34 1.13884e+20
211 34 1.13876e+20
212 34 1.13883e+20
213 34 1.13902e+20
214 34 1.13956e+20
215 34 1.13959e+20
216 34 1.13951e+20
217 34 1.13926e+20
218 34 1.13906e+20
219 34 1.13955e+20
220 34 1.13989e+20
221 34 1.13957e+20
222 34 1.13909e+20
223 34 1.13876e+20
224 34 1.13934e+20
225 34 1.13893e+20
226 34 1.13863e+20
227 34 1.13952e+20
228 34 1.13934e+20
229 34 1.14019e+20
230 34 1.14002e+20
231 34 1.13901e+20
232 34 1.13915e+20
233 34 1.13854e+20
234 34 1.13799e+20
235 34 1.13898e+20
236 34 1.14e+20
237 34 1.13924e+20
238 34 1.13878e+20
239 34 1.13866e+20
240 34 1.13864e+20
241 34 1.13953e+20
242 34 1.13968e+20
243 34 1.13922e+20
244 34 1.13967e+20
245 34 1.13912e+20
246 34 1.13869e+20
247 34 1.13931e+20
248 34 1.13925e+20
249 34 1.13876e+20
189 35 1.17096e+20
190 35 1.17056e+20
191 35 1.17121e+20
192 35 1.17182e+20
193 35 1.17199e+20
194 35 1.17166e+20
195 35 1.17099e+20
196 35 1.17112e+20
197 35 1.17157e+20
198 35 1.1716e+20
199 35 1.17137e+20
200 35 1.17105e+20
201 35 1.17063e+20
202 35 1.17112e+20
203 35 1.17185e+20
204 35 1.17185e+20
205 35 1.17111e+20
206 35 1.17137e+20
207 35 1.17111e+20
208 35 1.17079e+20
209 35 1.17187e+20
210 35 1.17125e+20
211 35 1.17047e+20
212 35 1.17115e+20
213 35 1.17107e+20
214 35 1.17121e+20
215 35 1.17152e+20
216 35 1.17114e+20
217 35 1.17092e+20
218 35 1.17106e+20
219 35 1.17145e+20
220 35 1.17131e+20
221 35 1.1714e+20
222 35 1.17127e+20
223 35 1.17092e+20
224 35 1.17088e+20
225 35 1.17133e+20
226 35 1.17171e+20
227 35 1.17106e+20
228 35 1.17128e+20
229 35 1.17106e+20
230 35 1.17105e+20
231 35 1.17176e+20
232 35 1.17179e+20
233 35 1.17153e+20
234 35 1.17113e+20
235 35 1.17137e+20
236 35 1.17077e+20
237 35 1.17047e+20
238 35 1.1711e+20
239 35 1.17143e+20
240 35 1.17142e+20
241 35 1.17159e+20
242 35 1.17176e+20
243 35 1.17154e+20
244 35 1.17201e+20
245 35 1.17148e+20
246 35 1.17083e+20
247 35 1.17085e+20
248 35 1.17065e+20
249 35 1.17122e+20
189 36 1.20374e+20
190 36 1.2034e+20
191 36 1.20403e+20
192 36 1.20409e+20
193 36 1.20364e+20
194 36 1.2032e+20
195 36 1.20363e+20
196 36 1.20393e+20
197 36 1.20367e+20
198 36 1.20393e+20
199 36 1.20334e+20
200 36 1.20322e+20
201 36 1.2035e+20
202 36 1.20329e+20
203 36 1.20353e+20
204 36 1.20393e+20
205 36 1.20389e+20
206 36 1.20418e+20
207 36 1.20345e+20
208 36 1.20323e+20
209 36 1.20398e+20
210 36 1.20406e+20
211 36 1.20416e+20
212 36 1.20443e+20
213 36 1.20404e+20
214 36 1.20339e+20
215 36 1.20398e+20
216 36 1.20422e+20
217 36 1.20407e+20
218 36 1.20363e+20
219 36 1.20393e+20
220 36 1.20402e+20
221 36 1.20351e+20
222 36 1.20413e+20
223 36 1.20492e+20
224 36 1.20401e+20
225 36 1.20406e+20
226 36 1.20484e+20
227 36 1.20412e+20
228 36 1.20362e+20
229 36 1.20352e+20
230 36 1.204e+20
231 36 1.20401e+20
232 36 1.20394e+20
233 36 1.204e+20
234 36 1.20422e+20
235 36 1.20391e+20
236 36 1.20354e+20
237 36 1.20346e+20
238 36 1.20387e+20
239 36 1.20416e+20
240 36 1.20406e+20
241 36 1.20381e+20
242 36 1.20411e+20
243 36 1.20472e+20
244 36 1.20411e+20
245 36 1.20411e+20
246 36 1.20383e+20
247 36 1.20377e+20
248 36 1.20412e+20
249 36 1.20427e+20
189 37 1.23739e+20
190 37 1.23733e+20
191 37 1.23718e+20
192 37 1.23649e+20
193 37 1.23704e+20
194 37 1.23724e+20
195 37 1.23724e+20
196 37 1.23757e+20
197 37 1.2372e+20
198 37 1.23687e+20
199 37 1.23676e+20
200 37 1.23722e+20
201 37 1.23755e+20
202 37 1.23748e+20
203 37 1.23728e+20
204 37 1.23717e+20
205 37 1.23747e+20
206 37 1.23745e+20
207 37 1.23766e+20
208 37 1.2379e+20
209 37 1.23696e+20
210 37 1.23739e+20
211 37 1.23872e+20
212 37 1.23875e+20
213 37 1.23811e+20
214 37 1.23803e+20
215 37 1.23851e+20
216 37 1.23808e+20
217 37 1.23752e+20
218 37 1.23736e+20
219 37 1.23734e+20
220 37 1.23747e+20
221 37 1.23733e+20
222 37 1.23744e+20
223 37 1.23782e+20
224 37 1.23791e+20
225 37 1.23768e+20
226 37 1.23705e+20
227 37 1.2372e+20
228 37 1.23702e+20
229 37 1.23717e+20
230 37 1.23721e+20
231 37 1.23756e+20
232 37 1.23785e+20
233 37 1.23691e+20
234 37 1.23724e+20
235 37 1.23686e+20
236 37 1.23648e+20
237 37 1.23762e+20
238 37 1.23782e+20
239 37 1.23743e+20
240 37 1.23761e+20
241 37 1.23745e+20
242 37 1.23757e+20
243 37 1.23753e+20
244 37 1.2375e+20
245 37 1.23741e+20
246 37 1.23765e+20
247 37 1.23837e+20
248 37 1.23773e+20
249 37 1.23676e+20
189 38 1.27197e+20
190 38 1.27287e+20
191 38 1.27188e+20
192 38 1.27144e+20
193 38 1.272e+20
194 38 1.27231e+20
195 38 1.27221e+20
196 38 1.27146e+20
197 38 1.27161e+20
198 38 1.27224e+20
199 38 1.27194e+20
200 38 1.27238e+20
201 38 1.2725e+20
202 38 1.27198e+20
203 38 1.27166e+20
204 38 1.27203e+20
205 38 1.27197e+20
206 38 1.27163e+20
207 38 1.27265e+20
208 38 1.27227e+20
209 38 1.27199e+20
210 38 1.27232e+20
211 38 1.27129e+20
212 38 1.27134e+20
213 38 1.27192e+20
214 38 1.27198e+20
215 38 1.27209e+20
216 38 1.27182e+20
217 38 1.27164e+20
218 38 1.2722e+20
219 38 1.27209e+20
220 38 1.27198e+20
221 38 1.27241e+20
222 38 1.2721e+20
223 38 1.27138e+20
224 38 1.27162e+20
225 38 1.27178e+20
226 38 1.27212e+20
227 38 1.27167e+20
228 38 1.2716e+20
229 38 1.2721e+20
230 38 1.27185e+20
231 38 1.27239e+20
232 38 1.27227e+20
233 38 1.27202e+20
234 38 1.27151e+20
235 38 1.27177e+20
236 38 1.27184e+20
237 38 1.27248e+20
238 38 1.27194e+20
239 38 1.27106e+20
240 38 1.27205e+20
241 38 1.2723e+20
242 38 1.27225e+20
243 38 1.27164e+20
244 38 1.27161e+20
245 38 1.2718e+20
246 38 1.27242e+20
247 38 1.27213e+20
248 38 1.27169e+20
249 38 1.27238e+20
189 39 1.30768e+20
190 39 1.30758e+20
191 39 1.30707e+20
192 39 1.30765e+20
193 39 1.30752e+20
194 39 1.30723e+20
195 39 1.3078e+20
196 39 1.30803e+20
197 39 1.30753e+20
198 39 1.3077e+20
199 39 1.30852e+20
200 39 1.30776e+20
201 39 1.30739e+20
202 39 1.30781e+20
203 39 1.30748e+20
204 39 1.30697e+20
205 39 1.30681e+20
206 39 1.30756e+20
207 39 1.30732e+20
208 39 1.30775e+20
209 39 1.30813e+20
210 39 1.30754e+20
211 39 1.30692e+20
212 39 1.30615e+20
213 39 1.30681e+20
214 39 1.30773e+20
215 39 1.30669e+20
216 39 1.30696e+20
217 39 1.30814e+20
218 39 1.30706e+20
219 39 1.30687e+20
220 39 1.30758e+20
221 39 1.30739e+20
222 39 1.30686e+20
223 39 1.30698e+20
224 39 1.30673e+20
225 39 1.30683e+20
226 39 1.30799e+20
227 39 1.30766e+20
228 39 1.30745e+20
229 39 1.30774e+20
230 39 1.30763e+20
231 39 1.30698e+20
232 39 1.3072e+20
233 39 1.30791e+20
234 39 1.30785e+20
235 39 1.30812e+20
236 39 1.30808e+20
237 39 1.30771e+20
238 39 1.30786e+20
239 39 1.30785e+20
240 39 1.30724e+20
241 39 1.30759e+20
242 39 1.30743e+20
243 39 1.30735e+20
244 39 1.30677e+20
245 39 1.30638e+20
246 39 1.30651e+20
247 39 1.30701e+20
248 39 1.30763e+20
249 39 1.30737e+20
189 40 1.34325e+20
190 40 1.34301e+20
191 40 1.34344e+20
192 40 1.34363e+20
193 40 1.34416e+20
194 40 1.34411e+20
195 40 1.34392e+20
196 40 1.34395e+20
197 40 1.34424e+20
198 40 1.34368e+20
199 40 1.34374e+20
200 40 1.34348e+20
201 40 1.34339e+20
202 40 1.34412e+20
203 40 1.34482e+20
204 40 1.34438e+20
205 40 1.34357e+20
206 40 1.34345e+20
207 40 1.34333e+20
208 40 1.34414e+20
209 40 1.34341e+20
210 40 1.34261e+20
211 40 1.34372e+20
212 40 1.34396e+20
213 40 1.34344e+20
214 40 1.34432e+20
215 40 1.34425e+20
216 40 1.34317e+20
217 40 1.34331e+20
218 40 1.34363e+20
219 40 1.34398e+20
220 40 1.34373e+20
221 40 1.34384e+20
222 40 1.34415e+20
223 40 1.34377e+20
224 40 1.34384e+20
225 40 1.34391e+20
226 40 1.34283e+20
227 40 1.34289e+20
228 40 1.34366e+20
229 40 1.34395e+20
230 40 1.34382e+20
231 40 1.34322e+20
232 40 1.34353e+20
233 40 1.34377e+20
234 40 1.34386e+20
235 40 1.34341e+20
236 40 1.34299e+20
237 40 1.34329e+20
238 40 1.34417e+20
239 40 1.34373e+20
240 40 1.34244e+20
241 40 1.34259e+20
242 40 1.34348e+20
243 40 1.34338e+20
244 40 1.34344e+20
245 40 1.34345e+20
246 40 1.34272e+20
247 40 1.34313e+20
248 40 1.34304e+20
249 40 1.3425e+20
