126 41 1.38053e+20
127 41 1.37995e+20
128 41 1.38001e+20
129 41 1.37988e+20
130 41 1.37971e+20
131 41 1.38056e+20
132 41 1.38014e+20
133 41 1.3805e+20
134 41 1.38086e+20
135 41 1.38095e+20
136 41 1.38183e+20
137 41 1.3812e+20
138 41 1.3808e+20
139 41 1.3807e+20
140 41 1.37933e+20
141 41 1.37973e+20
142 41 1.38026e+20
143 41 1.38041e+20
144 41 1.3813e+20
145 41 1.38066e+20
146 41 1.38046e+20
147 41 1.38143e+20
148 41 1.38183e+20
149 41 1.38172e+20
150 41 1.38071e+20
151 41 1.38005e+20
152 41 1.3814e+20
153 41 1.38091e+20
154 41 1.37967e+20
155 41 1.38046e+20
156 41 1.38036e+20
157 41 1.38051e+20
158 41 1.38068e+20
159 41 1.38107e+20
160 41 1.3815e+20
161 41 1.38061e+20
162 41 1.38059e+20
163 41 1.38081e+20
164 41 1.3797e+20
165 41 1.38022e+20
166 41 1.38061e+20
167 41 1.38018e+20
168 41 1.38066e+20
169 41 1.38083e+20
170 41 1.38062e+20
171 41 1.38046e+20
172 41 1.38095e+20
173 41 1.38098e+20
174 41 1.38119e+20
175 41 1.38119e+20
176 41 1.38031e+20
177 41 1.3794e+20
178 41 1.38015e+20
179 41 1.38023e+20
180 41 1.38082e+20
181 41 1.38245e+20
182 41 1.38096e+20
183 41 1.37997e+20
184 41 1.38021e+20
185 41 1.38129e+20
186 41 1.38202e+20
187 41 1.38126e+20
188 41 1.38158e+20
126 42 1.41774e+20
127 42 1.41863e+20
128 42 1.41845e+20
129 42 1.41806e+20
130 42 1.41811e+20
131 42 1.41761e+20
132 42 1.41806e+20
133 42 1.41861e+20
134 42 1.41928e+20
135 42 1.41916e+20
136 42 1.41831e+20
137 42 1.41872e+20
138 42 1.41913e+20
139 42 1.41822e+20
140 42 1.41816e+20
141 42 1.41867e+20
142 42 1.41863e+20
143 42 1.41862e+20
144 42 1.41893e+20
145 42 1.41968e+20
146 42 1.41873e+20
147 42 1.41833e+20
148 42 1.41896e+20
149 42 1.4197e+20
150 42 1.41969e+20
151 42 1.41847e+20
152 42 1.41872e+20
153 42 1.41955e+20
154 42 1.41899e+20
155 42 1.41915e+20
156 42 1.41967e+20
157 42 1.41923e+20
158 42 1.41878e+20
159 42 1.41785e+20
160 42 1.41796e+20
161 42 1.41874e+20
162 42 1.41881e+20
163 42 1.41858e+20
164 42 1.4185e+20
165 42 1.41898e+20
166 42 1.41959e+20
167 42 1.41897e+20
168 42 1.4192e+20
169 42 1.41928e+20
170 42 1.41841e+20
171 42 1.419e+20
172 42 1.41896e+20
173 42 1.41824e+20
174 42 1.41862e+20
175 42 1.41983e+20
176 42 1.41962e+20
177 42 1.41974e+20
178 42 1.41963e+20
179 42 1.41813e+20
180 42 1.41841e+20
181 42 1.41896e+20
182 42 1.41896e+20
183 42 1.41895e+20
184 42 1.41926e+20
185 42 1.41937e+20
186 42 1.41881e+20
187 42 1.41815e+20
188 42 1.41837e+20
126 43 1.45783e+20
127 43 1.4575e+20
128 43 1.45711e+20
129 43 1.45769e+20
130 43 1.45788e+20
131 43 1.4579e+20
132 43 1.45734e+20
133 43 1.45676e+20
134 43 1.45801e+20
135 43 1.45778e+20
136 43 1.4566e+20
137 43 1.45706e+20
138 43 1.45817e+20
139 43 1.45816e+20
140 43 1.45831e+20
141 43 1.45849e+20
142 43 1.45828e+20
143 43 1.45796e+20
144 43 1.458e+20
145 43 1.45816e+20
146 43 1.45807e+20
147 43 1.45741e+20
148 43 1.45743e+20
149 43 1.45767e+20
150 43 1.45692e+20
151 43 1.45735e+20
152 43 1.45808e+20
153 43 1.45791e+20
154 43 1.45803e+20
155 43 1.45773e+20
156 43 1.45787e+20
157 43 1.45859e+20
158 43 1.45811e+20
159 43 1.45734e+20
160 43 1.45716e+20
161 43 1.45789e+20
162 43 1.45825e+20
163 43 1.4578e+20
164 43 1.45898e+20
165 43 1.4589e+20
166 43 1.45816e+20
167 43 1.45852e+20
168 43 1.45788e+20
169 43 1.4573e+20
170 43 1.45778e+20
171 43 1.4586e+20
172 43 1.45808e+20
173 43 1.45811e+20
174 43 1.45715e+20
175 43 1.45741e+20
176 43 1.45845e+20
177 43 1.45848e+20
178 43 1.4588e+20
179 43 1.45824e+20
180 43 1.45806e+20
181 43 1.45706e+20
182 43 1.45717e+20
183 43 1.45803e+20
184 43 1.45843e+20
185 43 1.45789e+20
186 43 1.45755e+20
187 43 1.45806e+20
188 43 1.45757e+20
126 44 1.49807e+20
127 44 1.49841e+20
128 44 1.49884e+20
129 44 1.49821e+20
130 44 1.49783e+20
131 44 1.49747e+20
132 44 1.49698e+20
133 44 1.497e+20
134 44 1.49729e+20
135 44 1.4978e+20
136 44 1.49807e+20
137 44 1.49774e+20
138 44 1.49818e+20
139 44 1.4984e+20
140 44 1.49895e+20
141 44 1.49967e+20
142 44 1.49878e+20
143 44 1.49809e+20
144 44 1.49799e+20
145 44 1.49768e+20
146 44 1.49789e+20
147 44 1.49841e+20
148 44 1.49827e+20
149 44 1.49776e+20
150 44 1.49788e+20
151 44 1.49914e+20
152 44 1.49837e+20
153 44 1.49766e+20
154 44 1.49787e+20
155 44 1.49782e+20
156 44 1.49804e+20
157 44 1.4975e+20
158 44 1.49722e+20
159 44 1.49786e+20
160 44 1.49818e+20
161 44 1.49776e+20
162 44 1.49788e+20
163 44 1.49776e+20
164 44 1.49839e+20
165 44 1.49816e+20
166 44 1.49754e+20
167 44 1.49849e+20
168 44 1.49768e+20
169 44 1.49748e+20
170 44 1.49809e+20
171 44 1.49782e+20
172 44 1.49822e+20
173 44 1.49883e+20
174 44 1.49758e+20
175 44 1.49674e+20
176 44 1.49825e+20
177 44 1.4983e+20
178 44 1.49794e+20
179 44 1.49822e+20
180 44 1.49828e+20
181 44 1.49785e+20
182 44 1.4981e+20
183 44 1.49809e+20
184 44 1.49783e+20
185 44 1.49825e+20
186 44 1.49821e+20
187 44 1.49879e+20
188 44 1.49931e+20
126 45 1.53875e+20
127 45 1.5395e+20
128 45 1.53986e+20
129 45 1.53956e+20
130 45 1.53903e+20
131 45 1.53929e+20
132 45 1.54015e+20
133 45 1.53982e+20
134 45 1.53891e+20
135 45 1.53935e+20
136 45 1.53969e+20
137 45 1.54025e+20
138 45 1.5394e+20
139 45 1.53897e+20
140 45 1.53935e+20
141 45 1.53936e+20
142 45 1.53969e+20
143 45 1.53953e+20
144 45 1.53918e+20
145 45 1.53926e+20
146 45 1.53941e+20
147 45 1.53927e+20
148 45 1.53847e+20
149 45 1.53785e+20
150 45 1.53919e+20
151 45 1.53958e+20
152 45 1.53874e+20
153 45 1.53891e+20
154 45 1.53957e+20
155 45 1.54029e+20
156 45 1.53944e+20
157 45 1.53814e+20
158 45 1.5396e+20
159 45 1.53944e+20
160 45 1.53895e+20
161 45 1.53903e+20
162 45 1.53917e+20
163 45 1.53928e+20
164 45 1.53886e+20
165 45 1.53925e+20
166 45 1.53838e+20
167 45 1.53835e+20
168 45 1.53952e+20
169 45 1.53978e+20
170 45 1.5395e+20
171 45 1.53882e+20
172 45 1.53909e+20
173 45 1.53941e+20
174 45 1.53992e+20
175 45 1.53936e+20
176 45 1.53822e+20
177 45 1.53897e+20
178 45 1.53875e+20
179 45 1.5389e+20
180 45 1.5387e+20
181 45 1.53918e+20
182 45 1.54016e+20
183 45 1.53924e+20
184 45 1.53877e+20
185 45 1.53911e+20
186 45 1.53939e+20
187 45 1.5392e+20
188 45 1.53902e+20
126 46 1.58102e+20
127 46 1.58094e+20
128 46 1.58028e+20
129 46 1.58003e+20
130 46 1.58012e+20
131 46 1.58151e+20
132 46 1.58222e+20
133 46 1.58156e+20
134 46 1.58148e+20
135 46 1.58163e+20
136 46 1.58133e+20
137 46 1.58021e+20
138 46 1.57989e+20
139 46 1.58056e+20
140 46 1.5802e+20
141 46 1.58031e+20
142 46 1.58101e+20
143 46 1.58102e+20
144 46 1.58112e+20
145 46 1.58164e+20
146 46 1.58155e+20
147 46 1.58086e+20
148 46 1.58134e+20
149 46 1.58117e+20
150 46 1.58062e+20
151 46 1.5805e+20
152 46 1.57996e+20
153 46 1.5809e+20
154 46 1.58171e+20
155 46 1.58146e+20
156 46 1.58098e+20
157 46 1.58084e+20
158 46 1.58106e+20
159 46 1.58095e+20
160 46 1.58146e+20
161 46 1.58132e+20
162 46 1.58079e+20
163 46 1.58154e+20
164 46 1.58163e+20
165 46 1.58131e+20
166 46 1.58208e+20
167 46 1.58141e+20
168 46 1.58097e+20
169 46 1.58146e+20
170 46 1.58091e+20
171 46 1.58055e+20
172 46 1.58118e+20
173 46 1.58133e+20
174 46 1.58257e+20
175 46 1.58233e+20
176 46 1.58061e+20
177 46 1.58089e+20
178 46 1.58078e+20
179 46 1.58101e+20
180 46 1.58113e+20
181 46 1.58136e+20
182 46 1.58142e+20
183 46 1.58115e+20
184 46 1.58105e+20
185 46 1.58065e+20
186 46 1.58052e+20
187 46 1.58002e+20
188 46 1.58009e+20
126 47 1.62428e+20
127 47 1.62371e+20
128 47 1.62344e+20
129 47 1.62353e+20
130 47 1.62448e+20
131 47 1.62417e+20
132 47 1.62354e+20
133 47 1.62311e+20
134 47 1.62368e+20
135 47 1.62474e+20
136 47 1.624e+20
137 47 1.62349e+20
138 47 1.62411e+20
139 47 1.62407e+20
140 47 1.62451e+20
141 47 1.62413e+20
142 47 1.62385e+20
143 47 1.62417e+20
144 47 1.62419e+20
145 47 1.6246e+20
146 47 1.62466e+20
147 47 1.62425e+20
148 47 1.62518e+20
149 47 1.62573e+20
150 47 1.62461e+20
151 47 1.62515e+20
152 47 1.62533e+20
153 47 1.62501e+20
154 47 1.62481e+20
155 47 1.62466e+20
156 47 1.6253e+20
157 47 1.62461e+20
158 47 1.62311e+20
159 47 1.62414e+20
160 47 1.62457e+20
161 47 1.62399e+20
162 47 1.62368e+20
163 47 1.62456e+20
164 47 1.62493e+20
165 47 1.62377e+20
166 47 1.62505e+20
167 47 1.62564e+20
168 47 1.62423e+20
169 47 1.62441e+20
170 47 1.62394e+20
171 47 1.62364e+20
172 47 1.62431e+20
173 47 1.62405e+20
174 47 1.62461e+20
175 47 1.62472e+20
176 47 1.6249e+20
177 47 1.62447e+20
178 47 1.6244e+20
179 47 1.62477e+20
180 47 1.6249e+20
181 47 1.62446e+20
182 47 1.62389e+20
183 47 1.62516e+20
184 47 1.62495e+20
185 47 1.62516e+20
186 47 1.62476e+20
187 47 1.62399e+20
188 47 1.62405e+20
126 48 1.66864e+20
127 48 1.66815e+20
128 48 1.66892e+20
129 48 1.66948e+20
130 48 1.67036e+20
131 48 1.66991e+20
132 48 1.66889e+20
133 48 1.6683e+20
134 48 1.66812e+20
135 48 1.66819e+20
136 48 1.66867e+20
137 48 1.66924e+20
138 48 1.66794e+20
139 48 1.66814e+20
140 48 1.66914e+20
141 48 1.66952e+20
142 48 1.66961e+20
143 48 1.66823e+20
144 48 1.66807e+20
145 48 1.66794e+20
146 48 1.66779e+20
147 48 1.66959e+20
148 48 1.66906e+20
149 48 1.66779e+20
150 48 1.6688e+20
151 48 1.66907e+20
152 48 1.66886e+20
153 48 1.66844e+20
154 48 1.66879e+20
155 48 1.66923e+20
156 48 1.66958e+20
157 48 1.66939e+20
158 48 1.66896e+20
159 48 1.66929e+20
160 48 1.66892e+20
161 48 1.66913e+20
162 48 1.66921e+20
163 48 1.66862e+20
164 48 1.66831e+20
165 48 1.66888e+20
166 48 1.66862e+20
167 48 1.66869e+20
168 48 1.66927e+20
169 48 1.66887e+20
170 48 1.66911e+20
171 48 1.67044e+20
172 48 1.6696e+20
173 48 1.66907e+20
174 48 1.66961e+20
175 48 1.66916e+20
176 48 1.66882e+20
177 48 1.66882e+20
178 48 1.66908e+20
179 48 1.66906e+20
180 48 1.66813e+20
181 48 1.66757e+20
182 48 1.66868e+20
183 48 1.66873e+20
184 48 1.66784e+20
185 48 1.66827e+20
186 48 1.66884e+20
187 48 1.66913e+20
188 48 1.66867e+20
126 49 1.71385e+20
127 49 1.71383e+20
128 49 1.71386e+20
129 49 1.714e+20
130 49 1.71399e+20
131 49 1.71437e+20
132 49 1.71471e+20
133 49 1.71506e+20
134 49 1.71373e+20
135 49 1.71287e+20
136 49 1.71348e+20
137 49 1.71402e+20
138 49 1.7147e+20
139 49 1.7145e+20
140 49 1.71366e+20
141 49 1.71421e+20
142 49 1.71448e+20
143 49 1.71455e+20
144 49 1.71471e+20
145 49 1.71345e+20
146 49 1.71312e+20
147 49 1.71413e+20
148 49 1.71408e+20
149 49 1.7137e+20
150 49 1.71447e+20
151 49 1.71328e+20
152 49 1.71238e+20
153 49 1.71356e+20
154 49 1.71376e+20
155 49 1.7131e+20
156 49 1.71363e+20
157 49 1.71459e+20
158 49 1.71525e+20
159 49 1.71359e+20
160 49 1.71242e+20
161 49 1.71369e+20
162 49 1.71457e+20
163 49 1.71367e+20
164 49 1.71314e+20
165 49 1.71431e+20
166 49 1.71426e+20
167 49 1.7135e+20
168 49 1.71366e+20
169 49 1.71471e+20
170 49 1.71467e+20
171 49 1.71458e+20
172 49 1.71415e+20
173 49 1.71404e+20
174 49 1.71403e+20
175 49 1.71395e+20
176 49 1.71419e+20
177 49 1.71448e+20
178 49 1.71378e+20
179 49 1.71328e+20
180 49 1.71353e+20
181 49 1.71358e+20
182 49 1.71414e+20
183 49 1.71348e+20
184 49 1.7139e+20
185 49 1.71407e+20
186 49 1.71373e+20
187 49 1.71371e+20
188 49 1.71402e+20
126 50 1.76011e+20
127 50 1.761e+20
128 50 1.76036e+20
129 50 1.75987e+20
130 50 1.759e+20
131 50 1.7587e+20
132 50 1.75998e+20
133 50 1.76068e+20
134 50 1.76054e+20
135 50 1.7599e+20
136 50 1.75889e+20
137 50 1.76042e+20
138 50 1.76252e+20
139 50 1.76174e+20
140 50 1.76049e+20
141 50 1.7601e+20
142 50 1.76043e+20
143 50 1.7614e+20
144 50 1.76e+20
145 50 1.76033e+20
146 50 1.76208e+20
147 50 1.75983e+20
148 50 1.76018e+20
149 50 1.76178e+20
150 50 1.76113e+20
151 50 1.76101e+20
152 50 1.7612e+20
153 50 1.7607e+20
154 50 1.76034e+20
155 50 1.76068e+20
156 50 1.76027e+20
157 50 1.75984e+20
158 50 1.76047e+20
159 50 1.76057e+20
160 50 1.7603e+20
161 50 1.76048e+20
162 50 1.76094e+20
163 50 1.76072e+20
164 50 1.75967e+20
165 50 1.75959e+20
166 50 1.75983e+20
167 50 1.76013e+20
168 50 1.76003e+20
169 50 1.7609e+20
170 50 1.76126e+20
171 50 1.75983e+20
172 50 1.76019e+20
173 50 1.76056e+20
174 50 1.76007e+20
175 50 1.76054e+20
176 50 1.76064e+20
177 50 1.76001e+20
178 50 1.76021e+20
179 50 1.76038e+20
180 50 1.76118e+20
181 50 1.76167e+20
182 50 1.76105e+20
183 50 1.76092e+20
184 50 1.76126e+20
185 50 1.7613e+20
186 50 1.76046e+20
187 50 1.75946e+20
188 50 1.7599e+20
126 51 1.80768e+20
127 51 1.80876e+20
128 51 1.80885e+20
129 51 1.80793e+20
130 51 1.80725e+20
131 51 1.80816e+20
132 51 1.80756e+20
133 51 1.80706e+20
134 51 1.80868e+20
135 51 1.80915e+20
136 51 1.80945e+20
137 51 1.80861e+20
138 51 1.8074e+20
139 51 1.80813e+20
140 51 1.80841e+20
141 51 1.80788e+20
142 51 1.8083e+20
143 51 1.80796e+20
144 51 1.80769e+20
145 51 1.80896e+20
146 51 1.80936e+20
147 51 1.80914e+20
148 51 1.80798e+20
149 51 1.80716e+20
150 51 1.80732e+20
151 51 1.80872e+20
152 51 1.80971e+20
153 51 1.80895e+20
154 51 1.80873e+20
155 51 1.80783e+20
156 51 1.80708e+20
157 51 1.80805e+20
158 51 1.80826e+20
159 51 1.80822e+20
160 51 1.80908e+20
161 51 1.80897e+20
162 51 1.80758e+20
163 51 1.80774e+20
164 51 1.80881e+20
165 51 1.80866e+20
166 51 1.80869e+20
167 51 1.8083e+20
168 51 1.80842e+20
169 51 1.80718e+20
170 51 1.80767e+20
171 51 1.80981e+20
172 51 1.80938e+20
173 51 1.80853e+20
174 51 1.80836e+20
175 51 1.80841e+20
176 51 1.80811e+20
177 51 1.80825e+20
178 51 1.80846e+20
179 51 1.8089e+20
180 51 1.80903e+20
181 51 1.80838e+20
182 51 1.80778e+20
183 51 1.80866e+20
184 51 1.80894e+20
185 51 1.8086e+20
186 51 1.8089e+20
187 51 1.80806e+20
188 51 1.80889e+20
126 52 1.85732e+20
127 52 1.85666e+20
128 52 1.85695e+20
129 52 1.85739e+20
130 52 1.85713e+20
131 52 1.8576e+20
132 52 1.85712e+20
133 52 1.85689e+20
134 52 1.85713e+20
135 52 1.85726e+20
136 52 1.85788e+20
137 52 1.85664e+20
138 52 1.85743e+20
139 52 1.85792e+20
140 52 1.85793e+20
141 52 1.85726e+20
142 52 1.85587e+20
143 52 1.8561e+20
144 52 1.8572e+20
145 52 1.85772e+20
146 52 1.8568e+20
147 52 1.8571e+20
148 52 1.85695e+20
149 52 1.85695e+20
150 52 1.85728e+20
151 52 1.8572e+20
152 52 1.85745e+20
153 52 1.85777e+20
154 52 1.85697e+20
155 52 1.85629e+20
156 52 1.85552e+20
157 52 1.85623e+20
158 52 1.85809e+20
159 52 1.85741e+20
160 52 1.85622e+20
161 52 1.8561e+20
162 52 1.85688e+20
163 52 1.8578e+20
164 52 1.85856e+20
165 52 1.85742e+20
166 52 1.85733e+20
167 52 1.85768e+20
168 52 1.85686e+20
169 52 1.85657e+20
170 52 1.85717e+20
171 52 1.85718e+20
172 52 1.85627e+20
173 52 1.85676e+20
174 52 1.85564e+20
175 52 1.85553e+20
176 52 1.85733e+20
177 52 1.85756e+20
178 52 1.85763e+20
179 52 1.85794e+20
180 52 1.85685e+20
181 52 1.85639e+20
182 52 1.85658e+20
183 52 1.85686e+20
184 52 1.85767e+20
185 52 1.85698e+20
186 52 1.85769e+20
187 52 1.85862e+20
188 52 1.85865e+20
126 53 1.90803e+20
127 53 1.90689e+20
128 53 1.90674e+20
129 53 1.90803e+20
130 53 1.90847e+20
131 53 1.90721e+20
132 53 1.90781e+20
133 53 1.90802e+20
134 53 1.90764e+20
135 53 1.90725e+20
136 53 1.90613e+20
137 53 1.90589e+20
138 53 1.90729e+20
139 53 1.9074e+20
140 53 1.9066e+20
141 53 1.90679e+20
142 53 1.90718e+20
143 53 1.90779e+20
144 53 1.90744e+20
145 53 1.90688e+20
146 53 1.90558e+20
147 53 1.90519e+20
148 53 1.90638e+20
149 53 1.90725e+20
150 53 1.90758e+20
151 53 1.90711e+20
152 53 1.90666e+20
153 53 1.90684e+20
154 53 1.90606e+20
155 53 1.90734e+20
156 53 1.9085e+20
157 53 1.90725e+20
158 53 1.90673e+20
159 53 1.90773e+20
160 53 1.90819e+20
161 53 1.90776e+20
162 53 1.90832e+20
163 53 1.90833e+20
164 53 1.90806e+20
165 53 1.90659e+20
166 53 1.90601e+20
167 53 1.90704e+20
168 53 1.90687e+20
169 53 1.90744e+20
170 53 1.90806e+20
171 53 1.90622e+20
172 53 1.90642e+20
173 53 1.9077e+20
174 53 1.90729e+20
175 53 1.90727e+20
176 53 1.90737e+20
177 53 1.90691e+20
178 53 1.90714e+20
179 53 1.90795e+20
180 53 1.90715e+20
181 53 1.90635e+20
182 53 1.90645e+20
183 53 1.90621e+20
184 53 1.90633e+20
185 53 1.90655e+20
186 53 1.90677e+20
187 53 1.90755e+20
188 53 1.90676e+20
126 54 1.95895e+20
127 54 1.95879e+20
128 54 1.95818e+20
129 54 1.95863e+20
130 54 1.95821e+20
131 54 1.95856e+20
132 54 1.95884e+20
133 54 1.9576e+20
134 54 1.95677e+20
135 54 1.95781e+20
136 54 1.95926e+20
137 54 1.96002e+20
138 54 1.95759e+20
139 54 1.95708e+20
140 54 1.95755e+20
141 54 1.95751e+20
142 54 1.95775e+20
143 54 1.958e+20
144 54 1.95987e+20
145 54 1.95894e+20
146 54 1.95745e+20
147 54 1.95792e+20
148 54 1.95785e+20
149 54 1.95768e+20
150 54 1.95833e+20
151 54 1.95856e+20
152 54 1.95841e+20
153 54 1.95841e+20
154 54 1.95814e+20
155 54 1.95813e+20
156 54 1.95912e+20
157 54 1.95871e+20
158 54 1.95703e+20
159 54 1.95767e+20
160 54 1.95779e+20
161 54 1.95746e+20
162 54 1.95785e+20
163 54 1.95765e+20
164 54 1.95767e+20
165 54 1.95827e+20
166 54 1.95787e+20
167 54 1.95722e+20
168 54 1.95872e+20
169 54 1.9585e+20
170 54 1.95668e+20
171 54 1.95751e+20
172 54 1.95912e+20
173 54 1.95821e+20
174 54 1.95893e+20
175 54 1.95942e+20
176 54 1.95766e+20
177 54 1.95807e+20
178 54 1.95881e+20
179 54 1.95809e+20
180 54 1.95941e+20
181 54 1.95978e+20
182 54 1.95785e+20
183 54 1.95717e+20
184 54 1.95681e+20
185 54 1.95858e+20
186 54 1.95916e+20
187 54 1.95768e+20
188 54 1.95728e+20
126 55 2.00902e+20
127 55 2.00928e+20
128 55 2.01104e+20
129 55 2.0098e+20
130 55 2.00912e+20
131 55 2.01018e+20
132 55 2.01062e+20
133 55 2.01027e+20
134 55 2.00979e+20
135 55 2.00972e+20
136 55 2.01046e+20
137 55 2.01167e+20
138 55 2.01175e+20
139 55 2.01105e+20
140 55 2.01069e+20
141 55 2.01104e+20
142 55 2.01093e+20
143 55 2.01024e+20
144 55 2.01134e+20
145 55 2.01098e+20
146 55 2.01188e+20
147 55 2.01296e+20
148 55 2.01209e+20
149 55 2.01133e+20
150 55 2.01096e+20
151 55 2.01137e+20
152 55 2.01066e+20
153 55 2.0097e+20
154 55 2.01136e+20
155 55 2.01251e+20
156 55 2.01134e+20
157 55 2.01119e+20
158 55 2.01195e+20
159 55 2.01114e+20
160 55 2.01017e+20
161 55 2.01059e+20
162 55 2.01089e+20
163 55 2.0111e+20
164 55 2.01008e+20
165 55 2.011e+20
166 55 2.01211e+20
167 55 2.01183e+20
168 55 2.01175e+20
169 55 2.01064e+20
170 55 2.0096e+20
171 55 2.01084e+20
172 55 2.0116e+20
173 55 2.01034e+20
174 55 2.01079e+20
175 55 2.0107e+20
176 55 2.00996e+20
177 55 2.01146e+20
178 55 2.01182e+20
179 55 2.01009e+20
180 55 2.01042e+20
181 55 2.01195e+20
182 55 2.01227e+20
183 55 2.01197e+20
184 55 2.01095e+20
185 55 2.01081e+20
186 55 2.01128e+20
187 55 2.01109e+20
188 55 2.01161e+20
126 56 2.06394e+20
127 56 2.06436e+20
128 56 2.06505e+20
129 56 2.06523e+20
130 56 2.06679e+20
131 56 2.06472e+20
132 56 2.06364e+20
133 56 2.06492e+20
134 56 2.06553e+20
135 56 2.06559e+20
136 56 2.06498e+20
137 56 2.06494e+20
138 56 2.0642e+20
139 56 2.06438e+20
140 56 2.06515e+20
141 56 2.06546e+20
142 56 2.06518e+20
143 56 2.06482e+20
144 56 2.06484e+20
145 56 2.06439e+20
146 56 2.06567e+20
147 56 2.06678e+20
148 56 2.06516e+20
149 56 2.06384e+20
150 56 2.06368e+20
151 56 2.06392e+20
152 56 2.06415e+20
153 56 2.06418e+20
154 56 2.06502e+20
155 56 2.06538e+20
156 56 2.06521e+20
157 56 2.06514e+20
158 56 2.06524e+20
159 56 2.06492e+20
160 56 2.06539e+20
161 56 2.06675e+20
162 56 2.06593e+20
163 56 2.06498e+20
164 56 2.06464e+20
165 56 2.06448e+20
166 56 2.06559e+20
167 56 2.06516e+20
168 56 2.06346e+20
169 56 2.06489e+20
170 56 2.06575e+20
171 56 2.06519e+20
172 56 2.06502e+20
173 56 2.06529e+20
174 56 2.06593e+20
175 56 2.06501e+20
176 56 2.06539e+20
177 56 2.0656e+20
178 56 2.06521e+20
179 56 2.06454e+20
180 56 2.06266e+20
181 56 2.06364e+20
182 56 2.06524e+20
183 56 2.06572e+20
184 56 2.06591e+20
185 56 2.06539e+20
186 56 2.06475e+20
187 56 2.06575e+20
188 56 2.06697e+20
126 57 2.12095e+20
127 57 2.12075e+20
128 57 2.12051e+20
129 57 2.12083e+20
130 57 2.12195e+20
131 57 2.12127e+20
132 57 2.12019e+20
133 57 2.12077e+20
134 57 2.1195e+20
135 57 2.11953e+20
136 57 2.12059e+20
137 57 2.12085e+20
138 57 2.12005e+20
139 57 2.11913e+20
140 57 2.12012e+20
141 57 2.12006e+20
142 57 2.12033e+20
143 57 2.12006e+20
144 57 2.11904e+20
145 57 2.12028e+20
146 57 2.11963e+20
147 57 2.11881e+20
148 57 2.11924e+20
149 57 2.11985e+20
150 57 2.11966e+20
151 57 2.1189e+20
152 57 2.1204e+20
153 57 2.12098e+20
154 57 2.11989e+20
155 57 2.11917e+20
156 57 2.11915e+20
157 57 2.11881e+20
158 57 2.11747e+20
159 57 2.1189e+20
160 57 2.11982e+20
161 57 2.11939e+20
162 57 2.12006e+20
163 57 2.12076e+20
164 57 2.12088e+20
165 57 2.12038e+20
166 57 2.11862e+20
167 57 2.11816e+20
168 57 2.11998e+20
169 57 2.12072e+20
170 57 2.1198e+20
171 57 2.11933e+20
172 57 2.11972e+20
173 57 2.11965e+20
174 57 2.1192e+20
175 57 2.12021e+20
176 57 2.12117e+20
177 57 2.11935e+20
178 57 2.11946e+20
179 57 2.12003e+20
180 57 2.11934e+20
181 57 2.11993e+20
182 57 2.12003e+20
183 57 2.12043e+20
184 57 2.12122e+20
185 57 2.12002e+20
186 57 2.1189e+20
187 57 2.11864e+20
188 57 2.11953e+20
126 58 2.17561e+20
127 58 2.17502e+20
128 58 2.17605e+20
129 58 2.17633e+20
130 58 2.17517e+20
131 58 2.17559e+20
132 58 2.1755e+20
133 58 2.17563e+20
134 58 2.17578e+20
135 58 2.17512e+20
136 58 2.17545e+20
137 58 2.17548e+20
138 58 2.1769e+20
139 58 2.17656e+20
140 58 2.17551e+20
141 58 2.17693e+20
142 58 2.17795e+20
143 58 2.17673e+20
144 58 2.17461e+20
145 58 2.17606e+20
146 58 2.17619e+20
147 58 2.17411e+20
148 58 2.17485e+20
149 58 2.17621e+20
150 58 2.17517e+20
151 58 2.17564e+20
152 58 2.17647e+20
153 58 2.17588e+20
154 58 2.17552e+20
155 58 2.17665e+20
156 58 2.17665e+20
157 58 2.17594e+20
158 58 2.17612e+20
159 58 2.17571e+20
160 58 2.17569e+20
161 58 2.17572e+20
162 58 2.17547e+20
163 58 2.17543e+20
164 58 2.17656e+20
165 58 2.17661e+20
166 58 2.17586e+20
167 58 2.17714e+20
168 58 2.17699e+20
169 58 2.17519e+20
170 58 2.17584e+20
171 58 2.17629e+20
172 58 2.17578e+20
173 58 2.1749e+20
174 58 2.17503e+20
175 58 2.17582e+20
176 58 2.17515e+20
177 58 2.17559e+20
178 58 2.17577e+20
179 58 2.177e+20
180 58 2.17826e+20
181 58 2.17673e+20
182 58 2.17637e+20
183 58 2.17699e+20
184 58 2.17607e+20
185 58 2.1752e+20
186 58 2.1747e+20
187 58 2.17411e+20
188 58 2.17422e+20
126 59 2.23713e+20
127 59 2.23927e+20
128 59 2.24064e+20
129 59 2.23816e+20
130 59 2.23549e+20
131 59 2.23726e+20
132 59 2.23708e+20
133 59 2.23661e+20
134 59 2.23988e+20
135 59 2.24202e+20
136 59 2.24111e+20
137 59 2.23884e+20
138 59 2.23833e+20
139 59 2.23948e+20
140 59 2.24217e+20
141 59 2.23835e+20
142 59 2.23549e+20
143 59 2.23944e+20
144 59 2.23916e+20
145 59 2.23924e+20
146 59 2.23937e+20
147 59 2.2387e+20
148 59 2.23816e+20
149 59 2.23891e+20
150 59 2.23929e+20
151 59 2.23934e+20
152 59 2.23819e+20
153 59 2.23933e+20
154 59 2.24014e+20
155 59 2.23815e+20
156 59 2.23939e+20
157 59 2.24012e+20
158 59 2.24061e+20
159 59 2.24022e+20
160 59 2.24246e+20
161 59 2.24226e+20
162 59 2.23963e+20
163 59 2.23847e+20
164 59 2.23914e+20
165 59 2.23928e+20
166 59 2.24046e+20
167 59 2.24022e+20
168 59 2.23685e+20
169 59 2.23808e+20
170 59 2.23915e+20
171 59 2.23637e+20
172 59 2.23654e+20
173 59 2.23781e+20
174 59 2.23735e+20
175 59 2.23813e+20
176 59 2.23684e+20
177 59 2.23683e+20
178 59 2.23903e+20
179 59 2.23924e+20
180 59 2.23741e+20
181 59 2.23686e+20
182 59 2.23634e+20
183 59 2.23643e+20
184 59 2.23804e+20
185 59 2.23867e+20
186 59 2.23834e+20
187 59 2.23849e+20
188 59 2.23813e+20
126 60 2.38847e+20
127 60 2.40455e+20
128 60 2.41806e+20
129 60 2.43368e+20
130 60 2.42726e+20
131 60 2.41985e+20
132 60 2.41134e+20
133 60 2.39168e+20
134 60 2.40253e+20
135 60 2.40553e+20
136 60 2.40039e+20
137 60 2.39876e+20
138 60 2.39621e+20
139 60 2.40135e+20
140 60 2.3932e+20
141 60 2.39611e+20
142 60 2.41257e+20
143 60 2.41539e+20
144 60 2.40613e+20
145 60 2.40999e+20
146 60 2.42155e+20
147 60 2.40541e+20
148 60 2.41392e+20
149 60 2.41848e+20
150 60 2.40074e+20
151 60 2.39889e+20
152 60 2.42181e+20
153 60 2.41244e+20
154 60 2.38923e+20
155 60 2.39213e+20
156 60 2.39373e+20
157 60 2.4065e+20
158 60 2.41282e+20
159 60 2.4151e+20
160 60 2.41031e+20
161 60 2.40291e+20
162 60 2.40864e+20
163 60 2.41129e+20
164 60 2.4053e+20
165 60 2.41499e+20
166 60 2.40582e+20
167 60 2.39941e+20
168 60 2.39719e+20
169 60 2.39671e+20
170 60 2.41901e+20
171 60 2.4167e+20
172 60 2.41211e+20
173 60 2.4204e+20
174 60 2.41431e+20
175 60 2.40944e+20
176 60 2.41771e+20
177 60 2.4048e+20
178 60 2.40219e+20
179 60 2.4036e+20
180 60 2.39696e+20
181 60 2.41012e+20
182 60 2.42221e+20
183 60 2.41447e+20
184 60 2.39677e+20
185 60 2.39537e+20
186 60 2.40341e+20
187 60 2.40957e+20
188 60 2.42475e+20
126 61 5.10856e+20
127 61 5.16019e+20
128 61 4.72617e+20
129 61 4.63332e+20
130 61 5.09249e+20
131 61 5.45741e+20
132 61 5.15601e+20
133 61 5.26402e+20
134 61 5.96127e+20
135 61 5.86249e+20
136 61 4.6153e+20
137 61 4.52543e+20
138 61 5.58548e+20
139 61 5.84395e+20
140 61 6.17338e+20
141 61 6.02959e+20
142 61 5.05052e+20
143 61 5.87939e+20
144 61 6.06907e+20
145 61 5.40517e+20
146 61 5.4756e+20
147 61 5.02144e+20
148 61 4.77528e+20
149 61 4.66397e+20
150 61 4.32658e+20
151 61 4.86444e+20
152 61 5.1698e+20
153 61 5.43394e+20
154 61 5.56379e+20
155 61 4.80466e+20
156 61 5.07504e+20
157 61 5.11506e+20
158 61 6.441e+20
159 61 6.42039e+20
160 61 5.30334e+20
161 61 4.9077e+20
162 61 5.34959e+20
163 61 5.87496e+20
164 61 6.04863e+20
165 61 5.77793e+20
166 61 5.09532e+20
167 61 5.49771e+20
168 61 5.55206e+20
169 61 5.40025e+20
170 61 4.67079e+20
171 61 4.54055e+20
172 61 4.53345e+20
173 61 4.88937e+20
174 61 5.36145e+20
175 61 5.12709e+20
176 61 5.02472e+20
177 61 5.00143e+20
178 61 5.09111e+20
179 61 4.84928e+20
180 61 4.30132e+20
181 61 4.92841e+20
182 61 5.56637e+20
183 61 4.94507e+20
184 61 5.01708e+20
185 61 5.1636e+20
186 61 5.42573e+20
187 61 5.59781e+20
188 61 5.15304e+20
126 62 5.38557e+21
127 62 5.38931e+21
128 62 5.3447e+21
129 62 5.33354e+21
130 62 5.37991e+21
131 62 5.41743e+21
132 62 5.38816e+21
133 62 5.40083e+21
134 62 5.46966e+21
135 62 5.45968e+21
136 62 5.33539e+21
137 62 5.32639e+21
138 62 5.43258e+21
139 62 5.45794e+21
140 62 5.49202e+21
141 62 5.47687e+21
142 62 5.37708e+21
143 62 5.46014e+21
144 62 5.48004e+21
145 62 5.41328e+21
146 62 5.41908e+21
147 62 5.37529e+21
148 62 5.34982e+21
149 62 5.33828e+21
150 62 5.30639e+21
151 62 5.36027e+21
152 62 5.38843e+21
153 62 5.41594e+21
154 62 5.43131e+21
155 62 5.35483e+21
156 62 5.38181e+21
157 62 5.38465e+21
158 62 5.51654e+21
159 62 5.51428e+21
160 62 5.40336e+21
161 62 5.36448e+21
162 62 5.4079e+21
163 62 5.46019e+21
164 62 5.47812e+21
165 62 5.45006e+21
166 62 5.38273e+21
167 62 5.4235e+21
168 62 5.42906e+21
169 62 5.41406e+21
170 62 5.33883e+21
171 62 5.32576e+21
172 62 5.32559e+21
173 62 5.36051e+21
174 62 5.4082e+21
175 62 5.38538e+21
176 62 5.37428e+21
177 62 5.37309e+21
178 62 5.38253e+21
179 62 5.35817e+21
180 62 5.30382e+21
181 62 5.36531e+21
182 62 5.42786e+21
183 62 5.36652e+21
184 62 5.37573e+21
185 62 5.39046e+21
186 62 5.41581e+21
187 62 5.43244e+21
188 62 5.38647e+21
126 63 1e+22
127 63 1e+22
128 63 1e+22
129 63 1e+22
130 63 1e+22
131 63 1e+22
132 63 1e+22
133 63 1e+22
134 63 1e+22
135 63 1e+22
136 63 1e+22
137 63 1e+22
138 63 1e+22
139 63 1e+22
140 63 1e+22
141 63 1e+22
142 63 1e+22
143 63 1e+22
144 63 1e+22
145 63 1e+22
146 63 1e+22
147 63 1e+22
148 63 1e+22
149 63 1e+22
150 63 1e+22
151 63 1e+22
152 63 1e+22
153 63 1e+22
154 63 1e+22
155 63 1e+22
156 63 1e+22
157 63 1e+22
158 63 1e+22
159 63 1e+22
160 63 1e+22
161 63 1e+22
162 63 1e+22
163 63 1e+22
164 63 1e+22
165 63 1e+22
166 63 1e+22
167 63 1e+22
168 63 1e+22
169 63 1e+22
170 63 1e+22
171 63 1e+22
172 63 1e+22
173 63 1e+22
174 63 1e+22
175 63 1e+22
176 63 1e+22
177 63 1e+22
178 63 1e+22
179 63 1e+22
180 63 1e+22
181 63 1e+22
182 63 1e+22
183 63 1e+22
184 63 1e+22
185 63 1e+22
186 63 1e+22
187 63 1e+22
188 63 1e+22
126 64 1e+22
127 64 1e+22
128 64 1e+22
129 64 1e+22
130 64 1e+22
131 64 1e+22
132 64 1e+22
133 64 1e+22
134 64 1e+22
135 64 1e+22
136 64 1e+22
137 64 1e+22
138 64 1e+22
139 64 1e+22
140 64 1e+22
141 64 1e+22
142 64 1e+22
143 64 1e+22
144 64 1e+22
145 64 1e+22
146 64 1e+22
147 64 1e+22
148 64 1e+22
149 64 1e+22
150 64 1e+22
151 64 1e+22
152 64 1e+22
153 64 1e+22
154 64 1e+22
155 64 1e+22
156 64 1e+22
157 64 1e+22
158 64 1e+22
159 64 1e+22
160 64 1e+22
161 64 1e+22
162 64 1e+22
163 64 1e+22
164 64 1e+22
165 64 1e+22
166 64 1e+22
167 64 1e+22
168 64 1e+22
169 64 1e+22
170 64 1e+22
171 64 1e+22
172 64 1e+22
173 64 1e+22
174 64 1e+22
175 64 1e+22
176 64 1e+22
177 64 1e+22
178 64 1e+22
179 64 1e+22
180 64 1e+22
181 64 1e+22
182 64 1e+22
183 64 1e+22
184 64 1e+22
185 64 1e+22
186 64 1e+22
187 64 1e+22
188 64 1e+22
126 65 1e+22
127 65 1e+22
128 65 1e+22
129 65 1e+22
130 65 1e+22
131 65 1e+22
132 65 1e+22
133 65 1e+22
134 65 1e+22
135 65 1e+22
136 65 1e+22
137 65 1e+22
138 65 1e+22
139 65 1e+22
140 65 1e+22
141 65 1e+22
142 65 1e+22
143 65 1e+22
144 65 1e+22
145 65 1e+22
146 65 1e+22
147 65 1e+22
148 65 1e+22
149 65 1e+22
150 65 1e+22
151 65 1e+22
152 65 1e+22
153 65 1e+22
154 65 1e+22
155 65 1e+22
156 65 1e+22
157 65 1e+22
158 65 1e+22
159 65 1e+22
160 65 1e+22
161 65 1e+22
162 65 1e+22
163 65 1e+22
164 65 1e+22
165 65 1e+22
166 65 1e+22
167 65 1e+22
168 65 1e+22
169 65 1e+22
170 65 1e+22
171 65 1e+22
172 65 1e+22
173 65 1e+22
174 65 1e+22
175 65 1e+22
176 65 1e+22
177 65 1e+22
178 65 1e+22
179 65 1e+22
180 65 1e+22
181 65 1e+22
182 65 1e+22
183 65 1e+22
184 65 1e+22
185 65 1e+22
186 65 1e+22
187 65 1e+22
188 65 1e+22
126 66 1e+22
127 66 1e+22
128 66 1e+22
129 66 1e+22
130 66 1e+22
131 66 1e+22
132 66 1e+22
133 66 1e+22
134 66 1e+22
135 66 1e+22
136 66 1e+22
137 66 1e+22
138 66 1e+22
139 66 1e+22
140 66 1e+22
141 66 1e+22
142 66 1e+22
143 66 1e+22
144 66 1e+22
145 66 1e+22
146 66 1e+22
147 66 1e+22
148 66 1e+22
149 66 1e+22
150 66 1e+22
151 66 1e+22
152 66 1e+22
153 66 1e+22
154 66 1e+22
155 66 1e+22
156 66 1e+22
157 66 1e+22
158 66 1e+22
159 66 1e+22
160 66 1e+22
161 66 1e+22
162 66 1e+22
163 66 1e+22
164 66 1e+22
165 66 1e+22
166 66 1e+22
167 66 1e+22
168 66 1e+22
169 66 1e+22
170 66 1e+22
171 66 1e+22
172 66 1e+22
173 66 1e+22
174 66 1e+22
175 66 1e+22
176 66 1e+22
177 66 1e+22
178 66 1e+22
179 66 1e+22
180 66 1e+22
181 66 1e+22
182 66 1e+22
183 66 1e+22
184 66 1e+22
185 66 1e+22
186 66 1e+22
187 66 1e+22
188 66 1e+22
126 67 1e+22
127 67 1e+22
128 67 1e+22
129 67 1e+22
130 67 1e+22
131 67 1e+22
132 67 1e+22
133 67 1e+22
134 67 1e+22
135 67 1e+22
136 67 1e+22
137 67 1e+22
138 67 1e+22
139 67 1e+22
140 67 1e+22
141 67 1e+22
142 67 1e+22
143 67 1e+22
144 67 1e+22
145 67 1e+22
146 67 1e+22
147 67 1e+22
148 67 1e+22
149 67 1e+22
150 67 1e+22
151 67 1e+22
152 67 1e+22
153 67 1e+22
154 67 1e+22
155 67 1e+22
156 67 1e+22
157 67 1e+22
158 67 1e+22
159 67 1e+22
160 67 1e+22
161 67 1e+22
162 67 1e+22
163 67 1e+22
164 67 1e+22
165 67 1e+22
166 67 1e+22
167 67 1e+22
168 67 1e+22
169 67 1e+22
170 67 1e+22
171 67 1e+22
172 67 1e+22
173 67 1e+22
174 67 1e+22
175 67 1e+22
176 67 1e+22
177 67 1e+22
178 67 1e+22
179 67 1e+22
180 67 1e+22
181 67 1e+22
182 67 1e+22
183 67 1e+22
184 67 1e+22
185 67 1e+22
186 67 1e+22
187 67 1e+22
188 67 1e+22
126 68 1e+22
127 68 1e+22
128 68 1e+22
129 68 1e+22
130 68 1e+22
131 68 1e+22
132 68 1e+22
133 68 1e+22
134 68 1e+22
135 68 1e+22
136 68 1e+22
137 68 1e+22
138 68 1e+22
139 68 1e+22
140 68 1e+22
141 68 1e+22
142 68 1e+22
143 68 1e+22
144 68 1e+22
145 68 1e+22
146 68 1e+22
147 68 1e+22
148 68 1e+22
149 68 1e+22
150 68 1e+22
151 68 1e+22
152 68 1e+22
153 68 1e+22
154 68 1e+22
155 68 1e+22
156 68 1e+22
157 68 1e+22
158 68 1e+22
159 68 1e+22
160 68 1e+22
161 68 1e+22
162 68 1e+22
163 68 1e+22
164 68 1e+22
165 68 1e+22
166 68 1e+22
167 68 1e+22
168 68 1e+22
169 68 1e+22
170 68 1e+22
171 68 1e+22
172 68 1e+22
173 68 1e+22
174 68 1e+22
175 68 1e+22
176 68 1e+22
177 68 1e+22
178 68 1e+22
179 68 1e+22
180 68 1e+22
181 68 1e+22
182 68 1e+22
183 68 1e+22
184 68 1e+22
185 68 1e+22
186 68 1e+22
187 68 1e+22
188 68 1e+22
126 69 1e+22
127 69 1e+22
128 69 1e+22
129 69 1e+22
130 69 1e+22
131 69 1e+22
132 69 1e+22
133 69 1e+22
134 69 1e+22
135 69 1e+22
136 69 1e+22
137 69 1e+22
138 69 1e+22
139 69 1e+22
140 69 1e+22
141 69 1e+22
142 69 1e+22
143 69 1e+22
144 69 1e+22
145 69 1e+22
146 69 1e+22
147 69 1e+22
148 69 1e+22
149 69 1e+22
150 69 1e+22
151 69 1e+22
152 69 1e+22
153 69 1e+22
154 69 1e+22
155 69 1e+22
156 69 1e+22
157 69 1e+22
158 69 1e+22
159 69 1e+22
160 69 1e+22
161 69 1e+22
162 69 1e+22
163 69 1e+22
164 69 1e+22
165 69 1e+22
166 69 1e+22
167 69 1e+22
168 69 1e+22
169 69 1e+22
170 69 1e+22
171 69 1e+22
172 69 1e+22
173 69 1e+22
174 69 1e+22
175 69 1e+22
176 69 1e+22
177 69 1e+22
178 69 1e+22
179 69 1e+22
180 69 1e+22
181 69 1e+22
182 69 1e+22
183 69 1e+22
184 69 1e+22
185 69 1e+22
186 69 1e+22
187 69 1e+22
188 69 1e+22
126 70 1e+22
127 70 1e+22
128 70 1e+22
129 70 1e+22
130 70 1e+22
131 70 1e+22
132 70 1e+22
133 70 1e+22
134 70 1e+22
135 70 1e+22
136 70 1e+22
137 70 1e+22
138 70 1e+22
139 70 1e+22
140 70 1e+22
141 70 1e+22
142 70 1e+22
143 70 1e+22
144 70 1e+22
145 70 1e+22
146 70 1e+22
147 70 1e+22
148 70 1e+22
149 70 1e+22
150 70 1e+22
151 70 1e+22
152 70 1e+22
153 70 1e+22
154 70 1e+22
155 70 1e+22
156 70 1e+22
157 70 1e+22
158 70 1e+22
159 70 1e+22
160 70 1e+22
161 70 1e+22
162 70 1e+22
163 70 1e+22
164 70 1e+22
165 70 1e+22
166 70 1e+22
167 70 1e+22
168 70 1e+22
169 70 1e+22
170 70 1e+22
171 70 1e+22
172 70 1e+22
173 70 1e+22
174 70 1e+22
175 70 1e+22
176 70 1e+22
177 70 1e+22
178 70 1e+22
179 70 1e+22
180 70 1e+22
181 70 1e+22
182 70 1e+22
183 70 1e+22
184 70 1e+22
185 70 1e+22
186 70 1e+22
187 70 1e+22
188 70 1e+22
126 71 1e+22
127 71 1e+22
128 71 1e+22
129 71 1e+22
130 71 1e+22
131 71 1e+22
132 71 1e+22
133 71 1e+22
134 71 1e+22
135 71 1e+22
136 71 1e+22
137 71 1e+22
138 71 1e+22
139 71 1e+22
140 71 1e+22
141 71 1e+22
142 71 1e+22
143 71 1e+22
144 71 1e+22
145 71 1e+22
146 71 1e+22
147 71 1e+22
148 71 1e+22
149 71 1e+22
150 71 1e+22
151 71 1e+22
152 71 1e+22
153 71 1e+22
154 71 1e+22
155 71 1e+22
156 71 1e+22
157 71 1e+22
158 71 1e+22
159 71 1e+22
160 71 1e+22
161 71 1e+22
162 71 1e+22
163 71 1e+22
164 71 1e+22
165 71 1e+22
166 71 1e+22
167 71 1e+22
168 71 1e+22
169 71 1e+22
170 71 1e+22
171 71 1e+22
172 71 1e+22
173 71 1e+22
174 71 1e+22
175 71 1e+22
176 71 1e+22
177 71 1e+22
178 71 1e+22
179 71 1e+22
180 71 1e+22
181 71 1e+22
182 71 1e+22
183 71 1e+22
184 71 1e+22
185 71 1e+22
186 71 1e+22
187 71 1e+22
188 71 1e+22
126 72 1e+22
127 72 1e+22
128 72 1e+22
129 72 1e+22
130 72 1e+22
131 72 1e+22
132 72 1e+22
133 72 1e+22
134 72 1e+22
135 72 1e+22
136 72 1e+22
137 72 1e+22
138 72 1e+22
139 72 1e+22
140 72 1e+22
141 72 1e+22
142 72 1e+22
143 72 1e+22
144 72 1e+22
145 72 1e+22
146 72 1e+22
147 72 1e+22
148 72 1e+22
149 72 1e+22
150 72 1e+22
151 72 1e+22
152 72 1e+22
153 72 1e+22
154 72 1e+22
155 72 1e+22
156 72 1e+22
157 72 1e+22
158 72 1e+22
159 72 1e+22
160 72 1e+22
161 72 1e+22
162 72 1e+22
163 72 1e+22
164 72 1e+22
165 72 1e+22
166 72 1e+22
167 72 1e+22
168 72 1e+22
169 72 1e+22
170 72 1e+22
171 72 1e+22
172 72 1e+22
173 72 1e+22
174 72 1e+22
175 72 1e+22
176 72 1e+22
177 72 1e+22
178 72 1e+22
179 72 1e+22
180 72 1e+22
181 72 1e+22
182 72 1e+22
183 72 1e+22
184 72 1e+22
185 72 1e+22
186 72 1e+22
187 72 1e+22
188 72 1e+22
126 73 1e+22
127 73 1e+22
128 73 1e+22
129 73 1e+22
130 73 1e+22
131 73 1e+22
132 73 1e+22
133 73 1e+22
134 73 1e+22
135 73 1e+22
136 73 1e+22
137 73 1e+22
138 73 1e+22
139 73 1e+22
140 73 1e+22
141 73 1e+22
142 73 1e+22
143 73 1e+22
144 73 1e+22
145 73 1e+22
146 73 1e+22
147 73 1e+22
148 73 1e+22
149 73 1e+22
150 73 1e+22
151 73 1e+22
152 73 1e+22
153 73 1e+22
154 73 1e+22
155 73 1e+22
156 73 1e+22
157 73 1e+22
158 73 1e+22
159 73 1e+22
160 73 1e+22
161 73 1e+22
162 73 1e+22
163 73 1e+22
164 73 1e+22
165 73 1e+22
166 73 1e+22
167 73 1e+22
168 73 1e+22
169 73 1e+22
170 73 1e+22
171 73 1e+22
172 73 1e+22
173 73 1e+22
174 73 1e+22
175 73 1e+22
176 73 1e+22
177 73 1e+22
178 73 1e+22
179 73 1e+22
180 73 1e+22
181 73 1e+22
182 73 1e+22
183 73 1e+22
184 73 1e+22
185 73 1e+22
186 73 1e+22
187 73 1e+22
188 73 1e+22
126 74 1e+22
127 74 1e+22
128 74 1e+22
129 74 1e+22
130 74 1e+22
131 74 1e+22
132 74 1e+22
133 74 1e+22
134 74 1e+22
135 74 1e+22
136 74 1e+22
137 74 1e+22
138 74 1e+22
139 74 1e+22
140 74 1e+22
141 74 1e+22
142 74 1e+22
143 74 1e+22
144 74 1e+22
145 74 1e+22
146 74 1e+22
147 74 1e+22
148 74 1e+22
149 74 1e+22
150 74 1e+22
151 74 1e+22
152 74 1e+22
153 74 1e+22
154 74 1e+22
155 74 1e+22
156 74 1e+22
157 74 1e+22
158 74 1e+22
159 74 1e+22
160 74 1e+22
161 74 1e+22
162 74 1e+22
163 74 1e+22
164 74 1e+22
165 74 1e+22
166 74 1e+22
167 74 1e+22
168 74 1e+22
169 74 1e+22
170 74 1e+22
171 74 1e+22
172 74 1e+22
173 74 1e+22
174 74 1e+22
175 74 1e+22
176 74 1e+22
177 74 1e+22
178 74 1e+22
179 74 1e+22
180 74 1e+22
181 74 1e+22
182 74 1e+22
183 74 1e+22
184 74 1e+22
185 74 1e+22
186 74 1e+22
187 74 1e+22
188 74 1e+22
126 75 1e+22
127 75 1e+22
128 75 1e+22
129 75 1e+22
130 75 1e+22
131 75 1e+22
132 75 1e+22
133 75 1e+22
134 75 1e+22
135 75 1e+22
136 75 1e+22
137 75 1e+22
138 75 1e+22
139 75 1e+22
140 75 1e+22
141 75 1e+22
142 75 1e+22
143 75 1e+22
144 75 1e+22
145 75 1e+22
146 75 1e+22
147 75 1e+22
148 75 1e+22
149 75 1e+22
150 75 1e+22
151 75 1e+22
152 75 1e+22
153 75 1e+22
154 75 1e+22
155 75 1e+22
156 75 1e+22
157 75 1e+22
158 75 1e+22
159 75 1e+22
160 75 1e+22
161 75 1e+22
162 75 1e+22
163 75 1e+22
164 75 1e+22
165 75 1e+22
166 75 1e+22
167 75 1e+22
168 75 1e+22
169 75 1e+22
170 75 1e+22
171 75 1e+22
172 75 1e+22
173 75 1e+22
174 75 1e+22
175 75 1e+22
176 75 1e+22
177 75 1e+22
178 75 1e+22
179 75 1e+22
180 75 1e+22
181 75 1e+22
182 75 1e+22
183 75 1e+22
184 75 1e+22
185 75 1e+22
186 75 1e+22
187 75 1e+22
188 75 1e+22
126 76 1e+22
127 76 1e+22
128 76 1e+22
129 76 1e+22
130 76 1e+22
131 76 1e+22
132 76 1e+22
133 76 1e+22
134 76 1e+22
135 76 1e+22
136 76 1e+22
137 76 1e+22
138 76 1e+22
139 76 1e+22
140 76 1e+22
141 76 1e+22
142 76 1e+22
143 76 1e+22
144 76 1e+22
145 76 1e+22
146 76 1e+22
147 76 1e+22
148 76 1e+22
149 76 1e+22
150 76 1e+22
151 76 1e+22
152 76 1e+22
153 76 1e+22
154 76 1e+22
155 76 1e+22
156 76 1e+22
157 76 1e+22
158 76 1e+22
159 76 1e+22
160 76 1e+22
161 76 1e+22
162 76 1e+22
163 76 1e+22
164 76 1e+22
165 76 1e+22
166 76 1e+22
167 76 1e+22
168 76 1e+22
169 76 1e+22
170 76 1e+22
171 76 1e+22
172 76 1e+22
173 76 1e+22
174 76 1e+22
175 76 1e+22
176 76 1e+22
177 76 1e+22
178 76 1e+22
179 76 1e+22
180 76 1e+22
181 76 1e+22
182 76 1e+22
183 76 1e+22
184 76 1e+22
185 76 1e+22
186 76 1e+22
187 76 1e+22
188 76 1e+22
126 77 1e+22
127 77 1e+22
128 77 1e+22
129 77 1e+22
130 77 1e+22
131 77 1e+22
132 77 1e+22
133 77 1e+22
134 77 1e+22
135 77 1e+22
136 77 1e+22
137 77 1e+22
138 77 1e+22
139 77 1e+22
140 77 1e+22
141 77 1e+22
142 77 1e+22
143 77 1e+22
144 77 1e+22
145 77 1e+22
146 77 1e+22
147 77 1e+22
148 77 1e+22
149 77 1e+22
150 77 1e+22
151 77 1e+22
152 77 1e+22
153 77 1e+22
154 77 1e+22
155 77 1e+22
156 77 1e+22
157 77 1e+22
158 77 1e+22
159 77 1e+22
160 77 1e+22
161 77 1e+22
162 77 1e+22
163 77 1e+22
164 77 1e+22
165 77 1e+22
166 77 1e+22
167 77 1e+22
168 77 1e+22
169 77 1e+22
170 77 1e+22
171 77 1e+22
172 77 1e+22
173 77 1e+22
174 77 1e+22
175 77 1e+22
176 77 1e+22
177 77 1e+22
178 77 1e+22
179 77 1e+22
180 77 1e+22
181 77 1e+22
182 77 1e+22
183 77 1e+22
184 77 1e+22
185 77 1e+22
186 77 1e+22
187 77 1e+22
188 77 1e+22
126 78 1e+22
127 78 1e+22
128 78 1e+22
129 78 1e+22
130 78 1e+22
131 78 1e+22
132 78 1e+22
133 78 1e+22
134 78 1e+22
135 78 1e+22
136 78 1e+22
137 78 1e+22
138 78 1e+22
139 78 1e+22
140 78 1e+22
141 78 1e+22
142 78 1e+22
143 78 1e+22
144 78 1e+22
145 78 1e+22
146 78 1e+22
147 78 1e+22
148 78 1e+22
149 78 1e+22
150 78 1e+22
151 78 1e+22
152 78 1e+22
153 78 1e+22
154 78 1e+22
155 78 1e+22
156 78 1e+22
157 78 1e+22
158 78 1e+22
159 78 1e+22
160 78 1e+22
161 78 1e+22
162 78 1e+22
163 78 1e+22
164 78 1e+22
165 78 1e+22
166 78 1e+22
167 78 1e+22
168 78 1e+22
169 78 1e+22
170 78 1e+22
171 78 1e+22
172 78 1e+22
173 78 1e+22
174 78 1e+22
175 78 1e+22
176 78 1e+22
177 78 1e+22
178 78 1e+22
179 78 1e+22
180 78 1e+22
181 78 1e+22
182 78 1e+22
183 78 1e+22
184 78 1e+22
185 78 1e+22
186 78 1e+22
187 78 1e+22
188 78 1e+22
126 79 1e+22
127 79 1e+22
128 79 1e+22
129 79 1e+22
130 79 1e+22
131 79 1e+22
132 79 1e+22
133 79 1e+22
134 79 1e+22
135 79 1e+22
136 79 1e+22
137 79 1e+22
138 79 1e+22
139 79 1e+22
140 79 1e+22
141 79 1e+22
142 79 1e+22
143 79 1e+22
144 79 1e+22
145 79 1e+22
146 79 1e+22
147 79 1e+22
148 79 1e+22
149 79 1e+22
150 79 1e+22
151 79 1e+22
152 79 1e+22
153 79 1e+22
154 79 1e+22
155 79 1e+22
156 79 1e+22
157 79 1e+22
158 79 1e+22
159 79 1e+22
160 79 1e+22
161 79 1e+22
162 79 1e+22
163 79 1e+22
164 79 1e+22
165 79 1e+22
166 79 1e+22
167 79 1e+22
168 79 1e+22
169 79 1e+22
170 79 1e+22
171 79 1e+22
172 79 1e+22
173 79 1e+22
174 79 1e+22
175 79 1e+22
176 79 1e+22
177 79 1e+22
178 79 1e+22
179 79 1e+22
180 79 1e+22
181 79 1e+22
182 79 1e+22
183 79 1e+22
184 79 1e+22
185 79 1e+22
186 79 1e+22
187 79 1e+22
188 79 1e+22
