0 0 4.31204e+19
1 0 4.31377e+19
2 0 4.31453e+19
3 0 4.31556e+19
4 0 4.31983e+19
5 0 4.31616e+19
6 0 4.3155e+19
7 0 4.3129e+19
8 0 4.30869e+19
9 0 4.31213e+19
10 0 4.3132e+19
11 0 4.31375e+19
12 0 4.31136e+19
13 0 4.30966e+19
14 0 4.31386e+19
15 0 4.31547e+19
16 0 4.31424e+19
17 0 4.30917e+19
18 0 4.30976e+19
19 0 4.31209e+19
20 0 4.30868e+19
21 0 4.30962e+19
22 0 4.30896e+19
23 0 4.30635e+19
24 0 4.30981e+19
25 0 4.3109e+19
26 0 4.31179e+19
27 0 4.3156e+19
28 0 4.31712e+19
29 0 4.31424e+19
30 0 4.31133e+19
31 0 4.3093e+19
32 0 4.31136e+19
33 0 4.31595e+19
34 0 4.31124e+19
35 0 4.30678e+19
36 0 4.31088e+19
37 0 4.31291e+19
38 0 4.31241e+19
39 0 4.31118e+19
40 0 4.31076e+19
41 0 4.30993e+19
42 0 4.30844e+19
43 0 4.31392e+19
44 0 4.31789e+19
45 0 4.3169e+19
46 0 4.31174e+19
47 0 4.30919e+19
48 0 4.31337e+19
49 0 4.31098e+19
50 0 4.30527e+19
51 0 4.30863e+19
52 0 4.31589e+19
53 0 4.31502e+19
54 0 4.31188e+19
55 0 4.31039e+19
56 0 4.3095e+19
57 0 4.31222e+19
58 0 4.31512e+19
59 0 4.31182e+19
60 0 4.31261e+19
61 0 4.31645e+19
62 0 4.31633e+19
0 1 4.41871e+19
1 1 4.42001e+19
2 1 4.41748e+19
3 1 4.419e+19
4 1 4.41998e+19
5 1 4.41753e+19
6 1 4.41808e+19
7 1 4.41991e+19
8 1 4.41956e+19
9 1 4.41976e+19
10 1 4.41913e+19
11 1 4.41634e+19
12 1 4.4169e+19
13 1 4.42128e+19
14 1 4.4199e+19
15 1 4.41685e+19
16 1 4.41666e+19
17 1 4.41857e+19
18 1 4.41821e+19
19 1 4.41898e+19
20 1 4.42097e+19
21 1 4.42142e+19
22 1 4.42045e+19
23 1 4.42031e+19
24 1 4.42171e+19
25 1 4.42283e+19
26 1 4.42155e+19
27 1 4.42199e+19
28 1 4.42335e+19
29 1 4.42014e+19
30 1 4.41875e+19
31 1 4.419e+19
32 1 4.41969e+19
33 1 4.41948e+19
34 1 4.42056e+19
35 1 4.42052e+19
36 1 4.41912e+19
37 1 4.41855e+19
38 1 4.41956e+19
39 1 4.41993e+19
40 1 4.41915e+19
41 1 4.42012e+19
42 1 4.42178e+19
43 1 4.42223e+19
44 1 4.4198e+19
45 1 4.42094e+19
46 1 4.4218e+19
47 1 4.42045e+19
48 1 4.42152e+19
49 1 4.42068e+19
50 1 4.42013e+19
51 1 4.42008e+19
52 1 4.41893e+19
53 1 4.41973e+19
54 1 4.41978e+19
55 1 4.41698e+19
56 1 4.41783e+19
57 1 4.41855e+19
58 1 4.41934e+19
59 1 4.42044e+19
60 1 4.41873e+19
61 1 4.41671e+19
62 1 4.41794e+19
0 2 4.55018e+19
1 2 4.54993e+19
2 2 4.55207e+19
3 2 4.55318e+19
4 2 4.55063e+19
5 2 4.55237e+19
6 2 4.55298e+19
7 2 4.5524e+19
8 2 4.55288e+19
9 2 4.5537e+19
10 2 4.55431e+19
11 2 4.55144e+19
12 2 4.55074e+19
13 2 4.55253e+19
14 2 4.55301e+19
15 2 4.55268e+19
16 2 4.55225e+19
17 2 4.5565e+19
18 2 4.55628e+19
19 2 4.55225e+19
20 2 4.55321e+19
21 2 4.55374e+19
22 2 4.55456e+19
23 2 4.55519e+19
24 2 4.55285e+19
25 2 4.55193e+19
26 2 4.55345e+19
27 2 4.55474e+19
28 2 4.55463e+19
29 2 4.55424e+19
30 2 4.55371e+19
31 2 4.55294e+19
32 2 4.55171e+19
33 2 4.55214e+19
34 2 4.55583e+19
35 2 4.55584e+19
36 2 4.55313e+19
37 2 4.55323e+19
38 2 4.55262e+19
39 2 4.5507e+19
40 2 4.55391e+19
41 2 4.55764e+19
42 2 4.55404e+19
43 2 4.55115e+19
44 2 4.54961e+19
45 2 4.55083e+19
46 2 4.55426e+19
47 2 4.55327e+19
48 2 4.55207e+19
49 2 4.55164e+19
50 2 4.55307e+19
51 2 4.55308e+19
52 2 4.55178e+19
53 2 4.55192e+19
54 2 4.55105e+19
55 2 4.55137e+19
56 2 4.55034e+19
57 2 4.55077e+19
58 2 4.5519e+19
59 2 4.55062e+19
60 2 4.5519e+19
61 2 4.55106e+19
62 2 4.549e+19
0 3 4.68932e+19
1 3 4.69194e+19
2 3 4.6936e+19
3 3 4.68964e+19
4 3 4.68708e+19
5 3 4.68806e+19
6 3 4.69194e+19
7 3 4.69001e+19
8 3 4.68766e+19
9 3 4.69227e+19
10 3 4.69275e+19
11 3 4.6925e+19
12 3 4.69258e+19
13 3 4.6902e+19
14 3 4.69241e+19
15 3 4.69385e+19
16 3 4.69261e+19
17 3 4.69074e+19
18 3 4.69335e+19
19 3 4.69416e+19
20 3 4.68887e+19
21 3 4.68925e+19
22 3 4.6903e+19
23 3 4.68987e+19
24 3 4.68968e+19
25 3 4.68715e+19
26 3 4.68754e+19
27 3 4.68735e+19
28 3 4.68862e+19
29 3 4.69066e+19
30 3 4.69082e+19
31 3 4.69268e+19
32 3 4.69212e+19
33 3 4.69052e+19
34 3 4.68934e+19
35 3 4.68886e+19
36 3 4.68978e+19
37 3 4.69131e+19
38 3 4.69165e+19
39 3 4.69088e+19
40 3 4.69121e+19
41 3 4.69234e+19
42 3 4.6905e+19
43 3 4.68836e+19
44 3 4.68988e+19
45 3 4.68863e+19
46 3 4.68913e+19
47 3 4.69088e+19
48 3 4.68955e+19
49 3 4.69031e+19
50 3 4.68973e+19
51 3 4.68993e+19
52 3 4.69097e+19
53 3 4.68668e+19
54 3 4.68669e+19
55 3 4.69066e+19
56 3 4.69077e+19
57 3 4.68894e+19
58 3 4.68757e+19
59 3 4.68809e+19
60 3 4.68767e+19
61 3 4.68997e+19
62 3 4.69153e+19
0 4 4.83186e+19
1 4 4.83061e+19
2 4 4.83023e+19
3 4 4.82935e+19
4 4 4.82923e+19
5 4 4.82936e+19
6 4 4.83056e+19
7 4 4.83226e+19
8 4 4.83289e+19
9 4 4.8333e+19
10 4 4.82946e+19
11 4 4.82999e+19
12 4 4.83226e+19
13 4 4.83062e+19
14 4 4.83288e+19
15 4 4.83616e+19
16 4 4.83381e+19
17 4 4.82943e+19
18 4 4.83202e+19
19 4 4.83397e+19
20 4 4.83287e+19
21 4 4.83344e+19
22 4 4.83384e+19
23 4 4.83292e+19
24 4 4.8317e+19
25 4 4.83324e+19
26 4 4.83275e+19
27 4 4.83169e+19
28 4 4.83199e+19
29 4 4.83286e+19
30 4 4.8335e+19
31 4 4.83384e+19
32 4 4.83547e+19
33 4 4.8354e+19
34 4 4.83294e+19
35 4 4.83196e+19
36 4 4.83146e+19
37 4 4.83041e+19
38 4 4.83186e+19
39 4 4.8335e+19
40 4 4.83008e+19
41 4 4.82761e+19
42 4 4.83096e+19
43 4 4.83274e+19
44 4 4.83244e+19
45 4 4.83332e+19
46 4 4.83288e+19
47 4 4.83081e+19
48 4 4.82894e+19
49 4 4.83082e+19
50 4 4.83204e+19
51 4 4.83072e+19
52 4 4.82943e+19
53 4 4.82818e+19
54 4 4.83217e+19
55 4 4.8315e+19
56 4 4.82761e+19
57 4 4.82562e+19
58 4 4.82739e+19
59 4 4.83008e+19
60 4 4.82605e+19
61 4 4.82733e+19
62 4 4.83095e+19
0 5 4.97456e+19
1 5 4.97669e+19
2 5 4.97422e+19
3 5 4.97454e+19
4 5 4.97801e+19
5 5 4.97771e+19
6 5 4.97267e+19
7 5 4.97488e+19
8 5 4.97866e+19
9 5 4.97705e+19
10 5 4.97721e+19
11 5 4.97703e+19
12 5 4.97587e+19
13 5 4.97493e+19
14 5 4.97631e+19
15 5 4.97807e+19
16 5 4.98021e+19
17 5 4.9789e+19
18 5 4.97686e+19
19 5 4.97771e+19
20 5 4.97799e+19
21 5 4.97828e+19
22 5 4.98117e+19
23 5 4.98277e+19
24 5 4.98139e+19
25 5 4.98158e+19
26 5 4.98051e+19
27 5 4.97818e+19
28 5 4.97691e+19
29 5 4.97872e+19
30 5 4.97853e+19
31 5 4.9775e+19
32 5 4.97876e+19
33 5 4.97933e+19
34 5 4.97924e+19
35 5 4.97957e+19
36 5 4.97776e+19
37 5 4.97807e+19
38 5 4.97912e+19
39 5 4.97733e+19
40 5 4.9757e+19
41 5 4.97365e+19
42 5 4.97615e+19
43 5 4.97701e+19
44 5 4.97604e+19
45 5 4.97574e+19
46 5 4.97284e+19
47 5 4.97277e+19
48 5 4.97511e+19
49 5 4.9755e+19
50 5 4.97432e+19
51 5 4.97485e+19
52 5 4.97473e+19
53 5 4.97646e+19
54 5 4.97612e+19
55 5 4.97478e+19
56 5 4.97603e+19
57 5 4.97568e+19
58 5 4.97455e+19
59 5 4.9742e+19
60 5 4.97569e+19
61 5 4.97279e+19
62 5 4.97098e+19
0 6 5.12295e+19
1 6 5.11755e+19
2 6 5.11952e+19
3 6 5.1233e+19
4 6 5.12597e+19
5 6 5.12773e+19
6 6 5.12577e+19
7 6 5.12374e+19
8 6 5.12395e+19
9 6 5.12563e+19
10 6 5.12719e+19
11 6 5.12746e+19
12 6 5.12824e+19
13 6 5.12779e+19
14 6 5.12495e+19
15 6 5.12368e+19
16 6 5.12676e+19
17 6 5.12698e+19
18 6 5.12475e+19
19 6 5.12665e+19
20 6 5.1285e+19
21 6 5.12771e+19
22 6 5.12671e+19
23 6 5.1279e+19
24 6 5.12967e+19
25 6 5.12971e+19
26 6 5.12942e+19
27 6 5.12848e+19
28 6 5.12777e+19
29 6 5.12794e+19
30 6 5.12846e+19
31 6 5.127e+19
32 6 5.12494e+19
33 6 5.12552e+19
34 6 5.12733e+19
35 6 5.12712e+19
36 6 5.1269e+19
37 6 5.1264e+19
38 6 5.12681e+19
39 6 5.12699e+19
40 6 5.12556e+19
41 6 5.127e+19
42 6 5.12672e+19
43 6 5.12515e+19
44 6 5.12403e+19
45 6 5.12075e+19
46 6 5.121e+19
47 6 5.12563e+19
48 6 5.12815e+19
49 6 5.12444e+19
50 6 5.12341e+19
51 6 5.12452e+19
52 6 5.12516e+19
53 6 5.12669e+19
54 6 5.12379e+19
55 6 5.12379e+19
56 6 5.12445e+19
57 6 5.1237e+19
58 6 5.12314e+19
59 6 5.12379e+19
60 6 5.12425e+19
61 6 5.12124e+19
62 6 5.1215e+19
0 7 5.27815e+19
1 7 5.27219e+19
2 7 5.27272e+19
3 7 5.27441e+19
4 7 5.27671e+19
5 7 5.27424e+19
6 7 5.27643e+19
7 7 5.28053e+19
8 7 5.27699e+19
9 7 5.27626e+19
10 7 5.27856e+19
11 7 5.28091e+19
12 7 5.28238e+19
13 7 5.28254e+19
14 7 5.27809e+19
15 7 5.27699e+19
16 7 5.28234e+19
17 7 5.28313e+19
18 7 5.28198e+19
19 7 5.28147e+19
20 7 5.28093e+19
21 7 5.28111e+19
22 7 5.27957e+19
23 7 5.27894e+19
24 7 5.2805e+19
25 7 5.27938e+19
26 7 5.2799e+19
27 7 5.28234e+19
28 7 5.28222e+19
29 7 5.27983e+19
30 7 5.27788e+19
31 7 5.27784e+19
32 7 5.27919e+19
33 7 5.28082e+19
34 7 5.28164e+19
35 7 5.28136e+19
36 7 5.28083e+19
37 7 5.27932e+19
38 7 5.2789e+19
39 7 5.28118e+19
40 7 5.28227e+19
41 7 5.28141e+19
42 7 5.27951e+19
43 7 5.2799e+19
44 7 5.27885e+19
45 7 5.27782e+19
46 7 5.27899e+19
47 7 5.27992e+19
48 7 5.2801e+19
49 7 5.27938e+19
50 7 5.28057e+19
51 7 5.27849e+19
52 7 5.27769e+19
53 7 5.27934e+19
54 7 5.27828e+19
55 7 5.27675e+19
56 7 5.27553e+19
57 7 5.27666e+19
58 7 5.27604e+19
59 7 5.27423e+19
60 7 5.27335e+19
61 7 5.2747e+19
62 7 5.27671e+19
0 8 5.43579e+19
1 8 5.43639e+19
2 8 5.43678e+19
3 8 5.43487e+19
4 8 5.43401e+19
5 8 5.43264e+19
6 8 5.4342e+19
7 8 5.43861e+19
8 8 5.43754e+19
9 8 5.43445e+19
10 8 5.43656e+19
11 8 5.43959e+19
12 8 5.44014e+19
13 8 5.43743e+19
14 8 5.43861e+19
15 8 5.44109e+19
16 8 5.43882e+19
17 8 5.43993e+19
18 8 5.4383e+19
19 8 5.43793e+19
20 8 5.43822e+19
21 8 5.43889e+19
22 8 5.44073e+19
23 8 5.44177e+19
24 8 5.44116e+19
25 8 5.43631e+19
26 8 5.43511e+19
27 8 5.43699e+19
28 8 5.4378e+19
29 8 5.43691e+19
30 8 5.43788e+19
31 8 5.44034e+19
32 8 5.44228e+19
33 8 5.44181e+19
34 8 5.44035e+19
35 8 5.44077e+19
36 8 5.44108e+19
37 8 5.44213e+19
38 8 5.4405e+19
39 8 5.44027e+19
40 8 5.44127e+19
41 8 5.43728e+19
42 8 5.43657e+19
43 8 5.43719e+19
44 8 5.43863e+19
45 8 5.44058e+19
46 8 5.43888e+19
47 8 5.43693e+19
48 8 5.43406e+19
49 8 5.43578e+19
50 8 5.43747e+19
51 8 5.4366e+19
52 8 5.43667e+19
53 8 5.43395e+19
54 8 5.43184e+19
55 8 5.43186e+19
56 8 5.43387e+19
57 8 5.4361e+19
58 8 5.43731e+19
59 8 5.43477e+19
60 8 5.43286e+19
61 8 5.43246e+19
62 8 5.42966e+19
0 9 5.59393e+19
1 9 5.5975e+19
2 9 5.59729e+19
3 9 5.59661e+19
4 9 5.5965e+19
5 9 5.60033e+19
6 9 5.6011e+19
7 9 5.59774e+19
8 9 5.59836e+19
9 9 5.59747e+19
10 9 5.59791e+19
11 9 5.59919e+19
12 9 5.5982e+19
13 9 5.60017e+19
14 9 5.60398e+19
15 9 5.6045e+19
16 9 5.59945e+19
17 9 5.60039e+19
18 9 5.60213e+19
19 9 5.60023e+19
20 9 5.60174e+19
21 9 5.60168e+19
22 9 5.60052e+19
23 9 5.59995e+19
24 9 5.60104e+19
25 9 5.60456e+19
26 9 5.6052e+19
27 9 5.60537e+19
28 9 5.60437e+19
29 9 5.60115e+19
30 9 5.60517e+19
31 9 5.60615e+19
32 9 5.60135e+19
33 9 5.60279e+19
34 9 5.60401e+19
35 9 5.60267e+19
36 9 5.6032e+19
37 9 5.60283e+19
38 9 5.60106e+19
39 9 5.6006e+19
40 9 5.59898e+19
41 9 5.59844e+19
42 9 5.5992e+19
43 9 5.59972e+19
44 9 5.59978e+19
45 9 5.59909e+19
46 9 5.60105e+19
47 9 5.60034e+19
48 9 5.59624e+19
49 9 5.59557e+19
50 9 5.59582e+19
51 9 5.5981e+19
52 9 5.59928e+19
53 9 5.59558e+19
54 9 5.59554e+19
55 9 5.59701e+19
56 9 5.59665e+19
57 9 5.59337e+19
58 9 5.59184e+19
59 9 5.59336e+19
60 9 5.5918e+19
61 9 5.59045e+19
62 9 5.588e+19
0 10 5.75735e+19
1 10 5.76515e+19
2 10 5.7625e+19
3 10 5.75929e+19
4 10 5.76286e+19
5 10 5.76478e+19
6 10 5.763e+19
7 10 5.76396e+19
8 10 5.76618e+19
9 10 5.76603e+19
10 10 5.76751e+19
11 10 5.76699e+19
12 10 5.76554e+19
13 10 5.76834e+19
14 10 5.76925e+19
15 10 5.76759e+19
16 10 5.76759e+19
17 10 5.76929e+19
18 10 5.77282e+19
19 10 5.77194e+19
20 10 5.76756e+19
21 10 5.76674e+19
22 10 5.76636e+19
23 10 5.76396e+19
24 10 5.76491e+19
25 10 5.76954e+19
26 10 5.77028e+19
27 10 5.76911e+19
28 10 5.77013e+19
29 10 5.76952e+19
30 10 5.76783e+19
31 10 5.76956e+19
32 10 5.76788e+19
33 10 5.76744e+19
34 10 5.76727e+19
35 10 5.76597e+19
36 10 5.76649e+19
37 10 5.76482e+19
38 10 5.76553e+19
39 10 5.76456e+19
40 10 5.76365e+19
41 10 5.76753e+19
42 10 5.76893e+19
43 10 5.76859e+19
44 10 5.76628e+19
45 10 5.76311e+19
46 10 5.76256e+19
47 10 5.7619e+19
48 10 5.76352e+19
49 10 5.76399e+19
50 10 5.76108e+19
51 10 5.76235e+19
52 10 5.76316e+19
53 10 5.76248e+19
54 10 5.76464e+19
55 10 5.76452e+19
56 10 5.7633e+19
57 10 5.76043e+19
58 10 5.75895e+19
59 10 5.75977e+19
60 10 5.75706e+19
61 10 5.75638e+19
62 10 5.75791e+19
0 11 5.93254e+19
1 11 5.92922e+19
2 11 5.93054e+19
3 11 5.93336e+19
4 11 5.93293e+19
5 11 5.9322e+19
6 11 5.93184e+19
7 11 5.93603e+19
8 11 5.93954e+19
9 11 5.94016e+19
10 11 5.93853e+19
11 11 5.94103e+19
12 11 5.94543e+19
13 11 5.93981e+19
14 11 5.93816e+19
15 11 5.93792e+19
16 11 5.93668e+19
17 11 5.93958e+19
18 11 5.93656e+19
19 11 5.93634e+19
20 11 5.94232e+19
21 11 5.94048e+19
22 11 5.9393e+19
23 11 5.94137e+19
24 11 5.94075e+19
25 11 5.93831e+19
26 11 5.93879e+19
27 11 5.93936e+19
28 11 5.93939e+19
29 11 5.93946e+19
30 11 5.93813e+19
31 11 5.93916e+19
32 11 5.94107e+19
33 11 5.93756e+19
34 11 5.9348e+19
35 11 5.93829e+19
36 11 5.93994e+19
37 11 5.94046e+19
38 11 5.9388e+19
39 11 5.93677e+19
40 11 5.93949e+19
41 11 5.93926e+19
42 11 5.93781e+19
43 11 5.93614e+19
44 11 5.93303e+19
45 11 5.93537e+19
46 11 5.93444e+19
47 11 5.93148e+19
48 11 5.9334e+19
49 11 5.93419e+19
50 11 5.93425e+19
51 11 5.93243e+19
52 11 5.9304e+19
53 11 5.9322e+19
54 11 5.93272e+19
55 11 5.93277e+19
56 11 5.93254e+19
57 11 5.93082e+19
58 11 5.93073e+19
59 11 5.92856e+19
60 11 5.92807e+19
61 11 5.93047e+19
62 11 5.92953e+19
0 12 6.10442e+19
1 12 6.09946e+19
2 12 6.10427e+19
3 12 6.11095e+19
4 12 6.10547e+19
5 12 6.10465e+19
6 12 6.10989e+19
7 12 6.10984e+19
8 12 6.11293e+19
9 12 6.11504e+19
10 12 6.116e+19
11 12 6.1162e+19
12 12 6.11552e+19
13 12 6.11892e+19
14 12 6.11493e+19
15 12 6.1128e+19
16 12 6.11534e+19
17 12 6.11171e+19
18 12 6.11208e+19
19 12 6.11365e+19
20 12 6.11663e+19
21 12 6.11826e+19
22 12 6.11862e+19
23 12 6.12017e+19
24 12 6.12015e+19
25 12 6.11773e+19
26 12 6.11711e+19
27 12 6.11692e+19
28 12 6.11672e+19
29 12 6.11735e+19
30 12 6.11736e+19
31 12 6.11503e+19
32 12 6.11495e+19
33 12 6.11463e+19
34 12 6.11227e+19
35 12 6.11291e+19
36 12 6.11277e+19
37 12 6.1133e+19
38 12 6.11311e+19
39 12 6.11156e+19
40 12 6.11107e+19
41 12 6.11037e+19
42 12 6.11134e+19
43 12 6.11164e+19
44 12 6.10972e+19
45 12 6.11203e+19
46 12 6.11227e+19
47 12 6.10948e+19
48 12 6.11183e+19
49 12 6.11219e+19
50 12 6.10839e+19
51 12 6.10708e+19
52 12 6.10769e+19
53 12 6.10684e+19
54 12 6.10445e+19
55 12 6.10427e+19
56 12 6.10439e+19
57 12 6.10632e+19
58 12 6.10416e+19
59 12 6.10261e+19
60 12 6.10606e+19
61 12 6.10307e+19
62 12 6.10441e+19
0 13 6.28415e+19
1 13 6.29032e+19
2 13 6.29086e+19
3 13 6.29065e+19
4 13 6.29186e+19
5 13 6.29004e+19
6 13 6.29236e+19
7 13 6.29264e+19
8 13 6.28944e+19
9 13 6.29075e+19
10 13 6.29497e+19
11 13 6.29237e+19
12 13 6.29047e+19
13 13 6.29389e+19
14 13 6.29582e+19
15 13 6.30182e+19
16 13 6.30193e+19
17 13 6.29885e+19
18 13 6.30225e+19
19 13 6.30348e+19
20 13 6.297e+19
21 13 6.29391e+19
22 13 6.29591e+19
23 13 6.29591e+19
24 13 6.29688e+19
25 13 6.29748e+19
26 13 6.29533e+19
27 13 6.29238e+19
28 13 6.29287e+19
29 13 6.29936e+19
30 13 6.30078e+19
31 13 6.29953e+19
32 13 6.29779e+19
33 13 6.29848e+19
34 13 6.29941e+19
35 13 6.29612e+19
36 13 6.2946e+19
37 13 6.29114e+19
38 13 6.2936e+19
39 13 6.29595e+19
40 13 6.29392e+19
41 13 6.29395e+19
42 13 6.29218e+19
43 13 6.2935e+19
44 13 6.29493e+19
45 13 6.29222e+19
46 13 6.29267e+19
47 13 6.29422e+19
48 13 6.29292e+19
49 13 6.29054e+19
50 13 6.29021e+19
51 13 6.29145e+19
52 13 6.28908e+19
53 13 6.28661e+19
54 13 6.28655e+19
55 13 6.28787e+19
56 13 6.28751e+19
57 13 6.28742e+19
58 13 6.28929e+19
59 13 6.28998e+19
60 13 6.28744e+19
61 13 6.28296e+19
62 13 6.285e+19
0 14 6.47095e+19
1 14 6.46928e+19
2 14 6.46985e+19
3 14 6.4728e+19
4 14 6.47279e+19
5 14 6.47628e+19
6 14 6.47962e+19
7 14 6.4792e+19
8 14 6.47821e+19
9 14 6.47752e+19
10 14 6.4772e+19
11 14 6.47862e+19
12 14 6.47758e+19
13 14 6.47667e+19
14 14 6.48047e+19
15 14 6.48188e+19
16 14 6.48527e+19
17 14 6.48817e+19
18 14 6.48401e+19
19 14 6.48149e+19
20 14 6.48358e+19
21 14 6.4817e+19
22 14 6.47731e+19
23 14 6.48023e+19
24 14 6.48507e+19
25 14 6.48622e+19
26 14 6.48333e+19
27 14 6.48284e+19
28 14 6.48384e+19
29 14 6.48369e+19
30 14 6.482e+19
31 14 6.4805e+19
32 14 6.48184e+19
33 14 6.48506e+19
34 14 6.48543e+19
35 14 6.48003e+19
36 14 6.48031e+19
37 14 6.48228e+19
38 14 6.48117e+19
39 14 6.47995e+19
40 14 6.47936e+19
41 14 6.4808e+19
42 14 6.47994e+19
43 14 6.47867e+19
44 14 6.4808e+19
45 14 6.47786e+19
46 14 6.47557e+19
47 14 6.47751e+19
48 14 6.47218e+19
49 14 6.46995e+19
50 14 6.47485e+19
51 14 6.47629e+19
52 14 6.47408e+19
53 14 6.47331e+19
54 14 6.47351e+19
55 14 6.47439e+19
56 14 6.47207e+19
57 14 6.46834e+19
58 14 6.4702e+19
59 14 6.47105e+19
60 14 6.46685e+19
61 14 6.47031e+19
62 14 6.47203e+19
0 15 6.65679e+19
1 15 6.65548e+19
2 15 6.65518e+19
3 15 6.65843e+19
4 15 6.6579e+19
5 15 6.6639e+19
6 15 6.66483e+19
7 15 6.66198e+19
8 15 6.6711e+19
9 15 6.67309e+19
10 15 6.66979e+19
11 15 6.67033e+19
12 15 6.67264e+19
13 15 6.67584e+19
14 15 6.67454e+19
15 15 6.67303e+19
16 15 6.67309e+19
17 15 6.67426e+19
18 15 6.67659e+19
19 15 6.67229e+19
20 15 6.66994e+19
21 15 6.67528e+19
22 15 6.67739e+19
23 15 6.67515e+19
24 15 6.67233e+19
25 15 6.67544e+19
26 15 6.67716e+19
27 15 6.6754e+19
28 15 6.67792e+19
29 15 6.67609e+19
30 15 6.67329e+19
31 15 6.66994e+19
32 15 6.66875e+19
33 15 6.66898e+19
34 15 6.66943e+19
35 15 6.67078e+19
36 15 6.67116e+19
37 15 6.67126e+19
38 15 6.66925e+19
39 15 6.66809e+19
40 15 6.66499e+19
41 15 6.66633e+19
42 15 6.66666e+19
43 15 6.66502e+19
44 15 6.667e+19
45 15 6.6675e+19
46 15 6.66572e+19
47 15 6.66288e+19
48 15 6.66425e+19
49 15 6.66525e+19
50 15 6.66205e+19
51 15 6.66151e+19
52 15 6.66237e+19
53 15 6.66398e+19
54 15 6.66354e+19
55 15 6.65709e+19
56 15 6.65714e+19
57 15 6.66143e+19
58 15 6.66178e+19
59 15 6.65996e+19
60 15 6.65833e+19
61 15 6.65778e+19
62 15 6.65833e+19
0 16 6.8553e+19
1 16 6.85823e+19
2 16 6.85931e+19
3 16 6.85535e+19
4 16 6.85893e+19
5 16 6.85751e+19
6 16 6.85683e+19
7 16 6.86204e+19
8 16 6.86378e+19
9 16 6.86338e+19
10 16 6.86575e+19
11 16 6.86907e+19
12 16 6.87226e+19
13 16 6.87426e+19
14 16 6.87218e+19
15 16 6.87181e+19
16 16 6.87002e+19
17 16 6.87134e+19
18 16 6.87501e+19
19 16 6.87726e+19
20 16 6.874e+19
21 16 6.87172e+19
22 16 6.87266e+19
23 16 6.87078e+19
24 16 6.86752e+19
25 16 6.86522e+19
26 16 6.87047e+19
27 16 6.87324e+19
28 16 6.87166e+19
29 16 6.86965e+19
30 16 6.86959e+19
31 16 6.86961e+19
32 16 6.86666e+19
33 16 6.86371e+19
34 16 6.86436e+19
35 16 6.86796e+19
36 16 6.86816e+19
37 16 6.86722e+19
38 16 6.86574e+19
39 16 6.86621e+19
40 16 6.86707e+19
41 16 6.86512e+19
42 16 6.86105e+19
43 16 6.8601e+19
44 16 6.8599e+19
45 16 6.86137e+19
46 16 6.86196e+19
47 16 6.85908e+19
48 16 6.86036e+19
49 16 6.85946e+19
50 16 6.8574e+19
51 16 6.85506e+19
52 16 6.85393e+19
53 16 6.85543e+19
54 16 6.85614e+19
55 16 6.85604e+19
56 16 6.85579e+19
57 16 6.8538e+19
58 16 6.85485e+19
59 16 6.85433e+19
60 16 6.85353e+19
61 16 6.85385e+19
62 16 6.8504e+19
0 17 7.05862e+19
1 17 7.05387e+19
2 17 7.05652e+19
3 17 7.05844e+19
4 17 7.05848e+19
5 17 7.05648e+19
6 17 7.06009e+19
7 17 7.06771e+19
8 17 7.06632e+19
9 17 7.06616e+19
10 17 7.06931e+19
11 17 7.06809e+19
12 17 7.06686e+19
13 17 7.06815e+19
14 17 7.06906e+19
15 17 7.06969e+19
16 17 7.07101e+19
17 17 7.07186e+19
18 17 7.07052e+19
19 17 7.07171e+19
20 17 7.07564e+19
21 17 7.07615e+19
22 17 7.07644e+19
23 17 7.07672e+19
24 17 7.07399e+19
25 17 7.07131e+19
26 17 7.07077e+19
27 17 7.07219e+19
28 17 7.07092e+19
29 17 7.06994e+19
30 17 7.07005e+19
31 17 7.07271e+19
32 17 7.07578e+19
33 17 7.07183e+19
34 17 7.06821e+19
35 17 7.06555e+19
36 17 7.06598e+19
37 17 7.06541e+19
38 17 7.06458e+19
39 17 7.06633e+19
40 17 7.06598e+19
41 17 7.06422e+19
42 17 7.06389e+19
43 17 7.06348e+19
44 17 7.06461e+19
45 17 7.06384e+19
46 17 7.06158e+19
47 17 7.06391e+19
48 17 7.06321e+19
49 17 7.06201e+19
50 17 7.06098e+19
51 17 7.0582e+19
52 17 7.06058e+19
53 17 7.05799e+19
54 17 7.05485e+19
55 17 7.0593e+19
56 17 7.05793e+19
57 17 7.05415e+19
58 17 7.05467e+19
59 17 7.054e+19
60 17 7.05326e+19
61 17 7.05408e+19
62 17 7.05341e+19
0 18 7.25934e+19
1 18 7.26046e+19
2 18 7.26212e+19
3 18 7.26587e+19
4 18 7.2663e+19
5 18 7.27184e+19
6 18 7.27093e+19
7 18 7.2649e+19
8 18 7.26776e+19
9 18 7.27675e+19
10 18 7.27664e+19
11 18 7.27116e+19
12 18 7.27626e+19
13 18 7.27907e+19
14 18 7.27975e+19
15 18 7.28146e+19
16 18 7.281e+19
17 18 7.27814e+19
18 18 7.27928e+19
19 18 7.28331e+19
20 18 7.27931e+19
21 18 7.27821e+19
22 18 7.2769e+19
23 18 7.27516e+19
24 18 7.28082e+19
25 18 7.28597e+19
26 18 7.28219e+19
27 18 7.27472e+19
28 18 7.27671e+19
29 18 7.28085e+19
30 18 7.28134e+19
31 18 7.28091e+19
32 18 7.27628e+19
33 18 7.27531e+19
34 18 7.27828e+19
35 18 7.27928e+19
36 18 7.27609e+19
37 18 7.27072e+19
38 18 7.27025e+19
39 18 7.26919e+19
40 18 7.26858e+19
41 18 7.26723e+19
42 18 7.26779e+19
43 18 7.27002e+19
44 18 7.26949e+19
45 18 7.26858e+19
46 18 7.26719e+19
47 18 7.26704e+19
48 18 7.2675e+19
49 18 7.26675e+19
50 18 7.26842e+19
51 18 7.26927e+19
52 18 7.26631e+19
53 18 7.26377e+19
54 18 7.26053e+19
55 18 7.25908e+19
56 18 7.26019e+19
57 18 7.26201e+19
58 18 7.26003e+19
59 18 7.25691e+19
60 18 7.25623e+19
61 18 7.25463e+19
62 18 7.25557e+19
0 19 7.46169e+19
1 19 7.46942e+19
2 19 7.48019e+19
3 19 7.4826e+19
4 19 7.48451e+19
5 19 7.48566e+19
6 19 7.48125e+19
7 19 7.4794e+19
8 19 7.47905e+19
9 19 7.48315e+19
10 19 7.49125e+19
11 19 7.49224e+19
12 19 7.49161e+19
13 19 7.48942e+19
14 19 7.4912e+19
15 19 7.49218e+19
16 19 7.49491e+19
17 19 7.49722e+19
18 19 7.49394e+19
19 19 7.49087e+19
20 19 7.48792e+19
21 19 7.48787e+19
22 19 7.48466e+19
23 19 7.48783e+19
24 19 7.49751e+19
25 19 7.49544e+19
26 19 7.49189e+19
27 19 7.49267e+19
28 19 7.48805e+19
29 19 7.48775e+19
30 19 7.48943e+19
31 19 7.48452e+19
32 19 7.48438e+19
33 19 7.48826e+19
34 19 7.48772e+19
35 19 7.48978e+19
36 19 7.48948e+19
37 19 7.48965e+19
38 19 7.48734e+19
39 19 7.48356e+19
40 19 7.48381e+19
41 19 7.48327e+19
42 19 7.48404e+19
43 19 7.48225e+19
44 19 7.47933e+19
45 19 7.478e+19
46 19 7.47729e+19
47 19 7.47538e+19
48 19 7.47373e+19
49 19 7.47461e+19
50 19 7.47692e+19
51 19 7.47636e+19
52 19 7.47107e+19
53 19 7.46847e+19
54 19 7.46815e+19
55 19 7.46711e+19
56 19 7.47076e+19
57 19 7.47361e+19
58 19 7.47076e+19
59 19 7.46788e+19
60 19 7.46796e+19
61 19 7.4698e+19
62 19 7.46784e+19
0 20 7.68204e+19
1 20 7.68947e+19
2 20 7.69129e+19
3 20 7.68868e+19
4 20 7.69127e+19
5 20 7.69373e+19
6 20 7.70124e+19
7 20 7.70487e+19
8 20 7.70299e+19
9 20 7.7022e+19
10 20 7.70116e+19
11 20 7.70628e+19
12 20 7.71222e+19
13 20 7.70779e+19
14 20 7.70588e+19
15 20 7.70609e+19
16 20 7.70776e+19
17 20 7.7088e+19
18 20 7.70473e+19
19 20 7.69997e+19
20 20 7.70692e+19
21 20 7.71137e+19
22 20 7.71395e+19
23 20 7.71311e+19
24 20 7.70802e+19
25 20 7.70715e+19
26 20 7.70523e+19
27 20 7.70819e+19
28 20 7.70554e+19
29 20 7.70354e+19
30 20 7.70442e+19
31 20 7.70625e+19
32 20 7.7113e+19
33 20 7.71038e+19
34 20 7.70758e+19
35 20 7.70355e+19
36 20 7.69992e+19
37 20 7.70519e+19
38 20 7.70722e+19
39 20 7.69992e+19
40 20 7.69588e+19
41 20 7.70002e+19
42 20 7.70314e+19
43 20 7.70016e+19
44 20 7.69905e+19
45 20 7.69952e+19
46 20 7.69781e+19
47 20 7.69738e+19
48 20 7.69891e+19
49 20 7.69446e+19
50 20 7.6866e+19
51 20 7.6872e+19
52 20 7.69084e+19
53 20 7.69261e+19
54 20 7.6932e+19
55 20 7.68858e+19
56 20 7.68517e+19
57 20 7.68434e+19
58 20 7.68055e+19
59 20 7.68276e+19
60 20 7.68761e+19
61 20 7.68707e+19
62 20 7.68526e+19
0 21 7.91277e+19
1 21 7.915e+19
2 21 7.90639e+19
3 21 7.9073e+19
4 21 7.9127e+19
5 21 7.91984e+19
6 21 7.92193e+19
7 21 7.91996e+19
8 21 7.92655e+19
9 21 7.925e+19
10 21 7.92089e+19
11 21 7.92595e+19
12 21 7.92938e+19
13 21 7.93451e+19
14 21 7.93314e+19
15 21 7.93079e+19
16 21 7.9312e+19
17 21 7.93234e+19
18 21 7.93568e+19
19 21 7.94079e+19
20 21 7.94269e+19
21 21 7.93966e+19
22 21 7.93559e+19
23 21 7.9327e+19
24 21 7.93072e+19
25 21 7.93097e+19
26 21 7.9333e+19
27 21 7.9331e+19
28 21 7.93389e+19
29 21 7.93474e+19
30 21 7.93434e+19
31 21 7.93654e+19
32 21 7.93165e+19
33 21 7.92547e+19
34 21 7.92589e+19
35 21 7.92651e+19
36 21 7.9292e+19
37 21 7.9273e+19
38 21 7.92584e+19
39 21 7.92434e+19
40 21 7.92261e+19
41 21 7.92268e+19
42 21 7.9198e+19
43 21 7.91925e+19
44 21 7.91894e+19
45 21 7.91843e+19
46 21 7.92126e+19
47 21 7.92011e+19
48 21 7.91568e+19
49 21 7.91084e+19
50 21 7.91149e+19
51 21 7.91527e+19
52 21 7.91682e+19
53 21 7.91568e+19
54 21 7.91746e+19
55 21 7.92031e+19
56 21 7.91156e+19
57 21 7.90247e+19
58 21 7.90488e+19
59 21 7.90849e+19
60 21 7.90815e+19
61 21 7.90442e+19
62 21 7.90314e+19
0 22 8.1429e+19
1 22 8.13723e+19
2 22 8.14176e+19
3 22 8.1493e+19
4 22 8.14746e+19
5 22 8.14421e+19
6 22 8.1431e+19
7 22 8.1515e+19
8 22 8.15876e+19
9 22 8.15471e+19
10 22 8.1583e+19
11 22 8.161e+19
12 22 8.15201e+19
13 22 8.15781e+19
14 22 8.16773e+19
15 22 8.16873e+19
16 22 8.16524e+19
17 22 8.16655e+19
18 22 8.16992e+19
19 22 8.1714e+19
20 22 8.16522e+19
21 22 8.16334e+19
22 22 8.16564e+19
23 22 8.16176e+19
24 22 8.16109e+19
25 22 8.1616e+19
26 22 8.16502e+19
27 22 8.16498e+19
28 22 8.16315e+19
29 22 8.16397e+19
30 22 8.16319e+19
31 22 8.15757e+19
32 22 8.1524e+19
33 22 8.15491e+19
34 22 8.15632e+19
35 22 8.15518e+19
36 22 8.15866e+19
37 22 8.15483e+19
38 22 8.15343e+19
39 22 8.16039e+19
40 22 8.15883e+19
41 22 8.15201e+19
42 22 8.14635e+19
43 22 8.1452e+19
44 22 8.14579e+19
45 22 8.14451e+19
46 22 8.14727e+19
47 22 8.14598e+19
48 22 8.13792e+19
49 22 8.14177e+19
50 22 8.14904e+19
51 22 8.14759e+19
52 22 8.14493e+19
53 22 8.14089e+19
54 22 8.14032e+19
55 22 8.14216e+19
56 22 8.14092e+19
57 22 8.14202e+19
58 22 8.1421e+19
59 22 8.13836e+19
60 22 8.13421e+19
61 22 8.13434e+19
62 22 8.13606e+19
0 23 8.37547e+19
1 23 8.37417e+19
2 23 8.38184e+19
3 23 8.38063e+19
4 23 8.38075e+19
5 23 8.38003e+19
6 23 8.38672e+19
7 23 8.39524e+19
8 23 8.389e+19
9 23 8.39248e+19
10 23 8.3973e+19
11 23 8.39926e+19
12 23 8.3965e+19
13 23 8.39238e+19
14 23 8.39328e+19
15 23 8.39579e+19
16 23 8.40167e+19
17 23 8.39939e+19
18 23 8.39505e+19
19 23 8.39716e+19
20 23 8.39705e+19
21 23 8.39586e+19
22 23 8.3976e+19
23 23 8.40029e+19
24 23 8.39783e+19
25 23 8.39629e+19
26 23 8.39777e+19
27 23 8.39685e+19
28 23 8.40074e+19
29 23 8.3992e+19
30 23 8.39389e+19
31 23 8.39381e+19
32 23 8.39669e+19
33 23 8.40013e+19
34 23 8.40283e+19
35 23 8.39802e+19
36 23 8.38891e+19
37 23 8.39026e+19
38 23 8.39053e+19
39 23 8.38619e+19
40 23 8.38731e+19
41 23 8.38929e+19
42 23 8.38832e+19
43 23 8.38645e+19
44 23 8.38542e+19
45 23 8.38364e+19
46 23 8.37608e+19
47 23 8.37652e+19
48 23 8.3819e+19
49 23 8.38247e+19
50 23 8.37636e+19
51 23 8.37419e+19
52 23 8.37715e+19
53 23 8.37842e+19
54 23 8.37841e+19
55 23 8.37409e+19
56 23 8.37051e+19
57 23 8.37239e+19
58 23 8.36892e+19
59 23 8.36577e+19
60 23 8.36946e+19
61 23 8.37088e+19
62 23 8.37016e+19
0 24 8.61372e+19
1 24 8.61809e+19
2 24 8.61527e+19
3 24 8.61761e+19
4 24 8.62279e+19
5 24 8.62756e+19
6 24 8.63142e+19
7 24 8.63074e+19
8 24 8.62483e+19
9 24 8.62998e+19
10 24 8.63604e+19
11 24 8.63461e+19
12 24 8.63979e+19
13 24 8.64164e+19
14 24 8.63993e+19
15 24 8.64054e+19
16 24 8.64366e+19
17 24 8.64854e+19
18 24 8.64726e+19
19 24 8.6414e+19
20 24 8.64333e+19
21 24 8.64334e+19
22 24 8.64249e+19
23 24 8.64325e+19
24 24 8.64106e+19
25 24 8.64004e+19
26 24 8.64109e+19
27 24 8.64432e+19
28 24 8.64272e+19
29 24 8.63687e+19
30 24 8.63529e+19
31 24 8.64073e+19
32 24 8.64383e+19
33 24 8.63918e+19
34 24 8.63641e+19
35 24 8.63367e+19
36 24 8.63142e+19
37 24 8.63459e+19
38 24 8.63254e+19
39 24 8.627e+19
40 24 8.6297e+19
41 24 8.63081e+19
42 24 8.62697e+19
43 24 8.62631e+19
44 24 8.62246e+19
45 24 8.62098e+19
46 24 8.62087e+19
47 24 8.6205e+19
48 24 8.62514e+19
49 24 8.62223e+19
50 24 8.61707e+19
51 24 8.61384e+19
52 24 8.61312e+19
53 24 8.61719e+19
54 24 8.61491e+19
55 24 8.6122e+19
56 24 8.6123e+19
57 24 8.61303e+19
58 24 8.61352e+19
59 24 8.61101e+19
60 24 8.61223e+19
61 24 8.6099e+19
62 24 8.6044e+19
0 25 8.86327e+19
1 25 8.8642e+19
2 25 8.86592e+19
3 25 8.86599e+19
4 25 8.86536e+19
5 25 8.86746e+19
6 25 8.86918e+19
7 25 8.87147e+19
8 25 8.87918e+19
9 25 8.88276e+19
10 25 8.88088e+19
11 25 8.88138e+19
12 25 8.88494e+19
13 25 8.8855e+19
14 25 8.89157e+19
15 25 8.89487e+19
16 25 8.89197e+19
17 25 8.89103e+19
18 25 8.89024e+19
19 25 8.89163e+19
20 25 8.88994e+19
21 25 8.89235e+19
22 25 8.89295e+19
23 25 8.88476e+19
24 25 8.8877e+19
25 25 8.8922e+19
26 25 8.89171e+19
27 25 8.89444e+19
28 25 8.89074e+19
29 25 8.88627e+19
30 25 8.88526e+19
31 25 8.88177e+19
32 25 8.881e+19
33 25 8.88139e+19
34 25 8.87668e+19
35 25 8.87837e+19
36 25 8.88484e+19
37 25 8.88132e+19
38 25 8.87553e+19
39 25 8.87819e+19
40 25 8.87587e+19
41 25 8.86884e+19
42 25 8.87175e+19
43 25 8.87394e+19
44 25 8.87203e+19
45 25 8.87273e+19
46 25 8.87644e+19
47 25 8.87324e+19
48 25 8.86578e+19
49 25 8.86677e+19
50 25 8.87132e+19
51 25 8.86752e+19
52 25 8.8648e+19
53 25 8.86506e+19
54 25 8.86061e+19
55 25 8.85535e+19
56 25 8.85864e+19
57 25 8.86332e+19
58 25 8.86202e+19
59 25 8.86041e+19
60 25 8.85982e+19
61 25 8.85776e+19
62 25 8.85667e+19
0 26 9.11369e+19
1 26 9.11391e+19
2 26 9.11573e+19
3 26 9.12153e+19
4 26 9.12736e+19
5 26 9.12629e+19
6 26 9.12836e+19
7 26 9.13429e+19
8 26 9.13693e+19
9 26 9.13621e+19
10 26 9.1362e+19
11 26 9.1421e+19
12 26 9.14371e+19
13 26 9.14291e+19
14 26 9.14429e+19
15 26 9.14622e+19
16 26 9.14628e+19
17 26 9.14181e+19
18 26 9.14404e+19
19 26 9.14863e+19
20 26 9.14689e+19
21 26 9.14544e+19
22 26 9.14492e+19
23 26 9.14965e+19
24 26 9.15581e+19
25 26 9.14821e+19
26 26 9.14229e+19
27 26 9.14171e+19
28 26 9.14048e+19
29 26 9.14558e+19
30 26 9.15003e+19
31 26 9.14357e+19
32 26 9.13632e+19
33 26 9.13637e+19
34 26 9.13528e+19
35 26 9.14043e+19
36 26 9.14247e+19
37 26 9.13782e+19
38 26 9.1383e+19
39 26 9.13736e+19
40 26 9.1278e+19
41 26 9.12463e+19
42 26 9.12804e+19
43 26 9.12504e+19
44 26 9.12555e+19
45 26 9.12625e+19
46 26 9.12509e+19
47 26 9.1254e+19
48 26 9.12214e+19
49 26 9.12032e+19
50 26 9.11887e+19
51 26 9.1212e+19
52 26 9.12431e+19
53 26 9.11872e+19
54 26 9.11647e+19
55 26 9.11466e+19
56 26 9.11306e+19
57 26 9.11169e+19
58 26 9.1105e+19
59 26 9.1087e+19
60 26 9.10804e+19
61 26 9.10816e+19
62 26 9.10756e+19
0 27 9.36145e+19
1 27 9.37234e+19
2 27 9.37452e+19
3 27 9.38579e+19
4 27 9.39272e+19
5 27 9.39583e+19
6 27 9.39583e+19
7 27 9.39198e+19
8 27 9.39882e+19
9 27 9.39886e+19
10 27 9.39951e+19
11 27 9.40161e+19
12 27 9.40386e+19
13 27 9.41047e+19
14 27 9.40919e+19
15 27 9.40412e+19
16 27 9.40627e+19
17 27 9.4114e+19
18 27 9.41588e+19
19 27 9.4126e+19
20 27 9.40902e+19
21 27 9.40845e+19
22 27 9.4104e+19
23 27 9.41345e+19
24 27 9.40868e+19
25 27 9.40653e+19
26 27 9.40499e+19
27 27 9.40371e+19
28 27 9.40429e+19
29 27 9.40335e+19
30 27 9.40325e+19
31 27 9.40431e+19
32 27 9.40516e+19
33 27 9.40112e+19
34 27 9.40016e+19
35 27 9.39885e+19
36 27 9.39314e+19
37 27 9.39517e+19
38 27 9.39732e+19
39 27 9.39179e+19
40 27 9.39357e+19
41 27 9.39242e+19
42 27 9.38752e+19
43 27 9.38998e+19
44 27 9.38866e+19
45 27 9.3848e+19
46 27 9.38369e+19
47 27 9.38593e+19
48 27 9.38394e+19
49 27 9.38223e+19
50 27 9.3813e+19
51 27 9.37855e+19
52 27 9.37323e+19
53 27 9.37013e+19
54 27 9.37333e+19
55 27 9.37648e+19
56 27 9.37466e+19
57 27 9.37118e+19
58 27 9.3709e+19
59 27 9.37039e+19
60 27 9.37088e+19
61 27 9.37174e+19
62 27 9.36603e+19
0 28 9.63446e+19
1 28 9.64418e+19
2 28 9.64767e+19
3 28 9.64664e+19
4 28 9.6497e+19
5 28 9.6558e+19
6 28 9.65749e+19
7 28 9.66095e+19
8 28 9.66737e+19
9 28 9.67035e+19
10 28 9.67139e+19
11 28 9.66914e+19
12 28 9.66944e+19
13 28 9.67207e+19
14 28 9.66681e+19
15 28 9.66799e+19
16 28 9.67399e+19
17 28 9.67893e+19
18 28 9.67683e+19
19 28 9.67446e+19
20 28 9.67715e+19
21 28 9.67947e+19
22 28 9.67937e+19
23 28 9.67526e+19
24 28 9.67328e+19
25 28 9.67659e+19
26 28 9.67778e+19
27 28 9.67568e+19
28 28 9.67253e+19
29 28 9.66929e+19
30 28 9.66832e+19
31 28 9.67247e+19
32 28 9.67712e+19
33 28 9.67385e+19
34 28 9.67059e+19
35 28 9.66913e+19
36 28 9.66476e+19
37 28 9.66149e+19
38 28 9.65785e+19
39 28 9.65631e+19
40 28 9.66073e+19
41 28 9.66586e+19
42 28 9.66764e+19
43 28 9.66508e+19
44 28 9.65834e+19
45 28 9.65371e+19
46 28 9.65102e+19
47 28 9.64838e+19
48 28 9.64791e+19
49 28 9.64577e+19
50 28 9.64607e+19
51 28 9.64389e+19
52 28 9.63761e+19
53 28 9.64021e+19
54 28 9.64307e+19
55 28 9.64126e+19
56 28 9.64204e+19
57 28 9.6407e+19
58 28 9.63927e+19
59 28 9.64338e+19
60 28 9.64198e+19
61 28 9.6394e+19
62 28 9.63847e+19
0 29 9.92366e+19
1 29 9.92002e+19
2 29 9.91755e+19
3 29 9.92072e+19
4 29 9.92577e+19
5 29 9.93084e+19
6 29 9.93488e+19
7 29 9.94206e+19
8 29 9.94043e+19
9 29 9.94243e+19
10 29 9.94411e+19
11 29 9.94322e+19
12 29 9.95081e+19
13 29 9.95389e+19
14 29 9.95034e+19
15 29 9.95662e+19
16 29 9.95379e+19
17 29 9.95052e+19
18 29 9.95536e+19
19 29 9.95552e+19
20 29 9.9597e+19
21 29 9.95917e+19
22 29 9.95484e+19
23 29 9.95395e+19
24 29 9.95869e+19
25 29 9.95571e+19
26 29 9.95115e+19
27 29 9.94953e+19
28 29 9.94761e+19
29 29 9.94822e+19
30 29 9.94721e+19
31 29 9.94071e+19
32 29 9.93946e+19
33 29 9.94755e+19
34 29 9.94984e+19
35 29 9.94514e+19
36 29 9.94266e+19
37 29 9.93876e+19
38 29 9.93229e+19
39 29 9.93535e+19
40 29 9.93697e+19
41 29 9.93685e+19
42 29 9.93201e+19
43 29 9.92075e+19
44 29 9.91783e+19
45 29 9.92274e+19
46 29 9.92353e+19
47 29 9.92017e+19
48 29 9.92317e+19
49 29 9.92227e+19
50 29 9.91812e+19
51 29 9.91925e+19
52 29 9.92088e+19
53 29 9.91989e+19
54 29 9.91546e+19
55 29 9.9136e+19
56 29 9.91377e+19
57 29 9.91258e+19
58 29 9.91265e+19
59 29 9.91147e+19
60 29 9.90649e+19
61 29 9.90663e+19
62 29 9.90884e+19
0 30 1.01986e+20
1 30 1.01964e+20
2 30 1.02061e+20
3 30 1.02102e+20
4 30 1.02169e+20
5 30 1.02204e+20
6 30 1.02199e+20
7 30 1.02209e+20
8 30 1.02266e+20
9 30 1.02285e+20
10 30 1.02312e+20
11 30 1.02348e+20
12 30 1.02353e+20
13 30 1.02366e+20
14 30 1.0241e+20
15 30 1.02393e+20
16 30 1.02402e+20
17 30 1.02414e+20
18 30 1.02401e+20
19 30 1.02374e+20
20 30 1.0237e+20
21 30 1.02403e+20
22 30 1.02414e+20
23 30 1.02396e+20
24 30 1.02316e+20
25 30 1.02312e+20
26 30 1.02303e+20
27 30 1.02306e+20
28 30 1.02328e+20
29 30 1.02256e+20
30 30 1.02194e+20
31 30 1.02172e+20
32 30 1.02213e+20
33 30 1.02283e+20
34 30 1.02265e+20
35 30 1.02215e+20
36 30 1.02197e+20
37 30 1.02205e+20
38 30 1.02171e+20
39 30 1.0217e+20
40 30 1.02205e+20
41 30 1.02132e+20
42 30 1.02051e+20
43 30 1.02047e+20
44 30 1.02061e+20
45 30 1.02018e+20
46 30 1.02014e+20
47 30 1.02056e+20
48 30 1.02057e+20
49 30 1.02093e+20
50 30 1.02036e+20
51 30 1.01972e+20
52 30 1.02046e+20
53 30 1.02007e+20
54 30 1.01932e+20
55 30 1.0194e+20
56 30 1.01903e+20
57 30 1.01901e+20
58 30 1.01916e+20
59 30 1.01865e+20
60 30 1.01876e+20
61 30 1.01932e+20
62 30 1.01901e+20
0 31 1.0479e+20
1 31 1.04792e+20
2 31 1.04965e+20
3 31 1.05045e+20
4 31 1.05094e+20
5 31 1.0503e+20
6 31 1.05044e+20
7 31 1.05099e+20
8 31 1.05103e+20
9 31 1.05129e+20
10 31 1.05177e+20
11 31 1.05245e+20
12 31 1.05202e+20
13 31 1.05155e+20
14 31 1.05232e+20
15 31 1.05227e+20
16 31 1.05225e+20
17 31 1.05264e+20
18 31 1.05245e+20
19 31 1.05278e+20
20 31 1.05251e+20
21 31 1.05253e+20
22 31 1.05333e+20
23 31 1.05328e+20
24 31 1.05273e+20
25 31 1.05232e+20
26 31 1.05251e+20
27 31 1.05271e+20
28 31 1.05249e+20
29 31 1.05239e+20
30 31 1.05227e+20
31 31 1.05263e+20
32 31 1.0519e+20
33 31 1.0509e+20
34 31 1.05031e+20
35 31 1.05027e+20
36 31 1.05089e+20
37 31 1.05099e+20
38 31 1.05122e+20
39 31 1.05134e+20
40 31 1.05099e+20
41 31 1.05049e+20
42 31 1.05073e+20
43 31 1.05108e+20
44 31 1.05108e+20
45 31 1.05059e+20
46 31 1.04998e+20
47 31 1.04964e+20
48 31 1.04936e+20
49 31 1.04934e+20
50 31 1.04923e+20
51 31 1.04908e+20
52 31 1.04887e+20
53 31 1.04877e+20
54 31 1.04883e+20
55 31 1.04871e+20
56 31 1.04847e+20
57 31 1.04835e+20
58 31 1.04796e+20
59 31 1.04762e+20
60 31 1.04798e+20
61 31 1.04836e+20
62 31 1.04828e+20
0 32 1.07811e+20
1 32 1.07804e+20
2 32 1.07804e+20
3 32 1.07893e+20
4 32 1.07921e+20
5 32 1.07968e+20
6 32 1.08062e+20
7 32 1.08131e+20
8 32 1.08093e+20
9 32 1.08093e+20
10 32 1.08156e+20
11 32 1.08227e+20
12 32 1.08229e+20
13 32 1.08212e+20
14 32 1.08249e+20
15 32 1.08306e+20
16 32 1.08256e+20
17 32 1.08228e+20
18 32 1.08292e+20
19 32 1.08317e+20
20 32 1.08324e+20
21 32 1.08261e+20
22 32 1.08227e+20
23 32 1.08309e+20
24 32 1.08283e+20
25 32 1.08267e+20
26 32 1.0832e+20
27 32 1.08242e+20
28 32 1.08223e+20
29 32 1.08294e+20
30 32 1.08297e+20
31 32 1.0822e+20
32 32 1.08118e+20
33 32 1.08051e+20
34 32 1.08043e+20
35 32 1.08075e+20
36 32 1.0812e+20
37 32 1.08134e+20
38 32 1.0812e+20
39 32 1.08048e+20
40 32 1.07997e+20
41 32 1.07992e+20
42 32 1.07994e+20
43 32 1.0801e+20
44 32 1.07978e+20
45 32 1.07948e+20
46 32 1.07981e+20
47 32 1.07954e+20
48 32 1.07877e+20
49 32 1.07834e+20
50 32 1.07885e+20
51 32 1.07936e+20
52 32 1.07836e+20
53 32 1.07794e+20
54 32 1.07823e+20
55 32 1.07833e+20
56 32 1.07853e+20
57 32 1.07824e+20
58 32 1.07776e+20
59 32 1.07737e+20
60 32 1.07702e+20
61 32 1.07695e+20
62 32 1.07727e+20
0 33 1.10855e+20
1 33 1.10913e+20
2 33 1.10962e+20
3 33 1.10958e+20
4 33 1.10918e+20
5 33 1.11011e+20
6 33 1.11103e+20
7 33 1.11145e+20
8 33 1.11197e+20
9 33 1.11225e+20
10 33 1.11279e+20
11 33 1.11328e+20
12 33 1.11383e+20
13 33 1.11427e+20
14 33 1.11329e+20
15 33 1.11301e+20
16 33 1.11377e+20
17 33 1.11339e+20
18 33 1.11325e+20
19 33 1.11334e+20
20 33 1.11341e+20
21 33 1.11294e+20
22 33 1.11257e+20
23 33 1.11257e+20
24 33 1.11203e+20
25 33 1.11261e+20
26 33 1.11274e+20
27 33 1.11248e+20
28 33 1.11232e+20
29 33 1.11184e+20
30 33 1.11178e+20
31 33 1.11137e+20
32 33 1.11197e+20
33 33 1.1126e+20
34 33 1.11235e+20
35 33 1.11218e+20
36 33 1.1115e+20
37 33 1.11133e+20
38 33 1.11142e+20
39 33 1.11062e+20
40 33 1.10997e+20
41 33 1.11017e+20
42 33 1.10996e+20
43 33 1.10931e+20
44 33 1.10879e+20
45 33 1.10891e+20
46 33 1.10928e+20
47 33 1.1095e+20
48 33 1.10947e+20
49 33 1.10893e+20
50 33 1.10912e+20
51 33 1.10887e+20
52 33 1.10836e+20
53 33 1.10848e+20
54 33 1.10856e+20
55 33 1.10801e+20
56 33 1.1078e+20
57 33 1.10785e+20
58 33 1.10788e+20
59 33 1.10835e+20
60 33 1.10809e+20
61 33 1.10718e+20
62 33 1.10671e+20
0 34 1.13916e+20
1 34 1.14026e+20
2 34 1.14086e+20
3 34 1.14148e+20
4 34 1.14219e+20
5 34 1.14221e+20
6 34 1.1426e+20
7 34 1.14241e+20
8 34 1.1427e+20
9 34 1.14387e+20
10 34 1.14412e+20
11 34 1.14342e+20
12 34 1.14329e+20
13 34 1.14391e+20
14 34 1.14443e+20
15 34 1.14427e+20
16 34 1.14454e+20
17 34 1.14469e+20
18 34 1.1447e+20
19 34 1.14506e+20
20 34 1.14449e+20
21 34 1.14435e+20
22 34 1.14422e+20
23 34 1.1436e+20
24 34 1.14385e+20
25 34 1.14409e+20
26 34 1.14379e+20
27 34 1.14439e+20
28 34 1.1442e+20
29 34 1.1427e+20
30 34 1.14243e+20
31 34 1.14311e+20
32 34 1.14369e+20
33 34 1.14357e+20
34 34 1.14287e+20
35 34 1.14238e+20
36 34 1.14216e+20
37 34 1.14171e+20
38 34 1.1412e+20
39 34 1.14205e+20
40 34 1.14244e+20
41 34 1.14206e+20
42 34 1.14192e+20
43 34 1.14086e+20
44 34 1.14067e+20
45 34 1.1409e+20
46 34 1.13996e+20
47 34 1.13991e+20
48 34 1.14032e+20
49 34 1.14025e+20
50 34 1.14007e+20
51 34 1.13967e+20
52 34 1.13971e+20
53 34 1.13986e+20
54 34 1.13963e+20
55 34 1.13912e+20
56 34 1.1394e+20
57 34 1.13943e+20
58 34 1.13922e+20
59 34 1.13997e+20
60 34 1.1393e+20
61 34 1.13864e+20
62 34 1.13792e+20
0 35 1.17124e+20
1 35 1.17227e+20
2 35 1.17244e+20
3 35 1.17251e+20
4 35 1.17351e+20
5 35 1.17461e+20
6 35 1.17532e+20
7 35 1.17586e+20
8 35 1.17594e+20
9 35 1.17557e+20
10 35 1.17555e+20
11 35 1.17576e+20
12 35 1.17562e+20
13 35 1.17555e+20
14 35 1.17673e+20
15 35 1.17752e+20
16 35 1.17741e+20
17 35 1.17768e+20
18 35 1.17763e+20
19 35 1.17729e+20
20 35 1.1769e+20
21 35 1.17664e+20
22 35 1.17622e+20
23 35 1.17627e+20
24 35 1.17662e+20
25 35 1.17643e+20
26 35 1.17651e+20
27 35 1.17589e+20
28 35 1.17507e+20
29 35 1.1754e+20
30 35 1.17592e+20
31 35 1.17627e+20
32 35 1.17516e+20
33 35 1.17424e+20
34 35 1.1747e+20
35 35 1.17418e+20
36 35 1.17388e+20
37 35 1.17386e+20
38 35 1.17369e+20
39 35 1.17387e+20
40 35 1.17404e+20
41 35 1.17406e+20
42 35 1.17349e+20
43 35 1.17323e+20
44 35 1.17309e+20
45 35 1.1723e+20
46 35 1.17204e+20
47 35 1.17213e+20
48 35 1.1723e+20
49 35 1.17219e+20
50 35 1.1717e+20
51 35 1.1717e+20
52 35 1.17205e+20
53 35 1.17206e+20
54 35 1.17133e+20
55 35 1.17121e+20
56 35 1.17152e+20
57 35 1.17128e+20
58 35 1.17094e+20
59 35 1.17081e+20
60 35 1.17074e+20
61 35 1.17084e+20
62 35 1.17024e+20
0 36 1.20433e+20
1 36 1.20473e+20
2 36 1.2055e+20
3 36 1.20545e+20
4 36 1.2058e+20
5 36 1.20675e+20
6 36 1.20715e+20
7 36 1.20807e+20
8 36 1.20926e+20
9 36 1.20936e+20
10 36 1.2089e+20
11 36 1.20925e+20
12 36 1.20978e+20
13 36 1.2097e+20
14 36 1.20954e+20
15 36 1.20996e+20
16 36 1.20987e+20
17 36 1.20974e+20
18 36 1.20992e+20
19 36 1.20952e+20
20 36 1.20969e+20
21 36 1.20956e+20
22 36 1.2091e+20
23 36 1.20894e+20
24 36 1.20914e+20
25 36 1.2095e+20
26 36 1.20913e+20
27 36 1.2081e+20
28 36 1.2081e+20
29 36 1.20911e+20
30 36 1.20874e+20
31 36 1.20788e+20
32 36 1.20728e+20
33 36 1.20708e+20
34 36 1.20758e+20
35 36 1.20786e+20
36 36 1.20773e+20
37 36 1.20726e+20
38 36 1.20723e+20
39 36 1.2066e+20
40 36 1.20626e+20
41 36 1.20604e+20
42 36 1.20516e+20
43 36 1.2058e+20
44 36 1.20605e+20
45 36 1.20563e+20
46 36 1.20568e+20
47 36 1.20564e+20
48 36 1.20557e+20
49 36 1.20536e+20
50 36 1.2047e+20
51 36 1.20439e+20
52 36 1.20445e+20
53 36 1.20457e+20
54 36 1.20423e+20
55 36 1.20382e+20
56 36 1.20362e+20
57 36 1.2032e+20
58 36 1.20302e+20
59 36 1.20248e+20
60 36 1.20271e+20
61 36 1.20295e+20
62 36 1.20297e+20
0 37 1.23828e+20
1 37 1.23841e+20
2 37 1.23933e+20
3 37 1.24065e+20
4 37 1.2406e+20
5 37 1.24071e+20
6 37 1.24184e+20
7 37 1.24189e+20
8 37 1.24149e+20
9 37 1.24274e+20
10 37 1.24364e+20
11 37 1.24325e+20
12 37 1.24333e+20
13 37 1.2439e+20
14 37 1.2441e+20
15 37 1.24353e+20
16 37 1.24311e+20
17 37 1.2436e+20
18 37 1.24369e+20
19 37 1.24369e+20
20 37 1.24378e+20
21 37 1.24357e+20
22 37 1.24348e+20
23 37 1.24365e+20
24 37 1.2439e+20
25 37 1.24342e+20
26 37 1.24288e+20
27 37 1.24336e+20
28 37 1.24398e+20
29 37 1.24325e+20
30 37 1.24224e+20
31 37 1.24173e+20
32 37 1.24165e+20
33 37 1.24184e+20
34 37 1.24154e+20
35 37 1.24148e+20
36 37 1.24132e+20
37 37 1.24082e+20
38 37 1.24061e+20
39 37 1.24058e+20
40 37 1.23996e+20
41 37 1.23957e+20
42 37 1.23997e+20
43 37 1.23961e+20
44 37 1.23953e+20
45 37 1.23947e+20
46 37 1.23898e+20
47 37 1.2384e+20
48 37 1.23811e+20
49 37 1.23805e+20
50 37 1.2381e+20
51 37 1.23821e+20
52 37 1.23745e+20
53 37 1.23705e+20
54 37 1.23755e+20
55 37 1.23777e+20
56 37 1.23754e+20
57 37 1.23724e+20
58 37 1.23684e+20
59 37 1.23649e+20
60 37 1.23586e+20
61 37 1.23583e+20
62 37 1.23645e+20
0 38 1.27337e+20
1 38 1.27313e+20
2 38 1.27338e+20
3 38 1.27441e+20
4 38 1.27572e+20
5 38 1.2764e+20
6 38 1.27639e+20
7 38 1.27622e+20
8 38 1.27663e+20
9 38 1.27666e+20
10 38 1.2771e+20
11 38 1.27771e+20
12 38 1.27775e+20
13 38 1.27798e+20
14 38 1.27846e+20
15 38 1.27886e+20
16 38 1.27882e+20
17 38 1.27876e+20
18 38 1.27837e+20
19 38 1.27869e+20
20 38 1.27886e+20
21 38 1.27837e+20
22 38 1.27854e+20
23 38 1.27848e+20
24 38 1.27839e+20
25 38 1.27771e+20
26 38 1.2769e+20
27 38 1.27727e+20
28 38 1.2778e+20
29 38 1.27712e+20
30 38 1.27706e+20
31 38 1.27763e+20
32 38 1.27711e+20
33 38 1.27653e+20
34 38 1.27545e+20
35 38 1.27452e+20
36 38 1.27424e+20
37 38 1.27443e+20
38 38 1.27456e+20
39 38 1.27452e+20
40 38 1.27381e+20
41 38 1.27427e+20
42 38 1.27438e+20
43 38 1.27306e+20
44 38 1.27302e+20
45 38 1.27243e+20
46 38 1.27244e+20
47 38 1.27297e+20
48 38 1.27296e+20
49 38 1.273e+20
50 38 1.27325e+20
51 38 1.27329e+20
52 38 1.27209e+20
53 38 1.27115e+20
54 38 1.27192e+20
55 38 1.27266e+20
56 38 1.272e+20
57 38 1.27172e+20
58 38 1.27146e+20
59 38 1.27152e+20
60 38 1.27205e+20
61 38 1.27189e+20
62 38 1.27128e+20
0 39 1.30776e+20
1 39 1.30823e+20
2 39 1.30839e+20
3 39 1.30924e+20
4 39 1.31089e+20
5 39 1.3116e+20
6 39 1.31095e+20
7 39 1.31103e+20
8 39 1.31273e+20
9 39 1.31331e+20
10 39 1.31297e+20
11 39 1.31348e+20
12 39 1.3137e+20
13 39 1.3143e+20
14 39 1.31428e+20
15 39 1.31417e+20
16 39 1.31447e+20
17 39 1.3141e+20
18 39 1.31424e+20
19 39 1.31414e+20
20 39 1.31388e+20
21 39 1.31421e+20
22 39 1.31452e+20
23 39 1.31371e+20
24 39 1.31312e+20
25 39 1.31327e+20
26 39 1.31272e+20
27 39 1.31211e+20
28 39 1.31187e+20
29 39 1.31188e+20
30 39 1.31158e+20
31 39 1.31115e+20
32 39 1.31179e+20
33 39 1.31178e+20
34 39 1.31121e+20
35 39 1.31102e+20
36 39 1.3109e+20
37 39 1.31098e+20
38 39 1.31054e+20
39 39 1.30951e+20
40 39 1.30963e+20
41 39 1.30974e+20
42 39 1.30932e+20
43 39 1.30924e+20
44 39 1.3086e+20
45 39 1.30813e+20
46 39 1.30849e+20
47 39 1.30905e+20
48 39 1.30808e+20
49 39 1.30819e+20
50 39 1.30801e+20
51 39 1.30812e+20
52 39 1.30867e+20
53 39 1.30775e+20
54 39 1.30783e+20
55 39 1.30772e+20
56 39 1.30708e+20
57 39 1.30706e+20
58 39 1.30741e+20
59 39 1.30717e+20
60 39 1.30749e+20
61 39 1.30745e+20
62 39 1.30709e+20
0 40 1.34387e+20
1 40 1.34451e+20
2 40 1.34564e+20
3 40 1.34612e+20
4 40 1.34641e+20
5 40 1.3479e+20
6 40 1.34838e+20
7 40 1.34853e+20
8 40 1.34834e+20
9 40 1.34911e+20
10 40 1.34975e+20
11 40 1.35004e+20
12 40 1.35107e+20
13 40 1.35163e+20
14 40 1.35105e+20
15 40 1.35043e+20
16 40 1.35115e+20
17 40 1.35156e+20
18 40 1.35122e+20
19 40 1.35078e+20
20 40 1.35052e+20
21 40 1.35074e+20
22 40 1.35105e+20
23 40 1.35057e+20
24 40 1.35028e+20
25 40 1.35062e+20
26 40 1.35081e+20
27 40 1.34997e+20
28 40 1.34874e+20
29 40 1.34876e+20
30 40 1.3487e+20
31 40 1.34758e+20
32 40 1.34726e+20
33 40 1.34778e+20
34 40 1.34781e+20
35 40 1.3479e+20
36 40 1.34845e+20
37 40 1.34777e+20
38 40 1.34658e+20
39 40 1.34651e+20
40 40 1.34687e+20
41 40 1.34627e+20
42 40 1.34646e+20
43 40 1.34687e+20
44 40 1.34611e+20
45 40 1.34618e+20
46 40 1.34596e+20
47 40 1.34503e+20
48 40 1.34441e+20
49 40 1.34444e+20
50 40 1.34405e+20
51 40 1.34408e+20
52 40 1.34434e+20
53 40 1.34405e+20
54 40 1.34437e+20
55 40 1.34375e+20
56 40 1.34318e+20
57 40 1.34353e+20
58 40 1.34405e+20
59 40 1.34353e+20
60 40 1.34237e+20
61 40 1.34246e+20
62 40 1.34313e+20
