126 0 4.31234e+19
127 0 4.31638e+19
128 0 4.31597e+19
129 0 4.31433e+19
130 0 4.31097e+19
131 0 4.30585e+19
132 0 4.30724e+19
133 0 4.31051e+19
134 0 4.31189e+19
135 0 4.3101e+19
136 0 4.30796e+19
137 0 4.30859e+19
138 0 4.31193e+19
139 0 4.31542e+19
140 0 4.31231e+19
141 0 4.30954e+19
142 0 4.31302e+19
143 0 4.31322e+19
144 0 4.30875e+19
145 0 4.3055e+19
146 0 4.30459e+19
147 0 4.3078e+19
148 0 4.3146e+19
149 0 4.31312e+19
150 0 4.30897e+19
151 0 4.30991e+19
152 0 4.30866e+19
153 0 4.30743e+19
154 0 4.31495e+19
155 0 4.31773e+19
156 0 4.31103e+19
157 0 4.30936e+19
158 0 4.31034e+19
159 0 4.30872e+19
160 0 4.30546e+19
161 0 4.31002e+19
162 0 4.31241e+19
163 0 4.30927e+19
164 0 4.31287e+19
165 0 4.308e+19
166 0 4.30364e+19
167 0 4.30981e+19
168 0 4.30847e+19
169 0 4.31189e+19
170 0 4.3189e+19
171 0 4.31517e+19
172 0 4.31116e+19
173 0 4.30891e+19
174 0 4.31074e+19
175 0 4.3116e+19
176 0 4.3088e+19
177 0 4.31018e+19
178 0 4.31326e+19
179 0 4.31056e+19
180 0 4.30583e+19
181 0 4.30999e+19
182 0 4.31074e+19
183 0 4.31755e+19
184 0 4.31661e+19
185 0 4.30691e+19
186 0 4.30969e+19
187 0 4.30944e+19
188 0 4.30913e+19
126 1 4.41998e+19
127 1 4.41956e+19
128 1 4.41824e+19
129 1 4.41998e+19
130 1 4.42017e+19
131 1 4.41661e+19
132 1 4.41808e+19
133 1 4.41835e+19
134 1 4.41804e+19
135 1 4.41875e+19
136 1 4.41729e+19
137 1 4.41724e+19
138 1 4.41651e+19
139 1 4.41533e+19
140 1 4.41516e+19
141 1 4.41619e+19
142 1 4.41758e+19
143 1 4.41704e+19
144 1 4.41932e+19
145 1 4.42158e+19
146 1 4.41889e+19
147 1 4.41714e+19
148 1 4.41933e+19
149 1 4.41817e+19
150 1 4.41325e+19
151 1 4.41476e+19
152 1 4.42103e+19
153 1 4.42171e+19
154 1 4.41998e+19
155 1 4.41982e+19
156 1 4.42042e+19
157 1 4.41875e+19
158 1 4.41756e+19
159 1 4.41982e+19
160 1 4.41621e+19
161 1 4.41575e+19
162 1 4.42199e+19
163 1 4.41929e+19
164 1 4.41987e+19
165 1 4.41927e+19
166 1 4.41574e+19
167 1 4.42069e+19
168 1 4.42119e+19
169 1 4.41684e+19
170 1 4.41662e+19
171 1 4.41681e+19
172 1 4.41551e+19
173 1 4.41779e+19
174 1 4.42135e+19
175 1 4.42129e+19
176 1 4.42047e+19
177 1 4.42049e+19
178 1 4.4206e+19
179 1 4.41844e+19
180 1 4.41938e+19
181 1 4.41963e+19
182 1 4.41615e+19
183 1 4.41833e+19
184 1 4.41585e+19
185 1 4.41158e+19
186 1 4.41532e+19
187 1 4.41797e+19
188 1 4.41585e+19
126 2 4.55029e+19
127 2 4.55122e+19
128 2 4.55106e+19
129 2 4.54831e+19
130 2 4.55124e+19
131 2 4.55487e+19
132 2 4.55044e+19
133 2 4.54881e+19
134 2 4.55194e+19
135 2 4.55248e+19
136 2 4.55119e+19
137 2 4.55223e+19
138 2 4.55e+19
139 2 4.54765e+19
140 2 4.54933e+19
141 2 4.54919e+19
142 2 4.54821e+19
143 2 4.55085e+19
144 2 4.55469e+19
145 2 4.55193e+19
146 2 4.55147e+19
147 2 4.55323e+19
148 2 4.55104e+19
149 2 4.55187e+19
150 2 4.5506e+19
151 2 4.54811e+19
152 2 4.55168e+19
153 2 4.55421e+19
154 2 4.55034e+19
155 2 4.55101e+19
156 2 4.54995e+19
157 2 4.54779e+19
158 2 4.55238e+19
159 2 4.55366e+19
160 2 4.55293e+19
161 2 4.55178e+19
162 2 4.55114e+19
163 2 4.55365e+19
164 2 4.55431e+19
165 2 4.55571e+19
166 2 4.55646e+19
167 2 4.55363e+19
168 2 4.55501e+19
169 2 4.55379e+19
170 2 4.5521e+19
171 2 4.55295e+19
172 2 4.54959e+19
173 2 4.5517e+19
174 2 4.55272e+19
175 2 4.54877e+19
176 2 4.55101e+19
177 2 4.55111e+19
178 2 4.55282e+19
179 2 4.55911e+19
180 2 4.5567e+19
181 2 4.55013e+19
182 2 4.55082e+19
183 2 4.54964e+19
184 2 4.55082e+19
185 2 4.55222e+19
186 2 4.55091e+19
187 2 4.55434e+19
188 2 4.55399e+19
126 3 4.68903e+19
127 3 4.68731e+19
128 3 4.68802e+19
129 3 4.68788e+19
130 3 4.6851e+19
131 3 4.68806e+19
132 3 4.68641e+19
133 3 4.6863e+19
134 3 4.68825e+19
135 3 4.68909e+19
136 3 4.69139e+19
137 3 4.69207e+19
138 3 4.69162e+19
139 3 4.69145e+19
140 3 4.69161e+19
141 3 4.6904e+19
142 3 4.68718e+19
143 3 4.68814e+19
144 3 4.68923e+19
145 3 4.68647e+19
146 3 4.68691e+19
147 3 4.68733e+19
148 3 4.68701e+19
149 3 4.68945e+19
150 3 4.6909e+19
151 3 4.6892e+19
152 3 4.68619e+19
153 3 4.68788e+19
154 3 4.69003e+19
155 3 4.68993e+19
156 3 4.68875e+19
157 3 4.68794e+19
158 3 4.68925e+19
159 3 4.68798e+19
160 3 4.69085e+19
161 3 4.69236e+19
162 3 4.68652e+19
163 3 4.68538e+19
164 3 4.68704e+19
165 3 4.68938e+19
166 3 4.69015e+19
167 3 4.68692e+19
168 3 4.68419e+19
169 3 4.68708e+19
170 3 4.68982e+19
171 3 4.68832e+19
172 3 4.69058e+19
173 3 4.68844e+19
174 3 4.68353e+19
175 3 4.68331e+19
176 3 4.68627e+19
177 3 4.68936e+19
178 3 4.68834e+19
179 3 4.69088e+19
180 3 4.69023e+19
181 3 4.68653e+19
182 3 4.68867e+19
183 3 4.68835e+19
184 3 4.68839e+19
185 3 4.69242e+19
186 3 4.6906e+19
187 3 4.68677e+19
188 3 4.69096e+19
126 4 4.83084e+19
127 4 4.83249e+19
128 4 4.83009e+19
129 4 4.8307e+19
130 4 4.82982e+19
131 4 4.82707e+19
132 4 4.83064e+19
133 4 4.82925e+19
134 4 4.82648e+19
135 4 4.8284e+19
136 4 4.83074e+19
137 4 4.82994e+19
138 4 4.82896e+19
139 4 4.83181e+19
140 4 4.83085e+19
141 4 4.82837e+19
142 4 4.83191e+19
143 4 4.83245e+19
144 4 4.82997e+19
145 4 4.83165e+19
146 4 4.83026e+19
147 4 4.8275e+19
148 4 4.82884e+19
149 4 4.82851e+19
150 4 4.82691e+19
151 4 4.828e+19
152 4 4.82868e+19
153 4 4.83038e+19
154 4 4.82954e+19
155 4 4.82853e+19
156 4 4.83454e+19
157 4 4.83465e+19
158 4 4.82931e+19
159 4 4.82946e+19
160 4 4.83085e+19
161 4 4.82951e+19
162 4 4.82846e+19
163 4 4.82837e+19
164 4 4.82785e+19
165 4 4.8275e+19
166 4 4.82943e+19
167 4 4.82933e+19
168 4 4.82672e+19
169 4 4.82785e+19
170 4 4.83032e+19
171 4 4.83118e+19
172 4 4.82838e+19
173 4 4.82418e+19
174 4 4.82853e+19
175 4 4.83243e+19
176 4 4.82779e+19
177 4 4.83083e+19
178 4 4.83327e+19
179 4 4.8287e+19
180 4 4.82926e+19
181 4 4.8306e+19
182 4 4.83021e+19
183 4 4.83091e+19
184 4 4.83109e+19
185 4 4.83138e+19
186 4 4.8299e+19
187 4 4.83024e+19
188 4 4.83073e+19
126 5 4.97317e+19
127 5 4.97486e+19
128 5 4.97283e+19
129 5 4.97227e+19
130 5 4.97366e+19
131 5 4.97439e+19
132 5 4.97721e+19
133 5 4.97861e+19
134 5 4.97638e+19
135 5 4.97382e+19
136 5 4.97478e+19
137 5 4.97502e+19
138 5 4.97386e+19
139 5 4.9725e+19
140 5 4.97239e+19
141 5 4.97494e+19
142 5 4.97569e+19
143 5 4.97307e+19
144 5 4.97134e+19
145 5 4.97463e+19
146 5 4.97511e+19
147 5 4.97522e+19
148 5 4.97872e+19
149 5 4.97736e+19
150 5 4.97487e+19
151 5 4.97308e+19
152 5 4.97393e+19
153 5 4.97622e+19
154 5 4.97637e+19
155 5 4.9754e+19
156 5 4.97355e+19
157 5 4.97493e+19
158 5 4.97498e+19
159 5 4.97461e+19
160 5 4.97193e+19
161 5 4.96974e+19
162 5 4.97216e+19
163 5 4.97585e+19
164 5 4.97801e+19
165 5 4.97121e+19
166 5 4.97271e+19
167 5 4.97746e+19
168 5 4.97617e+19
169 5 4.97499e+19
170 5 4.97342e+19
171 5 4.97393e+19
172 5 4.97277e+19
173 5 4.97372e+19
174 5 4.97786e+19
175 5 4.98241e+19
176 5 4.9771e+19
177 5 4.9705e+19
178 5 4.9714e+19
179 5 4.97283e+19
180 5 4.97444e+19
181 5 4.97399e+19
182 5 4.97311e+19
183 5 4.97398e+19
184 5 4.97463e+19
185 5 4.97156e+19
186 5 4.97315e+19
187 5 4.97877e+19
188 5 4.97676e+19
126 6 5.12396e+19
127 6 5.11909e+19
128 6 5.11806e+19
129 6 5.12162e+19
130 6 5.12194e+19
131 6 5.12305e+19
132 6 5.12564e+19
133 6 5.12504e+19
134 6 5.12278e+19
135 6 5.12245e+19
136 6 5.12354e+19
137 6 5.12486e+19
138 6 5.12423e+19
139 6 5.12015e+19
140 6 5.12131e+19
141 6 5.12378e+19
142 6 5.12287e+19
143 6 5.12289e+19
144 6 5.1234e+19
145 6 5.12343e+19
146 6 5.12176e+19
147 6 5.1238e+19
148 6 5.12401e+19
149 6 5.11827e+19
150 6 5.12114e+19
151 6 5.12725e+19
152 6 5.12426e+19
153 6 5.12123e+19
154 6 5.12422e+19
155 6 5.12447e+19
156 6 5.12015e+19
157 6 5.11852e+19
158 6 5.12315e+19
159 6 5.12505e+19
160 6 5.12203e+19
161 6 5.11965e+19
162 6 5.12249e+19
163 6 5.12334e+19
164 6 5.12058e+19
165 6 5.12124e+19
166 6 5.12061e+19
167 6 5.12114e+19
168 6 5.12322e+19
169 6 5.12338e+19
170 6 5.12122e+19
171 6 5.11897e+19
172 6 5.12262e+19
173 6 5.12323e+19
174 6 5.12283e+19
175 6 5.12577e+19
176 6 5.12448e+19
177 6 5.12026e+19
178 6 5.11944e+19
179 6 5.12117e+19
180 6 5.12143e+19
181 6 5.12381e+19
182 6 5.12318e+19
183 6 5.123e+19
184 6 5.12175e+19
185 6 5.12115e+19
186 6 5.12122e+19
187 6 5.12103e+19
188 6 5.123e+19
126 7 5.2761e+19
127 7 5.27623e+19
128 7 5.27662e+19
129 7 5.276e+19
130 7 5.27687e+19
131 7 5.27229e+19
132 7 5.27324e+19
133 7 5.27438e+19
134 7 5.27659e+19
135 7 5.27719e+19
136 7 5.27356e+19
137 7 5.27191e+19
138 7 5.27194e+19
139 7 5.27453e+19
140 7 5.27809e+19
141 7 5.27786e+19
142 7 5.27707e+19
143 7 5.27846e+19
144 7 5.27681e+19
145 7 5.2761e+19
146 7 5.27582e+19
147 7 5.27356e+19
148 7 5.27472e+19
149 7 5.27365e+19
150 7 5.27016e+19
151 7 5.27526e+19
152 7 5.27867e+19
153 7 5.27637e+19
154 7 5.27377e+19
155 7 5.27243e+19
156 7 5.27184e+19
157 7 5.27368e+19
158 7 5.27858e+19
159 7 5.27844e+19
160 7 5.27678e+19
161 7 5.27432e+19
162 7 5.27566e+19
163 7 5.2783e+19
164 7 5.27482e+19
165 7 5.27859e+19
166 7 5.27784e+19
167 7 5.27182e+19
168 7 5.27278e+19
169 7 5.27603e+19
170 7 5.27601e+19
171 7 5.27451e+19
172 7 5.27467e+19
173 7 5.27584e+19
174 7 5.27648e+19
175 7 5.27141e+19
176 7 5.27148e+19
177 7 5.27594e+19
178 7 5.27549e+19
179 7 5.27279e+19
180 7 5.27352e+19
181 7 5.27626e+19
182 7 5.27663e+19
183 7 5.27472e+19
184 7 5.27597e+19
185 7 5.27842e+19
186 7 5.27619e+19
187 7 5.27501e+19
188 7 5.27439e+19
126 8 5.43333e+19
127 8 5.4358e+19
128 8 5.43613e+19
129 8 5.43175e+19
130 8 5.43435e+19
131 8 5.43465e+19
132 8 5.43131e+19
133 8 5.43254e+19
134 8 5.43508e+19
135 8 5.43295e+19
136 8 5.4287e+19
137 8 5.43019e+19
138 8 5.43319e+19
139 8 5.43594e+19
140 8 5.43367e+19
141 8 5.43251e+19
142 8 5.43244e+19
143 8 5.43184e+19
144 8 5.43152e+19
145 8 5.43026e+19
146 8 5.43283e+19
147 8 5.43626e+19
148 8 5.43625e+19
149 8 5.43536e+19
150 8 5.4321e+19
151 8 5.4299e+19
152 8 5.43206e+19
153 8 5.43176e+19
154 8 5.43271e+19
155 8 5.43313e+19
156 8 5.43034e+19
157 8 5.43046e+19
158 8 5.43036e+19
159 8 5.43069e+19
160 8 5.42821e+19
161 8 5.43322e+19
162 8 5.43504e+19
163 8 5.42945e+19
164 8 5.43149e+19
165 8 5.43278e+19
166 8 5.43404e+19
167 8 5.43252e+19
168 8 5.43262e+19
169 8 5.43185e+19
170 8 5.42886e+19
171 8 5.43244e+19
172 8 5.43285e+19
173 8 5.43493e+19
174 8 5.4291e+19
175 8 5.42775e+19
176 8 5.43593e+19
177 8 5.43222e+19
178 8 5.42948e+19
179 8 5.43216e+19
180 8 5.43283e+19
181 8 5.42997e+19
182 8 5.43077e+19
183 8 5.43006e+19
184 8 5.42867e+19
185 8 5.43096e+19
186 8 5.43466e+19
187 8 5.43504e+19
188 8 5.43133e+19
126 9 5.59281e+19
127 9 5.59258e+19
128 9 5.59631e+19
129 9 5.5924e+19
130 9 5.59002e+19
131 9 5.59554e+19
132 9 5.59608e+19
133 9 5.59673e+19
134 9 5.59348e+19
135 9 5.59124e+19
136 9 5.59414e+19
137 9 5.59267e+19
138 9 5.59196e+19
139 9 5.59463e+19
140 9 5.59184e+19
141 9 5.59223e+19
142 9 5.59388e+19
143 9 5.59397e+19
144 9 5.59669e+19
145 9 5.59496e+19
146 9 5.59302e+19
147 9 5.59669e+19
148 9 5.59602e+19
149 9 5.59211e+19
150 9 5.5965e+19
151 9 5.5947e+19
152 9 5.59166e+19
153 9 5.5948e+19
154 9 5.59626e+19
155 9 5.5974e+19
156 9 5.59748e+19
157 9 5.59289e+19
158 9 5.58835e+19
159 9 5.59054e+19
160 9 5.59165e+19
161 9 5.59637e+19
162 9 5.59666e+19
163 9 5.59049e+19
164 9 5.59049e+19
165 9 5.59151e+19
166 9 5.59296e+19
167 9 5.5946e+19
168 9 5.59728e+19
169 9 5.59463e+19
170 9 5.59605e+19
171 9 5.59792e+19
172 9 5.59342e+19
173 9 5.59462e+19
174 9 5.59062e+19
175 9 5.59091e+19
176 9 5.59768e+19
177 9 5.59659e+19
178 9 5.59563e+19
179 9 5.59633e+19
180 9 5.59573e+19
181 9 5.59665e+19
182 9 5.59646e+19
183 9 5.59785e+19
184 9 5.59515e+19
185 9 5.59183e+19
186 9 5.59256e+19
187 9 5.59079e+19
188 9 5.59124e+19
126 10 5.75936e+19
127 10 5.75838e+19
128 10 5.76109e+19
129 10 5.76237e+19
130 10 5.75799e+19
131 10 5.75494e+19
132 10 5.75605e+19
133 10 5.75793e+19
134 10 5.75731e+19
135 10 5.76152e+19
136 10 5.76542e+19
137 10 5.76236e+19
138 10 5.75926e+19
139 10 5.75784e+19
140 10 5.7598e+19
141 10 5.75796e+19
142 10 5.75532e+19
143 10 5.759e+19
144 10 5.75984e+19
145 10 5.7598e+19
146 10 5.7626e+19
147 10 5.75997e+19
148 10 5.7568e+19
149 10 5.75744e+19
150 10 5.76021e+19
151 10 5.76153e+19
152 10 5.76155e+19
153 10 5.76302e+19
154 10 5.76082e+19
155 10 5.75651e+19
156 10 5.76108e+19
157 10 5.7661e+19
158 10 5.76201e+19
159 10 5.76049e+19
160 10 5.76097e+19
161 10 5.75831e+19
162 10 5.75779e+19
163 10 5.76066e+19
164 10 5.75996e+19
165 10 5.75949e+19
166 10 5.76101e+19
167 10 5.76326e+19
168 10 5.76082e+19
169 10 5.76245e+19
170 10 5.76738e+19
171 10 5.7594e+19
172 10 5.75693e+19
173 10 5.75814e+19
174 10 5.75897e+19
175 10 5.75921e+19
176 10 5.7596e+19
177 10 5.76157e+19
178 10 5.76016e+19
179 10 5.75848e+19
180 10 5.75981e+19
181 10 5.75995e+19
182 10 5.7592e+19
183 10 5.76192e+19
184 10 5.763e+19
185 10 5.76255e+19
186 10 5.75938e+19
187 10 5.75893e+19
188 10 5.76166e+19
126 11 5.93253e+19
127 11 5.93415e+19
128 11 5.93179e+19
129 11 5.931e+19
130 11 5.93082e+19
131 11 5.92957e+19
132 11 5.92619e+19
133 11 5.92505e+19
134 11 5.929e+19
135 11 5.92946e+19
136 11 5.92876e+19
137 11 5.92929e+19
138 11 5.93227e+19
139 11 5.93222e+19
140 11 5.92914e+19
141 11 5.92704e+19
142 11 5.92635e+19
143 11 5.92862e+19
144 11 5.92513e+19
145 11 5.92437e+19
146 11 5.9309e+19
147 11 5.93008e+19
148 11 5.92756e+19
149 11 5.92965e+19
150 11 5.92732e+19
151 11 5.92801e+19
152 11 5.93055e+19
153 11 5.92698e+19
154 11 5.92688e+19
155 11 5.92702e+19
156 11 5.93032e+19
157 11 5.93266e+19
158 11 5.93175e+19
159 11 5.92907e+19
160 11 5.92536e+19
161 11 5.92525e+19
162 11 5.92636e+19
163 11 5.92782e+19
164 11 5.9325e+19
165 11 5.93096e+19
166 11 5.92637e+19
167 11 5.93018e+19
168 11 5.92731e+19
169 11 5.92673e+19
170 11 5.92897e+19
171 11 5.92716e+19
172 11 5.92741e+19
173 11 5.92763e+19
174 11 5.93104e+19
175 11 5.93156e+19
176 11 5.9303e+19
177 11 5.92963e+19
178 11 5.92766e+19
179 11 5.92734e+19
180 11 5.92842e+19
181 11 5.92814e+19
182 11 5.92675e+19
183 11 5.9254e+19
184 11 5.9262e+19
185 11 5.93065e+19
186 11 5.93128e+19
187 11 5.93366e+19
188 11 5.93431e+19
126 12 6.10531e+19
127 12 6.10495e+19
128 12 6.10694e+19
129 12 6.10414e+19
130 12 6.10529e+19
131 12 6.10793e+19
132 12 6.10486e+19
133 12 6.10766e+19
134 12 6.10728e+19
135 12 6.10178e+19
136 12 6.10317e+19
137 12 6.10221e+19
138 12 6.09932e+19
139 12 6.10689e+19
140 12 6.10819e+19
141 12 6.10576e+19
142 12 6.10951e+19
143 12 6.10638e+19
144 12 6.09973e+19
145 12 6.10204e+19
146 12 6.10424e+19
147 12 6.1024e+19
148 12 6.10592e+19
149 12 6.11057e+19
150 12 6.10773e+19
151 12 6.10078e+19
152 12 6.10086e+19
153 12 6.10298e+19
154 12 6.10476e+19
155 12 6.109e+19
156 12 6.10434e+19
157 12 6.10172e+19
158 12 6.1056e+19
159 12 6.10456e+19
160 12 6.10365e+19
161 12 6.10356e+19
162 12 6.10356e+19
163 12 6.10453e+19
164 12 6.10836e+19
165 12 6.10423e+19
166 12 6.09938e+19
167 12 6.10105e+19
168 12 6.10228e+19
169 12 6.10282e+19
170 12 6.10108e+19
171 12 6.10635e+19
172 12 6.11177e+19
173 12 6.1079e+19
174 12 6.10437e+19
175 12 6.1032e+19
176 12 6.1021e+19
177 12 6.10512e+19
178 12 6.10484e+19
179 12 6.10775e+19
180 12 6.10811e+19
181 12 6.10569e+19
182 12 6.10624e+19
183 12 6.10454e+19
184 12 6.1025e+19
185 12 6.10151e+19
186 12 6.10408e+19
187 12 6.10387e+19
188 12 6.10052e+19
126 13 6.28303e+19
127 13 6.28e+19
128 13 6.28059e+19
129 13 6.2849e+19
130 13 6.28514e+19
131 13 6.28476e+19
132 13 6.28875e+19
133 13 6.28717e+19
134 13 6.2801e+19
135 13 6.28478e+19
136 13 6.28679e+19
137 13 6.28179e+19
138 13 6.28291e+19
139 13 6.2843e+19
140 13 6.28946e+19
141 13 6.28686e+19
142 13 6.28248e+19
143 13 6.28599e+19
144 13 6.28868e+19
145 13 6.29055e+19
146 13 6.28435e+19
147 13 6.28253e+19
148 13 6.28721e+19
149 13 6.28642e+19
150 13 6.28712e+19
151 13 6.29114e+19
152 13 6.28448e+19
153 13 6.27967e+19
154 13 6.28634e+19
155 13 6.2857e+19
156 13 6.28208e+19
157 13 6.28572e+19
158 13 6.28657e+19
159 13 6.28664e+19
160 13 6.28752e+19
161 13 6.2856e+19
162 13 6.2866e+19
163 13 6.28531e+19
164 13 6.28025e+19
165 13 6.28407e+19
166 13 6.28837e+19
167 13 6.28404e+19
168 13 6.28373e+19
169 13 6.28554e+19
170 13 6.28389e+19
171 13 6.28401e+19
172 13 6.28716e+19
173 13 6.28317e+19
174 13 6.27728e+19
175 13 6.27852e+19
176 13 6.28204e+19
177 13 6.28374e+19
178 13 6.28599e+19
179 13 6.28688e+19
180 13 6.28403e+19
181 13 6.28283e+19
182 13 6.28223e+19
183 13 6.28419e+19
184 13 6.28863e+19
185 13 6.28747e+19
186 13 6.28286e+19
187 13 6.28019e+19
188 13 6.28152e+19
126 14 6.46968e+19
127 14 6.4723e+19
128 14 6.46795e+19
129 14 6.47049e+19
130 14 6.47013e+19
131 14 6.46725e+19
132 14 6.47026e+19
133 14 6.46611e+19
134 14 6.46529e+19
135 14 6.47124e+19
136 14 6.47012e+19
137 14 6.46921e+19
138 14 6.47148e+19
139 14 6.46772e+19
140 14 6.46656e+19
141 14 6.46613e+19
142 14 6.46612e+19
143 14 6.46744e+19
144 14 6.47085e+19
145 14 6.47193e+19
146 14 6.46986e+19
147 14 6.47464e+19
148 14 6.47056e+19
149 14 6.46202e+19
150 14 6.46578e+19
151 14 6.47188e+19
152 14 6.47013e+19
153 14 6.46874e+19
154 14 6.46984e+19
155 14 6.46555e+19
156 14 6.46601e+19
157 14 6.46513e+19
158 14 6.46444e+19
159 14 6.46717e+19
160 14 6.47131e+19
161 14 6.47367e+19
162 14 6.47097e+19
163 14 6.46883e+19
164 14 6.46516e+19
165 14 6.46729e+19
166 14 6.47088e+19
167 14 6.47127e+19
168 14 6.47209e+19
169 14 6.46788e+19
170 14 6.46688e+19
171 14 6.4675e+19
172 14 6.46436e+19
173 14 6.46739e+19
174 14 6.46811e+19
175 14 6.4677e+19
176 14 6.47003e+19
177 14 6.46788e+19
178 14 6.46829e+19
179 14 6.46567e+19
180 14 6.46842e+19
181 14 6.47112e+19
182 14 6.46768e+19
183 14 6.46853e+19
184 14 6.46887e+19
185 14 6.46692e+19
186 14 6.47233e+19
187 14 6.47297e+19
188 14 6.46897e+19
126 15 6.6552e+19
127 15 6.65935e+19
128 15 6.66191e+19
129 15 6.66319e+19
130 15 6.66209e+19
131 15 6.65909e+19
132 15 6.65631e+19
133 15 6.65806e+19
134 15 6.66217e+19
135 15 6.65618e+19
136 15 6.65283e+19
137 15 6.66122e+19
138 15 6.66043e+19
139 15 6.65656e+19
140 15 6.65685e+19
141 15 6.66262e+19
142 15 6.66342e+19
143 15 6.65651e+19
144 15 6.65773e+19
145 15 6.65664e+19
146 15 6.65738e+19
147 15 6.66205e+19
148 15 6.65785e+19
149 15 6.65649e+19
150 15 6.65592e+19
151 15 6.65559e+19
152 15 6.6607e+19
153 15 6.66181e+19
154 15 6.65831e+19
155 15 6.65634e+19
156 15 6.65595e+19
157 15 6.6562e+19
158 15 6.65639e+19
159 15 6.6566e+19
160 15 6.66119e+19
161 15 6.66025e+19
162 15 6.65452e+19
163 15 6.65814e+19
164 15 6.66282e+19
165 15 6.65844e+19
166 15 6.65459e+19
167 15 6.65722e+19
168 15 6.65774e+19
169 15 6.65711e+19
170 15 6.65906e+19
171 15 6.65806e+19
172 15 6.65725e+19
173 15 6.6597e+19
174 15 6.66104e+19
175 15 6.66083e+19
176 15 6.65946e+19
177 15 6.65948e+19
178 15 6.65725e+19
179 15 6.65724e+19
180 15 6.66041e+19
181 15 6.65832e+19
182 15 6.65924e+19
183 15 6.66089e+19
184 15 6.65649e+19
185 15 6.65558e+19
186 15 6.66199e+19
187 15 6.6638e+19
188 15 6.66158e+19
126 16 6.84999e+19
127 16 6.85053e+19
128 16 6.85098e+19
129 16 6.84642e+19
130 16 6.84878e+19
131 16 6.85464e+19
132 16 6.85459e+19
133 16 6.85519e+19
134 16 6.85625e+19
135 16 6.85133e+19
136 16 6.85213e+19
137 16 6.85276e+19
138 16 6.85138e+19
139 16 6.85227e+19
140 16 6.85219e+19
141 16 6.85711e+19
142 16 6.85571e+19
143 16 6.85344e+19
144 16 6.85552e+19
145 16 6.85141e+19
146 16 6.85016e+19
147 16 6.85121e+19
148 16 6.85256e+19
149 16 6.85295e+19
150 16 6.85109e+19
151 16 6.8527e+19
152 16 6.85508e+19
153 16 6.8527e+19
154 16 6.85007e+19
155 16 6.85312e+19
156 16 6.85627e+19
157 16 6.85777e+19
158 16 6.85563e+19
159 16 6.85428e+19
160 16 6.84968e+19
161 16 6.84713e+19
162 16 6.85253e+19
163 16 6.85242e+19
164 16 6.85393e+19
165 16 6.85517e+19
166 16 6.84754e+19
167 16 6.84621e+19
168 16 6.85026e+19
169 16 6.85445e+19
170 16 6.85442e+19
171 16 6.85374e+19
172 16 6.85237e+19
173 16 6.84845e+19
174 16 6.85506e+19
175 16 6.85275e+19
176 16 6.84587e+19
177 16 6.85251e+19
178 16 6.85596e+19
179 16 6.85369e+19
180 16 6.85094e+19
181 16 6.85059e+19
182 16 6.85345e+19
183 16 6.85228e+19
184 16 6.85434e+19
185 16 6.8577e+19
186 16 6.85181e+19
187 16 6.84966e+19
188 16 6.85402e+19
126 17 7.05034e+19
127 17 7.05168e+19
128 17 7.05224e+19
129 17 7.0498e+19
130 17 7.04711e+19
131 17 7.05294e+19
132 17 7.05785e+19
133 17 7.05559e+19
134 17 7.05492e+19
135 17 7.05717e+19
136 17 7.05618e+19
137 17 7.05018e+19
138 17 7.05092e+19
139 17 7.05357e+19
140 17 7.05208e+19
141 17 7.0481e+19
142 17 7.04829e+19
143 17 7.05216e+19
144 17 7.05225e+19
145 17 7.05072e+19
146 17 7.05532e+19
147 17 7.05346e+19
148 17 7.05009e+19
149 17 7.05323e+19
150 17 7.0563e+19
151 17 7.05498e+19
152 17 7.05216e+19
153 17 7.05164e+19
154 17 7.05134e+19
155 17 7.05721e+19
156 17 7.05574e+19
157 17 7.05039e+19
158 17 7.05658e+19
159 17 7.05778e+19
160 17 7.05016e+19
161 17 7.05141e+19
162 17 7.05695e+19
163 17 7.05346e+19
164 17 7.04995e+19
165 17 7.05268e+19
166 17 7.05104e+19
167 17 7.04935e+19
168 17 7.05264e+19
169 17 7.05191e+19
170 17 7.05267e+19
171 17 7.05845e+19
172 17 7.05126e+19
173 17 7.04924e+19
174 17 7.05834e+19
175 17 7.05645e+19
176 17 7.05065e+19
177 17 7.04886e+19
178 17 7.0519e+19
179 17 7.05422e+19
180 17 7.04912e+19
181 17 7.04877e+19
182 17 7.05384e+19
183 17 7.05018e+19
184 17 7.04978e+19
185 17 7.05293e+19
186 17 7.05236e+19
187 17 7.05349e+19
188 17 7.05649e+19
126 18 7.25836e+19
127 18 7.253e+19
128 18 7.25626e+19
129 18 7.26199e+19
130 18 7.25819e+19
131 18 7.25742e+19
132 18 7.26008e+19
133 18 7.25931e+19
134 18 7.25484e+19
135 18 7.25419e+19
136 18 7.25758e+19
137 18 7.25791e+19
138 18 7.25761e+19
139 18 7.25668e+19
140 18 7.25804e+19
141 18 7.25875e+19
142 18 7.26098e+19
143 18 7.25815e+19
144 18 7.25561e+19
145 18 7.25869e+19
146 18 7.25584e+19
147 18 7.25183e+19
148 18 7.25805e+19
149 18 7.2635e+19
150 18 7.25906e+19
151 18 7.25672e+19
152 18 7.25511e+19
153 18 7.25494e+19
154 18 7.25648e+19
155 18 7.25682e+19
156 18 7.25589e+19
157 18 7.25581e+19
158 18 7.2589e+19
159 18 7.25734e+19
160 18 7.25926e+19
161 18 7.26203e+19
162 18 7.25805e+19
163 18 7.2578e+19
164 18 7.25733e+19
165 18 7.25442e+19
166 18 7.2563e+19
167 18 7.25844e+19
168 18 7.25561e+19
169 18 7.25384e+19
170 18 7.25889e+19
171 18 7.25839e+19
172 18 7.25626e+19
173 18 7.25999e+19
174 18 7.25748e+19
175 18 7.26239e+19
176 18 7.26483e+19
177 18 7.25997e+19
178 18 7.25925e+19
179 18 7.25852e+19
180 18 7.25344e+19
181 18 7.25609e+19
182 18 7.25928e+19
183 18 7.25964e+19
184 18 7.26022e+19
185 18 7.25132e+19
186 18 7.25212e+19
187 18 7.25665e+19
188 18 7.25718e+19
126 19 7.47592e+19
127 19 7.47025e+19
128 19 7.46697e+19
129 19 7.4657e+19
130 19 7.47033e+19
131 19 7.46859e+19
132 19 7.46565e+19
133 19 7.46619e+19
134 19 7.466e+19
135 19 7.46672e+19
136 19 7.46901e+19
137 19 7.47293e+19
138 19 7.46875e+19
139 19 7.46645e+19
140 19 7.46742e+19
141 19 7.46875e+19
142 19 7.47279e+19
143 19 7.47322e+19
144 19 7.47034e+19
145 19 7.46699e+19
146 19 7.46327e+19
147 19 7.46654e+19
148 19 7.47124e+19
149 19 7.46676e+19
150 19 7.47004e+19
151 19 7.47442e+19
152 19 7.46831e+19
153 19 7.46953e+19
154 19 7.47126e+19
155 19 7.46644e+19
156 19 7.46936e+19
157 19 7.47462e+19
158 19 7.46857e+19
159 19 7.463e+19
160 19 7.46681e+19
161 19 7.47108e+19
162 19 7.46832e+19
163 19 7.46825e+19
164 19 7.47002e+19
165 19 7.4679e+19
166 19 7.47076e+19
167 19 7.47104e+19
168 19 7.47144e+19
169 19 7.47069e+19
170 19 7.4678e+19
171 19 7.46636e+19
172 19 7.47028e+19
173 19 7.47036e+19
174 19 7.46535e+19
175 19 7.46947e+19
176 19 7.46813e+19
177 19 7.46975e+19
178 19 7.47047e+19
179 19 7.46193e+19
180 19 7.46688e+19
181 19 7.47215e+19
182 19 7.46747e+19
183 19 7.4646e+19
184 19 7.46625e+19
185 19 7.4711e+19
186 19 7.47223e+19
187 19 7.46778e+19
188 19 7.46198e+19
126 20 7.68442e+19
127 20 7.68934e+19
128 20 7.68661e+19
129 20 7.6834e+19
130 20 7.68193e+19
131 20 7.68124e+19
132 20 7.68338e+19
133 20 7.68319e+19
134 20 7.68667e+19
135 20 7.68849e+19
136 20 7.68462e+19
137 20 7.68543e+19
138 20 7.68392e+19
139 20 7.68265e+19
140 20 7.68402e+19
141 20 7.68693e+19
142 20 7.68596e+19
143 20 7.68714e+19
144 20 7.6858e+19
145 20 7.68385e+19
146 20 7.68739e+19
147 20 7.68622e+19
148 20 7.6837e+19
149 20 7.68337e+19
150 20 7.6886e+19
151 20 7.69378e+19
152 20 7.6911e+19
153 20 7.68853e+19
154 20 7.6925e+19
155 20 7.69117e+19
156 20 7.6893e+19
157 20 7.68808e+19
158 20 7.6848e+19
159 20 7.68843e+19
160 20 7.68802e+19
161 20 7.68412e+19
162 20 7.6845e+19
163 20 7.68406e+19
164 20 7.68561e+19
165 20 7.689e+19
166 20 7.6871e+19
167 20 7.685e+19
168 20 7.68724e+19
169 20 7.68818e+19
170 20 7.68586e+19
171 20 7.68521e+19
172 20 7.6882e+19
173 20 7.69023e+19
174 20 7.68519e+19
175 20 7.68001e+19
176 20 7.68395e+19
177 20 7.6848e+19
178 20 7.68331e+19
179 20 7.68392e+19
180 20 7.6861e+19
181 20 7.68513e+19
182 20 7.68415e+19
183 20 7.68082e+19
184 20 7.67874e+19
185 20 7.6864e+19
186 20 7.68879e+19
187 20 7.68746e+19
188 20 7.68572e+19
126 21 7.90462e+19
127 21 7.90746e+19
128 21 7.90819e+19
129 21 7.90491e+19
130 21 7.90578e+19
131 21 7.9071e+19
132 21 7.90404e+19
133 21 7.90671e+19
134 21 7.90762e+19
135 21 7.90599e+19
136 21 7.90931e+19
137 21 7.91051e+19
138 21 7.90972e+19
139 21 7.90818e+19
140 21 7.90632e+19
141 21 7.90842e+19
142 21 7.90957e+19
143 21 7.9067e+19
144 21 7.90306e+19
145 21 7.90931e+19
146 21 7.91317e+19
147 21 7.90554e+19
148 21 7.90355e+19
149 21 7.91035e+19
150 21 7.90769e+19
151 21 7.90529e+19
152 21 7.90812e+19
153 21 7.90773e+19
154 21 7.90836e+19
155 21 7.90825e+19
156 21 7.90837e+19
157 21 7.90695e+19
158 21 7.90765e+19
159 21 7.9086e+19
160 21 7.90737e+19
161 21 7.90655e+19
162 21 7.90874e+19
163 21 7.91153e+19
164 21 7.90873e+19
165 21 7.90705e+19
166 21 7.9086e+19
167 21 7.90835e+19
168 21 7.90379e+19
169 21 7.90154e+19
170 21 7.90857e+19
171 21 7.90997e+19
172 21 7.90525e+19
173 21 7.90787e+19
174 21 7.90638e+19
175 21 7.90342e+19
176 21 7.90342e+19
177 21 7.90726e+19
178 21 7.91061e+19
179 21 7.91034e+19
180 21 7.90959e+19
181 21 7.90658e+19
182 21 7.90987e+19
183 21 7.91351e+19
184 21 7.91142e+19
185 21 7.91205e+19
186 21 7.90712e+19
187 21 7.90219e+19
188 21 7.90488e+19
126 22 8.13896e+19
127 22 8.13751e+19
128 22 8.13727e+19
129 22 8.13778e+19
130 22 8.1392e+19
131 22 8.13791e+19
132 22 8.13644e+19
133 22 8.13732e+19
134 22 8.13864e+19
135 22 8.13773e+19
136 22 8.13265e+19
137 22 8.1326e+19
138 22 8.13845e+19
139 22 8.13805e+19
140 22 8.13826e+19
141 22 8.13274e+19
142 22 8.13091e+19
143 22 8.13493e+19
144 22 8.13674e+19
145 22 8.13319e+19
146 22 8.13341e+19
147 22 8.14075e+19
148 22 8.13042e+19
149 22 8.13279e+19
150 22 8.13566e+19
151 22 8.13049e+19
152 22 8.13661e+19
153 22 8.13732e+19
154 22 8.13243e+19
155 22 8.13432e+19
156 22 8.13579e+19
157 22 8.13591e+19
158 22 8.13497e+19
159 22 8.1302e+19
160 22 8.13101e+19
161 22 8.1334e+19
162 22 8.13391e+19
163 22 8.13979e+19
164 22 8.13748e+19
165 22 8.13431e+19
166 22 8.13749e+19
167 22 8.13719e+19
168 22 8.13646e+19
169 22 8.13228e+19
170 22 8.13666e+19
171 22 8.14095e+19
172 22 8.13618e+19
173 22 8.1316e+19
174 22 8.1344e+19
175 22 8.13704e+19
176 22 8.12977e+19
177 22 8.13177e+19
178 22 8.13952e+19
179 22 8.13513e+19
180 22 8.13596e+19
181 22 8.13796e+19
182 22 8.13384e+19
183 22 8.13438e+19
184 22 8.13532e+19
185 22 8.14299e+19
186 22 8.14225e+19
187 22 8.13622e+19
188 22 8.13967e+19
126 23 8.3742e+19
127 23 8.36997e+19
128 23 8.36872e+19
129 23 8.37397e+19
130 23 8.37091e+19
131 23 8.37191e+19
132 23 8.37536e+19
133 23 8.37153e+19
134 23 8.37057e+19
135 23 8.37188e+19
136 23 8.3702e+19
137 23 8.36827e+19
138 23 8.36857e+19
139 23 8.36735e+19
140 23 8.36695e+19
141 23 8.36525e+19
142 23 8.36691e+19
143 23 8.3716e+19
144 23 8.3706e+19
145 23 8.36706e+19
146 23 8.36588e+19
147 23 8.37259e+19
148 23 8.37554e+19
149 23 8.37288e+19
150 23 8.37477e+19
151 23 8.36764e+19
152 23 8.36899e+19
153 23 8.3749e+19
154 23 8.36795e+19
155 23 8.3691e+19
156 23 8.37173e+19
157 23 8.36956e+19
158 23 8.3673e+19
159 23 8.36921e+19
160 23 8.37126e+19
161 23 8.36837e+19
162 23 8.36488e+19
163 23 8.36562e+19
164 23 8.36808e+19
165 23 8.36396e+19
166 23 8.36532e+19
167 23 8.37122e+19
168 23 8.37164e+19
169 23 8.3751e+19
170 23 8.37332e+19
171 23 8.37286e+19
172 23 8.36861e+19
173 23 8.36363e+19
174 23 8.36904e+19
175 23 8.37049e+19
176 23 8.3741e+19
177 23 8.36588e+19
178 23 8.36787e+19
179 23 8.37641e+19
180 23 8.37223e+19
181 23 8.37477e+19
182 23 8.36829e+19
183 23 8.36639e+19
184 23 8.36645e+19
185 23 8.36428e+19
186 23 8.37103e+19
187 23 8.37182e+19
188 23 8.37176e+19
126 24 8.60675e+19
127 24 8.60625e+19
128 24 8.60452e+19
129 24 8.60391e+19
130 24 8.60651e+19
131 24 8.61086e+19
132 24 8.61051e+19
133 24 8.60772e+19
134 24 8.60673e+19
135 24 8.60168e+19
136 24 8.61157e+19
137 24 8.61751e+19
138 24 8.60957e+19
139 24 8.61261e+19
140 24 8.60589e+19
141 24 8.60448e+19
142 24 8.60985e+19
143 24 8.61023e+19
144 24 8.60549e+19
145 24 8.61032e+19
146 24 8.61444e+19
147 24 8.61064e+19
148 24 8.61809e+19
149 24 8.61351e+19
150 24 8.60974e+19
151 24 8.61077e+19
152 24 8.60959e+19
153 24 8.60907e+19
154 24 8.61006e+19
155 24 8.60892e+19
156 24 8.60787e+19
157 24 8.61114e+19
158 24 8.61446e+19
159 24 8.60818e+19
160 24 8.60599e+19
161 24 8.61466e+19
162 24 8.61487e+19
163 24 8.60722e+19
164 24 8.60825e+19
165 24 8.60908e+19
166 24 8.61101e+19
167 24 8.61448e+19
168 24 8.61333e+19
169 24 8.61171e+19
170 24 8.60828e+19
171 24 8.60812e+19
172 24 8.60842e+19
173 24 8.60916e+19
174 24 8.611e+19
175 24 8.61289e+19
176 24 8.61483e+19
177 24 8.61177e+19
178 24 8.60932e+19
179 24 8.61135e+19
180 24 8.60826e+19
181 24 8.60915e+19
182 24 8.6159e+19
183 24 8.61813e+19
184 24 8.61459e+19
185 24 8.6121e+19
186 24 8.61063e+19
187 24 8.60878e+19
188 24 8.60551e+19
126 25 8.85693e+19
127 25 8.85863e+19
128 25 8.85974e+19
129 25 8.85321e+19
130 25 8.85495e+19
131 25 8.85518e+19
132 25 8.85533e+19
133 25 8.8592e+19
134 25 8.85804e+19
135 25 8.85342e+19
136 25 8.8556e+19
137 25 8.8597e+19
138 25 8.85817e+19
139 25 8.85397e+19
140 25 8.8546e+19
141 25 8.86131e+19
142 25 8.85847e+19
143 25 8.8577e+19
144 25 8.8608e+19
145 25 8.85651e+19
146 25 8.85765e+19
147 25 8.8529e+19
148 25 8.84576e+19
149 25 8.84761e+19
150 25 8.84887e+19
151 25 8.85397e+19
152 25 8.8552e+19
153 25 8.85041e+19
154 25 8.85226e+19
155 25 8.85622e+19
156 25 8.85717e+19
157 25 8.85961e+19
158 25 8.8611e+19
159 25 8.85205e+19
160 25 8.85094e+19
161 25 8.85719e+19
162 25 8.85505e+19
163 25 8.85517e+19
164 25 8.8557e+19
165 25 8.85817e+19
166 25 8.86034e+19
167 25 8.85607e+19
168 25 8.85666e+19
169 25 8.85493e+19
170 25 8.84901e+19
171 25 8.85023e+19
172 25 8.86124e+19
173 25 8.86587e+19
174 25 8.86242e+19
175 25 8.86101e+19
176 25 8.86052e+19
177 25 8.86361e+19
178 25 8.8564e+19
179 25 8.85286e+19
180 25 8.85441e+19
181 25 8.85567e+19
182 25 8.86257e+19
183 25 8.8584e+19
184 25 8.85837e+19
185 25 8.85896e+19
186 25 8.85422e+19
187 25 8.85671e+19
188 25 8.85874e+19
126 26 9.11663e+19
127 26 9.1149e+19
128 26 9.11361e+19
129 26 9.11249e+19
130 26 9.11424e+19
131 26 9.11397e+19
132 26 9.1134e+19
133 26 9.10714e+19
134 26 9.10631e+19
135 26 9.11823e+19
136 26 9.11493e+19
137 26 9.10594e+19
138 26 9.10865e+19
139 26 9.10815e+19
140 26 9.1136e+19
141 26 9.11968e+19
142 26 9.11847e+19
143 26 9.10975e+19
144 26 9.10633e+19
145 26 9.10838e+19
146 26 9.10719e+19
147 26 9.10983e+19
148 26 9.11171e+19
149 26 9.11184e+19
150 26 9.11232e+19
151 26 9.11202e+19
152 26 9.10778e+19
153 26 9.10897e+19
154 26 9.1125e+19
155 26 9.11037e+19
156 26 9.10853e+19
157 26 9.10813e+19
158 26 9.10516e+19
159 26 9.11097e+19
160 26 9.113e+19
161 26 9.10486e+19
162 26 9.10718e+19
163 26 9.11813e+19
164 26 9.11643e+19
165 26 9.11383e+19
166 26 9.11134e+19
167 26 9.10551e+19
168 26 9.10521e+19
169 26 9.10986e+19
170 26 9.11078e+19
171 26 9.10777e+19
172 26 9.10747e+19
173 26 9.11081e+19
174 26 9.1099e+19
175 26 9.10802e+19
176 26 9.10785e+19
177 26 9.10916e+19
178 26 9.10763e+19
179 26 9.10994e+19
180 26 9.11398e+19
181 26 9.10834e+19
182 26 9.10687e+19
183 26 9.10393e+19
184 26 9.10328e+19
185 26 9.10893e+19
186 26 9.11246e+19
187 26 9.10897e+19
188 26 9.10948e+19
126 27 9.3676e+19
127 27 9.37196e+19
128 27 9.36993e+19
129 27 9.37079e+19
130 27 9.37112e+19
131 27 9.36781e+19
132 27 9.36853e+19
133 27 9.36867e+19
134 27 9.36801e+19
135 27 9.36961e+19
136 27 9.37211e+19
137 27 9.36523e+19
138 27 9.36662e+19
139 27 9.37855e+19
140 27 9.37575e+19
141 27 9.36845e+19
142 27 9.36951e+19
143 27 9.36639e+19
144 27 9.37197e+19
145 27 9.37416e+19
146 27 9.36788e+19
147 27 9.37491e+19
148 27 9.38138e+19
149 27 9.37985e+19
150 27 9.37439e+19
151 27 9.37198e+19
152 27 9.37162e+19
153 27 9.36932e+19
154 27 9.37483e+19
155 27 9.3755e+19
156 27 9.36815e+19
157 27 9.36816e+19
158 27 9.36999e+19
159 27 9.37431e+19
160 27 9.37727e+19
161 27 9.37565e+19
162 27 9.37783e+19
163 27 9.37634e+19
164 27 9.3773e+19
165 27 9.37611e+19
166 27 9.36613e+19
167 27 9.36732e+19
168 27 9.36888e+19
169 27 9.36927e+19
170 27 9.37263e+19
171 27 9.37159e+19
172 27 9.37208e+19
173 27 9.37529e+19
174 27 9.36983e+19
175 27 9.3668e+19
176 27 9.36492e+19
177 27 9.36753e+19
178 27 9.37039e+19
179 27 9.36666e+19
180 27 9.37175e+19
181 27 9.37151e+19
182 27 9.3659e+19
183 27 9.36566e+19
184 27 9.37171e+19
185 27 9.37148e+19
186 27 9.3674e+19
187 27 9.36499e+19
188 27 9.36576e+19
126 28 9.63334e+19
127 28 9.63461e+19
128 28 9.63888e+19
129 28 9.63739e+19
130 28 9.63589e+19
131 28 9.63838e+19
132 28 9.63763e+19
133 28 9.64273e+19
134 28 9.64284e+19
135 28 9.63516e+19
136 28 9.63203e+19
137 28 9.63822e+19
138 28 9.64415e+19
139 28 9.63639e+19
140 28 9.6303e+19
141 28 9.62903e+19
142 28 9.62953e+19
143 28 9.64001e+19
144 28 9.64757e+19
145 28 9.64025e+19
146 28 9.63483e+19
147 28 9.63558e+19
148 28 9.63689e+19
149 28 9.64117e+19
150 28 9.64378e+19
151 28 9.63925e+19
152 28 9.63882e+19
153 28 9.6382e+19
154 28 9.63433e+19
155 28 9.63924e+19
156 28 9.63872e+19
157 28 9.63825e+19
158 28 9.64226e+19
159 28 9.64208e+19
160 28 9.6434e+19
161 28 9.64369e+19
162 28 9.63385e+19
163 28 9.62816e+19
164 28 9.63267e+19
165 28 9.63359e+19
166 28 9.63364e+19
167 28 9.63607e+19
168 28 9.64014e+19
169 28 9.6378e+19
170 28 9.63954e+19
171 28 9.64363e+19
172 28 9.63884e+19
173 28 9.64022e+19
174 28 9.64462e+19
175 28 9.64004e+19
176 28 9.63674e+19
177 28 9.63705e+19
178 28 9.64026e+19
179 28 9.63718e+19
180 28 9.63438e+19
181 28 9.64483e+19
182 28 9.6413e+19
183 28 9.63465e+19
184 28 9.64024e+19
185 28 9.63773e+19
186 28 9.63476e+19
187 28 9.63652e+19
188 28 9.63649e+19
126 29 9.91216e+19
127 29 9.91256e+19
128 29 9.91538e+19
129 29 9.9103e+19
130 29 9.91194e+19
131 29 9.91432e+19
132 29 9.9142e+19
133 29 9.91382e+19
134 29 9.91115e+19
135 29 9.91227e+19
136 29 9.91174e+19
137 29 9.90999e+19
138 29 9.90877e+19
139 29 9.91015e+19
140 29 9.91162e+19
141 29 9.91165e+19
142 29 9.91151e+19
143 29 9.91501e+19
144 29 9.91331e+19
145 29 9.91253e+19
146 29 9.91272e+19
147 29 9.90877e+19
148 29 9.90796e+19
149 29 9.90371e+19
150 29 9.90427e+19
151 29 9.91241e+19
152 29 9.91426e+19
153 29 9.9109e+19
154 29 9.91011e+19
155 29 9.90965e+19
156 29 9.90624e+19
157 29 9.90888e+19
158 29 9.91114e+19
159 29 9.91266e+19
160 29 9.9092e+19
161 29 9.90771e+19
162 29 9.91075e+19
163 29 9.91116e+19
164 29 9.90712e+19
165 29 9.90771e+19
166 29 9.91982e+19
167 29 9.91467e+19
168 29 9.91134e+19
169 29 9.91333e+19
170 29 9.91103e+19
171 29 9.90724e+19
172 29 9.89927e+19
173 29 9.90212e+19
174 29 9.91175e+19
175 29 9.9081e+19
176 29 9.90668e+19
177 29 9.908e+19
178 29 9.90666e+19
179 29 9.91067e+19
180 29 9.90541e+19
181 29 9.90722e+19
182 29 9.91436e+19
183 29 9.91504e+19
184 29 9.90678e+19
185 29 9.90636e+19
186 29 9.91304e+19
187 29 9.91491e+19
188 29 9.91357e+19
126 30 1.0186e+20
127 30 1.01881e+20
128 30 1.01878e+20
129 30 1.019e+20
130 30 1.01936e+20
131 30 1.01903e+20
132 30 1.01897e+20
133 30 1.01932e+20
134 30 1.01925e+20
135 30 1.01911e+20
136 30 1.01941e+20
137 30 1.01885e+20
138 30 1.0186e+20
139 30 1.02004e+20
140 30 1.02009e+20
141 30 1.01955e+20
142 30 1.01977e+20
143 30 1.01958e+20
144 30 1.01904e+20
145 30 1.01905e+20
146 30 1.01949e+20
147 30 1.01972e+20
148 30 1.01905e+20
149 30 1.01847e+20
150 30 1.01855e+20
151 30 1.01928e+20
152 30 1.01938e+20
153 30 1.01916e+20
154 30 1.01885e+20
155 30 1.01828e+20
156 30 1.01908e+20
157 30 1.01893e+20
158 30 1.01858e+20
159 30 1.01885e+20
160 30 1.0191e+20
161 30 1.01929e+20
162 30 1.01906e+20
163 30 1.01958e+20
164 30 1.01969e+20
165 30 1.01912e+20
166 30 1.01958e+20
167 30 1.01962e+20
168 30 1.01867e+20
169 30 1.01925e+20
170 30 1.01918e+20
171 30 1.01819e+20
172 30 1.01912e+20
173 30 1.01929e+20
174 30 1.01918e+20
175 30 1.01945e+20
176 30 1.01956e+20
177 30 1.01947e+20
178 30 1.01845e+20
179 30 1.01892e+20
180 30 1.01937e+20
181 30 1.01884e+20
182 30 1.01908e+20
183 30 1.01932e+20
184 30 1.01923e+20
185 30 1.01915e+20
186 30 1.01887e+20
187 30 1.01934e+20
188 30 1.01935e+20
126 31 1.04791e+20
127 31 1.04846e+20
128 31 1.04834e+20
129 31 1.04827e+20
130 31 1.04755e+20
131 31 1.0475e+20
132 31 1.04748e+20
133 31 1.04758e+20
134 31 1.04811e+20
135 31 1.04794e+20
136 31 1.04782e+20
137 31 1.0482e+20
138 31 1.04857e+20
139 31 1.04829e+20
140 31 1.04801e+20
141 31 1.04758e+20
142 31 1.04772e+20
143 31 1.04765e+20
144 31 1.04775e+20
145 31 1.04825e+20
146 31 1.04818e+20
147 31 1.04869e+20
148 31 1.04858e+20
149 31 1.04842e+20
150 31 1.04902e+20
151 31 1.04834e+20
152 31 1.04753e+20
153 31 1.04798e+20
154 31 1.04818e+20
155 31 1.04801e+20
156 31 1.0484e+20
157 31 1.04837e+20
158 31 1.04783e+20
159 31 1.04742e+20
160 31 1.04708e+20
161 31 1.04734e+20
162 31 1.04791e+20
163 31 1.04812e+20
164 31 1.04792e+20
165 31 1.04813e+20
166 31 1.04794e+20
167 31 1.04803e+20
168 31 1.04819e+20
169 31 1.048e+20
170 31 1.04807e+20
171 31 1.04864e+20
172 31 1.04926e+20
173 31 1.04879e+20
174 31 1.04801e+20
175 31 1.04867e+20
176 31 1.04913e+20
177 31 1.04858e+20
178 31 1.04864e+20
179 31 1.04815e+20
180 31 1.04753e+20
181 31 1.04751e+20
182 31 1.04787e+20
183 31 1.04803e+20
184 31 1.04833e+20
185 31 1.04846e+20
186 31 1.04831e+20
187 31 1.04814e+20
188 31 1.04764e+20
126 32 1.0787e+20
127 32 1.07836e+20
128 32 1.07823e+20
129 32 1.07787e+20
130 32 1.07717e+20
131 32 1.07791e+20
132 32 1.07809e+20
133 32 1.07718e+20
134 32 1.07728e+20
135 32 1.07809e+20
136 32 1.07838e+20
137 32 1.07851e+20
138 32 1.07767e+20
139 32 1.07637e+20
140 32 1.07658e+20
141 32 1.07749e+20
142 32 1.07745e+20
143 32 1.07725e+20
144 32 1.07807e+20
145 32 1.07832e+20
146 32 1.07749e+20
147 32 1.07746e+20
148 32 1.07808e+20
149 32 1.07801e+20
150 32 1.07812e+20
151 32 1.07814e+20
152 32 1.07733e+20
153 32 1.07717e+20
154 32 1.07826e+20
155 32 1.07833e+20
156 32 1.07737e+20
157 32 1.07808e+20
158 32 1.07838e+20
159 32 1.07787e+20
160 32 1.0777e+20
161 32 1.07768e+20
162 32 1.07786e+20
163 32 1.07721e+20
164 32 1.07744e+20
165 32 1.07754e+20
166 32 1.07741e+20
167 32 1.07776e+20
168 32 1.07829e+20
169 32 1.07776e+20
170 32 1.07711e+20
171 32 1.07803e+20
172 32 1.07776e+20
173 32 1.07761e+20
174 32 1.07747e+20
175 32 1.07772e+20
176 32 1.07779e+20
177 32 1.0776e+20
178 32 1.07843e+20
179 32 1.07792e+20
180 32 1.07707e+20
181 32 1.077e+20
182 32 1.0772e+20
183 32 1.07774e+20
184 32 1.07811e+20
185 32 1.07788e+20
186 32 1.07779e+20
187 32 1.07796e+20
188 32 1.07819e+20
126 33 1.10828e+20
127 33 1.10705e+20
128 33 1.10728e+20
129 33 1.10775e+20
130 33 1.10787e+20
131 33 1.10835e+20
132 33 1.10883e+20
133 33 1.1087e+20
134 33 1.10767e+20
135 33 1.10752e+20
136 33 1.10793e+20
137 33 1.10803e+20
138 33 1.10785e+20
139 33 1.10783e+20
140 33 1.10808e+20
141 33 1.10811e+20
142 33 1.1081e+20
143 33 1.10818e+20
144 33 1.1082e+20
145 33 1.1079e+20
146 33 1.10832e+20
147 33 1.10783e+20
148 33 1.10737e+20
149 33 1.10804e+20
150 33 1.1076e+20
151 33 1.10746e+20
152 33 1.10825e+20
153 33 1.10814e+20
154 33 1.10821e+20
155 33 1.10811e+20
156 33 1.10759e+20
157 33 1.10773e+20
158 33 1.10753e+20
159 33 1.1075e+20
160 33 1.10884e+20
161 33 1.10919e+20
162 33 1.10794e+20
163 33 1.10776e+20
164 33 1.10825e+20
165 33 1.10775e+20
166 33 1.1079e+20
167 33 1.10808e+20
168 33 1.10715e+20
169 33 1.10752e+20
170 33 1.10781e+20
171 33 1.10739e+20
172 33 1.10718e+20
173 33 1.1074e+20
174 33 1.10805e+20
175 33 1.10782e+20
176 33 1.1076e+20
177 33 1.10816e+20
178 33 1.10791e+20
179 33 1.10761e+20
180 33 1.10852e+20
181 33 1.10818e+20
182 33 1.10741e+20
183 33 1.1075e+20
184 33 1.10791e+20
185 33 1.10802e+20
186 33 1.10733e+20
187 33 1.10748e+20
188 33 1.10818e+20
126 34 1.13837e+20
127 34 1.13897e+20
128 34 1.13886e+20
129 34 1.13938e+20
130 34 1.13977e+20
131 34 1.13846e+20
132 34 1.13797e+20
133 34 1.13899e+20
134 34 1.13922e+20
135 34 1.13885e+20
136 34 1.13904e+20
137 34 1.13857e+20
138 34 1.13872e+20
139 34 1.13929e+20
140 34 1.13952e+20
141 34 1.13954e+20
142 34 1.13896e+20
143 34 1.13929e+20
144 34 1.13946e+20
145 34 1.13906e+20
146 34 1.13944e+20
147 34 1.139e+20
148 34 1.13829e+20
149 34 1.13843e+20
150 34 1.13809e+20
151 34 1.13833e+20
152 34 1.13884e+20
153 34 1.1388e+20
154 34 1.1389e+20
155 34 1.13894e+20
156 34 1.13939e+20
157 34 1.13936e+20
158 34 1.13893e+20
159 34 1.13824e+20
160 34 1.13821e+20
161 34 1.13891e+20
162 34 1.13957e+20
163 34 1.13985e+20
164 34 1.13939e+20
165 34 1.13923e+20
166 34 1.13889e+20
167 34 1.13858e+20
168 34 1.13849e+20
169 34 1.13879e+20
170 34 1.13948e+20
171 34 1.13934e+20
172 34 1.13866e+20
173 34 1.13858e+20
174 34 1.13858e+20
175 34 1.13897e+20
176 34 1.13922e+20
177 34 1.13908e+20
178 34 1.13878e+20
179 34 1.13879e+20
180 34 1.13964e+20
181 34 1.13932e+20
182 34 1.13887e+20
183 34 1.13893e+20
184 34 1.13907e+20
185 34 1.13862e+20
186 34 1.13834e+20
187 34 1.13857e+20
188 34 1.13858e+20
126 35 1.17136e+20
127 35 1.17192e+20
128 35 1.17094e+20
129 35 1.17078e+20
130 35 1.17128e+20
131 35 1.17133e+20
132 35 1.17056e+20
133 35 1.17034e+20
134 35 1.17121e+20
135 35 1.17114e+20
136 35 1.17136e+20
137 35 1.1715e+20
138 35 1.17075e+20
139 35 1.17055e+20
140 35 1.1705e+20
141 35 1.17126e+20
142 35 1.17202e+20
143 35 1.17169e+20
144 35 1.17051e+20
145 35 1.1709e+20
146 35 1.17109e+20
147 35 1.17111e+20
148 35 1.17168e+20
149 35 1.17111e+20
150 35 1.17101e+20
151 35 1.1713e+20
152 35 1.17154e+20
153 35 1.17122e+20
154 35 1.17084e+20
155 35 1.1712e+20
156 35 1.17195e+20
157 35 1.17121e+20
158 35 1.17158e+20
159 35 1.17242e+20
160 35 1.17143e+20
161 35 1.17102e+20
162 35 1.17121e+20
163 35 1.17095e+20
164 35 1.17052e+20
165 35 1.171e+20
166 35 1.17109e+20
167 35 1.17098e+20
168 35 1.17232e+20
169 35 1.1721e+20
170 35 1.17104e+20
171 35 1.17153e+20
172 35 1.17161e+20
173 35 1.17076e+20
174 35 1.17074e+20
175 35 1.1717e+20
176 35 1.17135e+20
177 35 1.17076e+20
178 35 1.17049e+20
179 35 1.17075e+20
180 35 1.17114e+20
181 35 1.17157e+20
182 35 1.17198e+20
183 35 1.17174e+20
184 35 1.17154e+20
185 35 1.1709e+20
186 35 1.17119e+20
187 35 1.17211e+20
188 35 1.17187e+20
126 36 1.20381e+20
127 36 1.20381e+20
128 36 1.20469e+20
129 36 1.20434e+20
130 36 1.20307e+20
131 36 1.20311e+20
132 36 1.20457e+20
133 36 1.20424e+20
134 36 1.20328e+20
135 36 1.20266e+20
136 36 1.20261e+20
137 36 1.20386e+20
138 36 1.20386e+20
139 36 1.20344e+20
140 36 1.20363e+20
141 36 1.20359e+20
142 36 1.20376e+20
143 36 1.20312e+20
144 36 1.20282e+20
145 36 1.20311e+20
146 36 1.20323e+20
147 36 1.20424e+20
148 36 1.20481e+20
149 36 1.20415e+20
150 36 1.20407e+20
151 36 1.2038e+20
152 36 1.2037e+20
153 36 1.20408e+20
154 36 1.20382e+20
155 36 1.20413e+20
156 36 1.20345e+20
157 36 1.20282e+20
158 36 1.20394e+20
159 36 1.20516e+20
160 36 1.20402e+20
161 36 1.2031e+20
162 36 1.20407e+20
163 36 1.20377e+20
164 36 1.20311e+20
165 36 1.20361e+20
166 36 1.20397e+20
167 36 1.20395e+20
168 36 1.20428e+20
169 36 1.20393e+20
170 36 1.20296e+20
171 36 1.20305e+20
172 36 1.2043e+20
173 36 1.20444e+20
174 36 1.2039e+20
175 36 1.20339e+20
176 36 1.20316e+20
177 36 1.20341e+20
178 36 1.20394e+20
179 36 1.20358e+20
180 36 1.20306e+20
181 36 1.20382e+20
182 36 1.20378e+20
183 36 1.20402e+20
184 36 1.20406e+20
185 36 1.20383e+20
186 36 1.20484e+20
187 36 1.20462e+20
188 36 1.20399e+20
126 37 1.23677e+20
127 37 1.23689e+20
128 37 1.23776e+20
129 37 1.23786e+20
130 37 1.2372e+20
131 37 1.23717e+20
132 37 1.23798e+20
133 37 1.2384e+20
134 37 1.23799e+20
135 37 1.23743e+20
136 37 1.23698e+20
137 37 1.23723e+20
138 37 1.23788e+20
139 37 1.23788e+20
140 37 1.23728e+20
141 37 1.23692e+20
142 37 1.23693e+20
143 37 1.23688e+20
144 37 1.23736e+20
145 37 1.23694e+20
146 37 1.2365e+20
147 37 1.23688e+20
148 37 1.23691e+20
149 37 1.23707e+20
150 37 1.23715e+20
151 37 1.23716e+20
152 37 1.23669e+20
153 37 1.23738e+20
154 37 1.23755e+20
155 37 1.23689e+20
156 37 1.23707e+20
157 37 1.23756e+20
158 37 1.23745e+20
159 37 1.23718e+20
160 37 1.23769e+20
161 37 1.23766e+20
162 37 1.23746e+20
163 37 1.23728e+20
164 37 1.2376e+20
165 37 1.2375e+20
166 37 1.23702e+20
167 37 1.2378e+20
168 37 1.23707e+20
169 37 1.23723e+20
170 37 1.23779e+20
171 37 1.23654e+20
172 37 1.23694e+20
173 37 1.23761e+20
174 37 1.23694e+20
175 37 1.23663e+20
176 37 1.23684e+20
177 37 1.2372e+20
178 37 1.23851e+20
179 37 1.23827e+20
180 37 1.23785e+20
181 37 1.23766e+20
182 37 1.23741e+20
183 37 1.23749e+20
184 37 1.23686e+20
185 37 1.23679e+20
186 37 1.23698e+20
187 37 1.23669e+20
188 37 1.23697e+20
126 38 1.27254e+20
127 38 1.27199e+20
128 38 1.27088e+20
129 38 1.27078e+20
130 38 1.27165e+20
131 38 1.27192e+20
132 38 1.27156e+20
133 38 1.2721e+20
134 38 1.2722e+20
135 38 1.27227e+20
136 38 1.27273e+20
137 38 1.27147e+20
138 38 1.27163e+20
139 38 1.27257e+20
140 38 1.2721e+20
141 38 1.27178e+20
142 38 1.27217e+20
143 38 1.27285e+20
144 38 1.27249e+20
145 38 1.27265e+20
146 38 1.27257e+20
147 38 1.27182e+20
148 38 1.27208e+20
149 38 1.27231e+20
150 38 1.2719e+20
151 38 1.27197e+20
152 38 1.27193e+20
153 38 1.27148e+20
154 38 1.27125e+20
155 38 1.27115e+20
156 38 1.27171e+20
157 38 1.27243e+20
158 38 1.27242e+20
159 38 1.2717e+20
160 38 1.27245e+20
161 38 1.27271e+20
162 38 1.27113e+20
163 38 1.27143e+20
164 38 1.27254e+20
165 38 1.27229e+20
166 38 1.27232e+20
167 38 1.27279e+20
168 38 1.27216e+20
169 38 1.27229e+20
170 38 1.27283e+20
171 38 1.27218e+20
172 38 1.27153e+20
173 38 1.27202e+20
174 38 1.27211e+20
175 38 1.27176e+20
176 38 1.27218e+20
177 38 1.27222e+20
178 38 1.27178e+20
179 38 1.27234e+20
180 38 1.27263e+20
181 38 1.27198e+20
182 38 1.27214e+20
183 38 1.27149e+20
184 38 1.27159e+20
185 38 1.27217e+20
186 38 1.27124e+20
187 38 1.27126e+20
188 38 1.27124e+20
126 39 1.30775e+20
127 39 1.30793e+20
128 39 1.3075e+20
129 39 1.30746e+20
130 39 1.30774e+20
131 39 1.30694e+20
132 39 1.30705e+20
133 39 1.30701e+20
134 39 1.30673e+20
135 39 1.30719e+20
136 39 1.30695e+20
137 39 1.30665e+20
138 39 1.306e+20
139 39 1.30641e+20
140 39 1.30838e+20
141 39 1.30819e+20
142 39 1.30684e+20
143 39 1.30704e+20
144 39 1.30705e+20
145 39 1.30752e+20
146 39 1.30763e+20
147 39 1.30713e+20
148 39 1.30663e+20
149 39 1.30641e+20
150 39 1.3075e+20
151 39 1.30756e+20
152 39 1.30645e+20
153 39 1.30649e+20
154 39 1.30725e+20
155 39 1.30731e+20
156 39 1.30724e+20
157 39 1.30685e+20
158 39 1.30694e+20
159 39 1.3069e+20
160 39 1.30653e+20
161 39 1.30678e+20
162 39 1.30669e+20
163 39 1.30742e+20
164 39 1.30775e+20
165 39 1.3072e+20
166 39 1.3074e+20
167 39 1.30737e+20
168 39 1.30749e+20
169 39 1.3067e+20
170 39 1.30718e+20
171 39 1.30795e+20
172 39 1.30695e+20
173 39 1.30733e+20
174 39 1.30787e+20
175 39 1.30739e+20
176 39 1.30784e+20
177 39 1.30792e+20
178 39 1.30674e+20
179 39 1.30713e+20
180 39 1.30676e+20
181 39 1.30583e+20
182 39 1.30637e+20
183 39 1.30718e+20
184 39 1.3075e+20
185 39 1.30646e+20
186 39 1.30606e+20
187 39 1.30696e+20
188 39 1.30695e+20
126 40 1.34354e+20
127 40 1.34314e+20
128 40 1.34369e+20
129 40 1.3439e+20
130 40 1.34424e+20
131 40 1.34515e+20
132 40 1.34409e+20
133 40 1.34378e+20
134 40 1.3437e+20
135 40 1.34366e+20
136 40 1.34344e+20
137 40 1.34384e+20
138 40 1.34391e+20
139 40 1.3438e+20
140 40 1.34339e+20
141 40 1.34248e+20
142 40 1.34291e+20
143 40 1.3436e+20
144 40 1.3438e+20
145 40 1.34265e+20
146 40 1.34282e+20
147 40 1.34319e+20
148 40 1.34243e+20
149 40 1.34224e+20
150 40 1.34277e+20
151 40 1.34262e+20
152 40 1.34349e+20
153 40 1.34343e+20
154 40 1.34349e+20
155 40 1.34386e+20
156 40 1.34364e+20
157 40 1.34365e+20
158 40 1.34329e+20
159 40 1.34404e+20
160 40 1.34401e+20
161 40 1.34333e+20
162 40 1.34357e+20
163 40 1.34395e+20
164 40 1.34334e+20
165 40 1.34324e+20
166 40 1.34259e+20
167 40 1.34264e+20
168 40 1.34354e+20
169 40 1.34292e+20
170 40 1.34335e+20
171 40 1.34381e+20
172 40 1.34356e+20
173 40 1.34332e+20
174 40 1.34377e+20
175 40 1.34384e+20
176 40 1.34321e+20
177 40 1.34292e+20
178 40 1.34302e+20
179 40 1.34361e+20
180 40 1.34337e+20
181 40 1.34306e+20
182 40 1.34285e+20
183 40 1.34359e+20
184 40 1.3434e+20
185 40 1.34274e+20
186 40 1.34357e+20
187 40 1.34416e+20
188 40 1.34408e+20
