63 0 4.30885e+19
64 0 4.31062e+19
65 0 4.31371e+19
66 0 4.3142e+19
67 0 4.31349e+19
68 0 4.3137e+19
69 0 4.31295e+19
70 0 4.31042e+19
71 0 4.30989e+19
72 0 4.30927e+19
73 0 4.30768e+19
74 0 4.30621e+19
75 0 4.30688e+19
76 0 4.31011e+19
77 0 4.3162e+19
78 0 4.3143e+19
79 0 4.3087e+19
80 0 4.31355e+19
81 0 4.31656e+19
82 0 4.30994e+19
83 0 4.30583e+19
84 0 4.30695e+19
85 0 4.30983e+19
86 0 4.31311e+19
87 0 4.31104e+19
88 0 4.3123e+19
89 0 4.31486e+19
90 0 4.31139e+19
91 0 4.30919e+19
92 0 4.30867e+19
93 0 4.31016e+19
94 0 4.30966e+19
95 0 4.30612e+19
96 0 4.30677e+19
97 0 4.30882e+19
98 0 4.30785e+19
99 0 4.30982e+19
100 0 4.30921e+19
101 0 4.30952e+19
102 0 4.31118e+19
103 0 4.31113e+19
104 0 4.31175e+19
105 0 4.31213e+19
106 0 4.31229e+19
107 0 4.30779e+19
108 0 4.30744e+19
109 0 4.30843e+19
110 0 4.30856e+19
111 0 4.31157e+19
112 0 4.31137e+19
113 0 4.30806e+19
114 0 4.30842e+19
115 0 4.31149e+19
116 0 4.31369e+19
117 0 4.31183e+19
118 0 4.30995e+19
119 0 4.31076e+19
120 0 4.31138e+19
121 0 4.31179e+19
122 0 4.31153e+19
123 0 4.3099e+19
124 0 4.30665e+19
125 0 4.30746e+19
63 1 4.41651e+19
64 1 4.41808e+19
65 1 4.41801e+19
66 1 4.41872e+19
67 1 4.41972e+19
68 1 4.41862e+19
69 1 4.41862e+19
70 1 4.41694e+19
71 1 4.41681e+19
72 1 4.4179e+19
73 1 4.4196e+19
74 1 4.41952e+19
75 1 4.41898e+19
76 1 4.41932e+19
77 1 4.41878e+19
78 1 4.42011e+19
79 1 4.41989e+19
80 1 4.41868e+19
81 1 4.41827e+19
82 1 4.41747e+19
83 1 4.41549e+19
84 1 4.41658e+19
85 1 4.41575e+19
86 1 4.41531e+19
87 1 4.41794e+19
88 1 4.41657e+19
89 1 4.41601e+19
90 1 4.41764e+19
91 1 4.41778e+19
92 1 4.41698e+19
93 1 4.41812e+19
94 1 4.41998e+19
95 1 4.42195e+19
96 1 4.4212e+19
97 1 4.41696e+19
98 1 4.41715e+19
99 1 4.41829e+19
100 1 4.41648e+19
101 1 4.41728e+19
102 1 4.41803e+19
103 1 4.41756e+19
104 1 4.41782e+19
105 1 4.41796e+19
106 1 4.41843e+19
107 1 4.41718e+19
108 1 4.41679e+19
109 1 4.41719e+19
110 1 4.41785e+19
111 1 4.41859e+19
112 1 4.41823e+19
113 1 4.41677e+19
114 1 4.41533e+19
115 1 4.4181e+19
116 1 4.41912e+19
117 1 4.41897e+19
118 1 4.42052e+19
119 1 4.42104e+19
120 1 4.41985e+19
121 1 4.41812e+19
122 1 4.41709e+19
123 1 4.41746e+19
124 1 4.41621e+19
125 1 4.41742e+19
63 2 4.55278e+19
64 2 4.55026e+19
65 2 4.54999e+19
66 2 4.55446e+19
67 2 4.5531e+19
68 2 4.55088e+19
69 2 4.55338e+19
70 2 4.55321e+19
71 2 4.55069e+19
72 2 4.5501e+19
73 2 4.54938e+19
74 2 4.5492e+19
75 2 4.54929e+19
76 2 4.54929e+19
77 2 4.55082e+19
78 2 4.55062e+19
79 2 4.54968e+19
80 2 4.54925e+19
81 2 4.54887e+19
82 2 4.54957e+19
83 2 4.55033e+19
84 2 4.55162e+19
85 2 4.5534e+19
86 2 4.55154e+19
87 2 4.54946e+19
88 2 4.55083e+19
89 2 4.54943e+19
90 2 4.54759e+19
91 2 4.54769e+19
92 2 4.54753e+19
93 2 4.54773e+19
94 2 4.54995e+19
95 2 4.55062e+19
96 2 4.54918e+19
97 2 4.54782e+19
98 2 4.54997e+19
99 2 4.55019e+19
100 2 4.54687e+19
101 2 4.54725e+19
102 2 4.54862e+19
103 2 4.54921e+19
104 2 4.54832e+19
105 2 4.54776e+19
106 2 4.55092e+19
107 2 4.55128e+19
108 2 4.5498e+19
109 2 4.55041e+19
110 2 4.54981e+19
111 2 4.54858e+19
112 2 4.54835e+19
113 2 4.54987e+19
114 2 4.5489e+19
115 2 4.54966e+19
116 2 4.5515e+19
117 2 4.55236e+19
118 2 4.55191e+19
119 2 4.5527e+19
120 2 4.55305e+19
121 2 4.55021e+19
122 2 4.55103e+19
123 2 4.55245e+19
124 2 4.55179e+19
125 2 4.55021e+19
63 3 4.68879e+19
64 3 4.68851e+19
65 3 4.68733e+19
66 3 4.68624e+19
67 3 4.68646e+19
68 3 4.68801e+19
69 3 4.68889e+19
70 3 4.68813e+19
71 3 4.68827e+19
72 3 4.68711e+19
73 3 4.68594e+19
74 3 4.68734e+19
75 3 4.68786e+19
76 3 4.68576e+19
77 3 4.68459e+19
78 3 4.68584e+19
79 3 4.68555e+19
80 3 4.68377e+19
81 3 4.68557e+19
82 3 4.68897e+19
83 3 4.68942e+19
84 3 4.68546e+19
85 3 4.68511e+19
86 3 4.68638e+19
87 3 4.68466e+19
88 3 4.68671e+19
89 3 4.68751e+19
90 3 4.68561e+19
91 3 4.68432e+19
92 3 4.68376e+19
93 3 4.68524e+19
94 3 4.68479e+19
95 3 4.68332e+19
96 3 4.68336e+19
97 3 4.68434e+19
98 3 4.68506e+19
99 3 4.68441e+19
100 3 4.68427e+19
101 3 4.6849e+19
102 3 4.68667e+19
103 3 4.68608e+19
104 3 4.686e+19
105 3 4.686e+19
106 3 4.68642e+19
107 3 4.68607e+19
108 3 4.68463e+19
109 3 4.68508e+19
110 3 4.68482e+19
111 3 4.68417e+19
112 3 4.68613e+19
113 3 4.68891e+19
114 3 4.68781e+19
115 3 4.68511e+19
116 3 4.6854e+19
117 3 4.68734e+19
118 3 4.6855e+19
119 3 4.68436e+19
120 3 4.68516e+19
121 3 4.68546e+19
122 3 4.68587e+19
123 3 4.68676e+19
124 3 4.68878e+19
125 3 4.68798e+19
63 4 4.82759e+19
64 4 4.83021e+19
65 4 4.8322e+19
66 4 4.82935e+19
67 4 4.82733e+19
68 4 4.82764e+19
69 4 4.82623e+19
70 4 4.82606e+19
71 4 4.82882e+19
72 4 4.82923e+19
73 4 4.82988e+19
74 4 4.83092e+19
75 4 4.8274e+19
76 4 4.82564e+19
77 4 4.8264e+19
78 4 4.82838e+19
79 4 4.8317e+19
80 4 4.82973e+19
81 4 4.82684e+19
82 4 4.82716e+19
83 4 4.82624e+19
84 4 4.82533e+19
85 4 4.82354e+19
86 4 4.82319e+19
87 4 4.82327e+19
88 4 4.8233e+19
89 4 4.82662e+19
90 4 4.82842e+19
91 4 4.82678e+19
92 4 4.82563e+19
93 4 4.82567e+19
94 4 4.82424e+19
95 4 4.82386e+19
96 4 4.82549e+19
97 4 4.82572e+19
98 4 4.82515e+19
99 4 4.82648e+19
100 4 4.82893e+19
101 4 4.82696e+19
102 4 4.82498e+19
103 4 4.82505e+19
104 4 4.8264e+19
105 4 4.82663e+19
106 4 4.82446e+19
107 4 4.82436e+19
108 4 4.82494e+19
109 4 4.82608e+19
110 4 4.82734e+19
111 4 4.82884e+19
112 4 4.82806e+19
113 4 4.82804e+19
114 4 4.83113e+19
115 4 4.83133e+19
116 4 4.82808e+19
117 4 4.82595e+19
118 4 4.82597e+19
119 4 4.82657e+19
120 4 4.82659e+19
121 4 4.82673e+19
122 4 4.82691e+19
123 4 4.82601e+19
124 4 4.82648e+19
125 4 4.8266e+19
63 5 4.97375e+19
64 5 4.97287e+19
65 5 4.97389e+19
66 5 4.97359e+19
67 5 4.97289e+19
68 5 4.97155e+19
69 5 4.96931e+19
70 5 4.97092e+19
71 5 4.97234e+19
72 5 4.97292e+19
73 5 4.97426e+19
74 5 4.97324e+19
75 5 4.9701e+19
76 5 4.97045e+19
77 5 4.97162e+19
78 5 4.9688e+19
79 5 4.97061e+19
80 5 4.97345e+19
81 5 4.97101e+19
82 5 4.96973e+19
83 5 4.97086e+19
84 5 4.96978e+19
85 5 4.96814e+19
86 5 4.96832e+19
87 5 4.96935e+19
88 5 4.97045e+19
89 5 4.96912e+19
90 5 4.96801e+19
91 5 4.96695e+19
92 5 4.96918e+19
93 5 4.97014e+19
94 5 4.97096e+19
95 5 4.97126e+19
96 5 4.97016e+19
97 5 4.969e+19
98 5 4.96693e+19
99 5 4.9681e+19
100 5 4.96945e+19
101 5 4.96889e+19
102 5 4.96566e+19
103 5 4.96674e+19
104 5 4.96926e+19
105 5 4.97013e+19
106 5 4.96915e+19
107 5 4.96875e+19
108 5 4.96966e+19
109 5 4.97061e+19
110 5 4.9687e+19
111 5 4.96933e+19
112 5 4.96932e+19
113 5 4.969e+19
114 5 4.97203e+19
115 5 4.97204e+19
116 5 4.97025e+19
117 5 4.96867e+19
118 5 4.96868e+19
119 5 4.96819e+19
120 5 4.96928e+19
121 5 4.97062e+19
122 5 4.97146e+19
123 5 4.97207e+19
124 5 4.97211e+19
125 5 4.96946e+19
63 6 5.12303e+19
64 6 5.11982e+19
65 6 5.11845e+19
66 6 5.11931e+19
67 6 5.11977e+19
68 6 5.12004e+19
69 6 5.11768e+19
70 6 5.11768e+19
71 6 5.11869e+19
72 6 5.11731e+19
73 6 5.11787e+19
74 6 5.11827e+19
75 6 5.11629e+19
76 6 5.1176e+19
77 6 5.11857e+19
78 6 5.11528e+19
79 6 5.11278e+19
80 6 5.11586e+19
81 6 5.11996e+19
82 6 5.11849e+19
83 6 5.11663e+19
84 6 5.1176e+19
85 6 5.11815e+19
86 6 5.1172e+19
87 6 5.11775e+19
88 6 5.11854e+19
89 6 5.11656e+19
90 6 5.11398e+19
91 6 5.11502e+19
92 6 5.11688e+19
93 6 5.11597e+19
94 6 5.11754e+19
95 6 5.11811e+19
96 6 5.11525e+19
97 6 5.11649e+19
98 6 5.11562e+19
99 6 5.11313e+19
100 6 5.11382e+19
101 6 5.11541e+19
102 6 5.11724e+19
103 6 5.11594e+19
104 6 5.11226e+19
105 6 5.11415e+19
106 6 5.11858e+19
107 6 5.11801e+19
108 6 5.11715e+19
109 6 5.11713e+19
110 6 5.11759e+19
111 6 5.11803e+19
112 6 5.11815e+19
113 6 5.12057e+19
114 6 5.11817e+19
115 6 5.11529e+19
116 6 5.11602e+19
117 6 5.11634e+19
118 6 5.12135e+19
119 6 5.12227e+19
120 6 5.11862e+19
121 6 5.11846e+19
122 6 5.11968e+19
123 6 5.12016e+19
124 6 5.11834e+19
125 6 5.12096e+19
63 7 5.27527e+19
64 7 5.27528e+19
65 7 5.27449e+19
66 7 5.27335e+19
67 7 5.2742e+19
68 7 5.27482e+19
69 7 5.27408e+19
70 7 5.27155e+19
71 7 5.26891e+19
72 7 5.27026e+19
73 7 5.26959e+19
74 7 5.26861e+19
75 7 5.2684e+19
76 7 5.26974e+19
77 7 5.27143e+19
78 7 5.27124e+19
79 7 5.26965e+19
80 7 5.27026e+19
81 7 5.2712e+19
82 7 5.26784e+19
83 7 5.26692e+19
84 7 5.27101e+19
85 7 5.27236e+19
86 7 5.27001e+19
87 7 5.27098e+19
88 7 5.26892e+19
89 7 5.26621e+19
90 7 5.26762e+19
91 7 5.26649e+19
92 7 5.26537e+19
93 7 5.26578e+19
94 7 5.26494e+19
95 7 5.2645e+19
96 7 5.26652e+19
97 7 5.26769e+19
98 7 5.2674e+19
99 7 5.26837e+19
100 7 5.26905e+19
101 7 5.26798e+19
102 7 5.26807e+19
103 7 5.26676e+19
104 7 5.2655e+19
105 7 5.26857e+19
106 7 5.26838e+19
107 7 5.26532e+19
108 7 5.26808e+19
109 7 5.26844e+19
110 7 5.26844e+19
111 7 5.27114e+19
112 7 5.27077e+19
113 7 5.26975e+19
114 7 5.26742e+19
115 7 5.26994e+19
116 7 5.27469e+19
117 7 5.27272e+19
118 7 5.27425e+19
119 7 5.27601e+19
120 7 5.27348e+19
121 7 5.27248e+19
122 7 5.27293e+19
123 7 5.27214e+19
124 7 5.27428e+19
125 7 5.27902e+19
63 8 5.4328e+19
64 8 5.43153e+19
65 8 5.4308e+19
66 8 5.43027e+19
67 8 5.43194e+19
68 8 5.432e+19
69 8 5.43263e+19
70 8 5.43307e+19
71 8 5.43011e+19
72 8 5.42944e+19
73 8 5.42931e+19
74 8 5.42853e+19
75 8 5.43109e+19
76 8 5.4296e+19
77 8 5.42801e+19
78 8 5.42903e+19
79 8 5.42922e+19
80 8 5.42616e+19
81 8 5.42303e+19
82 8 5.42327e+19
83 8 5.42321e+19
84 8 5.42383e+19
85 8 5.42387e+19
86 8 5.42379e+19
87 8 5.42537e+19
88 8 5.42343e+19
89 8 5.42306e+19
90 8 5.42585e+19
91 8 5.42615e+19
92 8 5.42402e+19
93 8 5.42319e+19
94 8 5.42425e+19
95 8 5.42081e+19
96 8 5.4209e+19
97 8 5.4225e+19
98 8 5.42533e+19
99 8 5.42477e+19
100 8 5.42151e+19
101 8 5.42373e+19
102 8 5.42406e+19
103 8 5.42421e+19
104 8 5.4257e+19
105 8 5.42667e+19
106 8 5.42714e+19
107 8 5.42584e+19
108 8 5.42444e+19
109 8 5.42533e+19
110 8 5.4229e+19
111 8 5.42184e+19
112 8 5.4231e+19
113 8 5.42385e+19
114 8 5.42963e+19
115 8 5.43081e+19
116 8 5.42791e+19
117 8 5.42786e+19
118 8 5.42597e+19
119 8 5.42523e+19
120 8 5.42687e+19
121 8 5.42943e+19
122 8 5.42891e+19
123 8 5.42829e+19
124 8 5.43441e+19
125 8 5.43372e+19
63 9 5.59333e+19
64 9 5.59149e+19
65 9 5.59034e+19
66 9 5.5908e+19
67 9 5.58945e+19
68 9 5.58774e+19
69 9 5.58802e+19
70 9 5.59092e+19
71 9 5.59297e+19
72 9 5.58991e+19
73 9 5.58752e+19
74 9 5.58764e+19
75 9 5.58861e+19
76 9 5.58808e+19
77 9 5.58731e+19
78 9 5.58716e+19
79 9 5.58574e+19
80 9 5.58559e+19
81 9 5.58461e+19
82 9 5.58355e+19
83 9 5.58248e+19
84 9 5.58495e+19
85 9 5.58645e+19
86 9 5.58369e+19
87 9 5.58089e+19
88 9 5.58053e+19
89 9 5.58155e+19
90 9 5.58156e+19
91 9 5.58577e+19
92 9 5.58645e+19
93 9 5.58264e+19
94 9 5.58175e+19
95 9 5.58578e+19
96 9 5.58551e+19
97 9 5.58189e+19
98 9 5.58071e+19
99 9 5.57933e+19
100 9 5.57799e+19
101 9 5.5784e+19
102 9 5.58255e+19
103 9 5.58546e+19
104 9 5.58515e+19
105 9 5.58421e+19
106 9 5.58561e+19
107 9 5.58867e+19
108 9 5.58767e+19
109 9 5.58421e+19
110 9 5.58644e+19
111 9 5.58546e+19
112 9 5.5846e+19
113 9 5.58862e+19
114 9 5.59132e+19
115 9 5.58784e+19
116 9 5.58277e+19
117 9 5.58678e+19
118 9 5.5882e+19
119 9 5.58607e+19
120 9 5.58732e+19
121 9 5.5868e+19
122 9 5.58646e+19
123 9 5.5874e+19
124 9 5.58455e+19
125 9 5.58711e+19
63 10 5.7557e+19
64 10 5.75694e+19
65 10 5.75851e+19
66 10 5.75871e+19
67 10 5.75701e+19
68 10 5.75729e+19
69 10 5.75623e+19
70 10 5.75427e+19
71 10 5.7549e+19
72 10 5.75472e+19
73 10 5.75204e+19
74 10 5.7484e+19
75 10 5.75056e+19
76 10 5.75293e+19
77 10 5.75122e+19
78 10 5.75131e+19
79 10 5.7477e+19
80 10 5.74689e+19
81 10 5.74938e+19
82 10 5.74981e+19
83 10 5.75285e+19
84 10 5.75125e+19
85 10 5.74926e+19
86 10 5.74948e+19
87 10 5.74857e+19
88 10 5.74857e+19
89 10 5.74742e+19
90 10 5.74616e+19
91 10 5.7464e+19
92 10 5.74688e+19
93 10 5.74642e+19
94 10 5.74572e+19
95 10 5.74819e+19
96 10 5.74788e+19
97 10 5.74418e+19
98 10 5.74354e+19
99 10 5.74479e+19
100 10 5.74379e+19
101 10 5.74209e+19
102 10 5.74457e+19
103 10 5.7484e+19
104 10 5.74918e+19
105 10 5.74615e+19
106 10 5.74384e+19
107 10 5.74561e+19
108 10 5.74715e+19
109 10 5.74859e+19
110 10 5.75182e+19
111 10 5.74884e+19
112 10 5.74797e+19
113 10 5.74833e+19
114 10 5.746e+19
115 10 5.74582e+19
116 10 5.74943e+19
117 10 5.75345e+19
118 10 5.75311e+19
119 10 5.75404e+19
120 10 5.75678e+19
121 10 5.75558e+19
122 10 5.75428e+19
123 10 5.75528e+19
124 10 5.75615e+19
125 10 5.75701e+19
63 11 5.92981e+19
64 11 5.92762e+19
65 11 5.92858e+19
66 11 5.9276e+19
67 11 5.9278e+19
68 11 5.92924e+19
69 11 5.92828e+19
70 11 5.92605e+19
71 11 5.92211e+19
72 11 5.92335e+19
73 11 5.92717e+19
74 11 5.92664e+19
75 11 5.92693e+19
76 11 5.92392e+19
77 11 5.92001e+19
78 11 5.92064e+19
79 11 5.92045e+19
80 11 5.91868e+19
81 11 5.91871e+19
82 11 5.9206e+19
83 11 5.92187e+19
84 11 5.91941e+19
85 11 5.91667e+19
86 11 5.91635e+19
87 11 5.91732e+19
88 11 5.91755e+19
89 11 5.91875e+19
90 11 5.91727e+19
91 11 5.91489e+19
92 11 5.91376e+19
93 11 5.91257e+19
94 11 5.91288e+19
95 11 5.91158e+19
96 11 5.91323e+19
97 11 5.91768e+19
98 11 5.91887e+19
99 11 5.91751e+19
100 11 5.91691e+19
101 11 5.91888e+19
102 11 5.91903e+19
103 11 5.91594e+19
104 11 5.91602e+19
105 11 5.91602e+19
106 11 5.91978e+19
107 11 5.92278e+19
108 11 5.91922e+19
109 11 5.91971e+19
110 11 5.91841e+19
111 11 5.9182e+19
112 11 5.92039e+19
113 11 5.92168e+19
114 11 5.9211e+19
115 11 5.91971e+19
116 11 5.92003e+19
117 11 5.91861e+19
118 11 5.92024e+19
119 11 5.92285e+19
120 11 5.92438e+19
121 11 5.92589e+19
122 11 5.92536e+19
123 11 5.92669e+19
124 11 5.93139e+19
125 11 5.92871e+19
63 12 6.10709e+19
64 12 6.10473e+19
65 12 6.10094e+19
66 12 6.09834e+19
67 12 6.09728e+19
68 12 6.09617e+19
69 12 6.0984e+19
70 12 6.09953e+19
71 12 6.09613e+19
72 12 6.09568e+19
73 12 6.09695e+19
74 12 6.09821e+19
75 12 6.09737e+19
76 12 6.09471e+19
77 12 6.0955e+19
78 12 6.09433e+19
79 12 6.09407e+19
80 12 6.0954e+19
81 12 6.09337e+19
82 12 6.09217e+19
83 12 6.09102e+19
84 12 6.09178e+19
85 12 6.09152e+19
86 12 6.09068e+19
87 12 6.08934e+19
88 12 6.09126e+19
89 12 6.09097e+19
90 12 6.08794e+19
91 12 6.0886e+19
92 12 6.08839e+19
93 12 6.0873e+19
94 12 6.08391e+19
95 12 6.08239e+19
96 12 6.08396e+19
97 12 6.08821e+19
98 12 6.08703e+19
99 12 6.08583e+19
100 12 6.09007e+19
101 12 6.09128e+19
102 12 6.08813e+19
103 12 6.08597e+19
104 12 6.08956e+19
105 12 6.09029e+19
106 12 6.09157e+19
107 12 6.0966e+19
108 12 6.09487e+19
109 12 6.09099e+19
110 12 6.09367e+19
111 12 6.09984e+19
112 12 6.09971e+19
113 12 6.09681e+19
114 12 6.0958e+19
115 12 6.09748e+19
116 12 6.09916e+19
117 12 6.0926e+19
118 12 6.08834e+19
119 12 6.09307e+19
120 12 6.0941e+19
121 12 6.09364e+19
122 12 6.09677e+19
123 12 6.09831e+19
124 12 6.09306e+19
125 12 6.0944e+19
63 13 6.28029e+19
64 13 6.2835e+19
65 13 6.28251e+19
66 13 6.2839e+19
67 13 6.28155e+19
68 13 6.27744e+19
69 13 6.27658e+19
70 13 6.27685e+19
71 13 6.28026e+19
72 13 6.2778e+19
73 13 6.27222e+19
74 13 6.2724e+19
75 13 6.27277e+19
76 13 6.27538e+19
77 13 6.27737e+19
78 13 6.27268e+19
79 13 6.26987e+19
80 13 6.26941e+19
81 13 6.26907e+19
82 13 6.27023e+19
83 13 6.27111e+19
84 13 6.26623e+19
85 13 6.26451e+19
86 13 6.26873e+19
87 13 6.26851e+19
88 13 6.26698e+19
89 13 6.26428e+19
90 13 6.26625e+19
91 13 6.2691e+19
92 13 6.26638e+19
93 13 6.26721e+19
94 13 6.26842e+19
95 13 6.26583e+19
96 13 6.2621e+19
97 13 6.2601e+19
98 13 6.25946e+19
99 13 6.26078e+19
100 13 6.26473e+19
101 13 6.2656e+19
102 13 6.26436e+19
103 13 6.26627e+19
104 13 6.26636e+19
105 13 6.26818e+19
106 13 6.2665e+19
107 13 6.26499e+19
108 13 6.26786e+19
109 13 6.2699e+19
110 13 6.27119e+19
111 13 6.27135e+19
112 13 6.27416e+19
113 13 6.27138e+19
114 13 6.2728e+19
115 13 6.27406e+19
116 13 6.27438e+19
117 13 6.27943e+19
118 13 6.27812e+19
119 13 6.27602e+19
120 13 6.27316e+19
121 13 6.2772e+19
122 13 6.28025e+19
123 13 6.27583e+19
124 13 6.27548e+19
125 13 6.27653e+19
63 14 6.46465e+19
64 14 6.46336e+19
65 14 6.46537e+19
66 14 6.4682e+19
67 14 6.46802e+19
68 14 6.46489e+19
69 14 6.46304e+19
70 14 6.46115e+19
71 14 6.46224e+19
72 14 6.46206e+19
73 14 6.46041e+19
74 14 6.46146e+19
75 14 6.45704e+19
76 14 6.45328e+19
77 14 6.45322e+19
78 14 6.45349e+19
79 14 6.45509e+19
80 14 6.45571e+19
81 14 6.45643e+19
82 14 6.45596e+19
83 14 6.45435e+19
84 14 6.45262e+19
85 14 6.45228e+19
86 14 6.45058e+19
87 14 6.44869e+19
88 14 6.44806e+19
89 14 6.45193e+19
90 14 6.45221e+19
91 14 6.44756e+19
92 14 6.44619e+19
93 14 6.44496e+19
94 14 6.44875e+19
95 14 6.45347e+19
96 14 6.45121e+19
97 14 6.44797e+19
98 14 6.44808e+19
99 14 6.44913e+19
100 14 6.44931e+19
101 14 6.44995e+19
102 14 6.45092e+19
103 14 6.45036e+19
104 14 6.45086e+19
105 14 6.45161e+19
106 14 6.45067e+19
107 14 6.44978e+19
108 14 6.45269e+19
109 14 6.45468e+19
110 14 6.45273e+19
111 14 6.4514e+19
112 14 6.45106e+19
113 14 6.45603e+19
114 14 6.4602e+19
115 14 6.45689e+19
116 14 6.45479e+19
117 14 6.46476e+19
118 14 6.46918e+19
119 14 6.46423e+19
120 14 6.46121e+19
121 14 6.45792e+19
122 14 6.4582e+19
123 14 6.45866e+19
124 14 6.46458e+19
125 14 6.46465e+19
63 15 6.65785e+19
64 15 6.65416e+19
65 15 6.65186e+19
66 15 6.65086e+19
67 15 6.65123e+19
68 15 6.6515e+19
69 15 6.65227e+19
70 15 6.65003e+19
71 15 6.64703e+19
72 15 6.6495e+19
73 15 6.65333e+19
74 15 6.65139e+19
75 15 6.64924e+19
76 15 6.64797e+19
77 15 6.64451e+19
78 15 6.64215e+19
79 15 6.64141e+19
80 15 6.64374e+19
81 15 6.64463e+19
82 15 6.63951e+19
83 15 6.63678e+19
84 15 6.64062e+19
85 15 6.64306e+19
86 15 6.63877e+19
87 15 6.6376e+19
88 15 6.64338e+19
89 15 6.64377e+19
90 15 6.63875e+19
91 15 6.63618e+19
92 15 6.63607e+19
93 15 6.63674e+19
94 15 6.63725e+19
95 15 6.63737e+19
96 15 6.63895e+19
97 15 6.6395e+19
98 15 6.6383e+19
99 15 6.63818e+19
100 15 6.64208e+19
101 15 6.64199e+19
102 15 6.63972e+19
103 15 6.64016e+19
104 15 6.6394e+19
105 15 6.63879e+19
106 15 6.64394e+19
107 15 6.64262e+19
108 15 6.64018e+19
109 15 6.64314e+19
110 15 6.64127e+19
111 15 6.64124e+19
112 15 6.64001e+19
113 15 6.64119e+19
114 15 6.64149e+19
115 15 6.64465e+19
116 15 6.65016e+19
117 15 6.64679e+19
118 15 6.6449e+19
119 15 6.64665e+19
120 15 6.64814e+19
121 15 6.64743e+19
122 15 6.64979e+19
123 15 6.65224e+19
124 15 6.65092e+19
125 15 6.6495e+19
63 16 6.85164e+19
64 16 6.85134e+19
65 16 6.85019e+19
66 16 6.84617e+19
67 16 6.84445e+19
68 16 6.84674e+19
69 16 6.84768e+19
70 16 6.84693e+19
71 16 6.84443e+19
72 16 6.84312e+19
73 16 6.84279e+19
74 16 6.84019e+19
75 16 6.84178e+19
76 16 6.84578e+19
77 16 6.84267e+19
78 16 6.83839e+19
79 16 6.83961e+19
80 16 6.83655e+19
81 16 6.8337e+19
82 16 6.83682e+19
83 16 6.83502e+19
84 16 6.83225e+19
85 16 6.83238e+19
86 16 6.83288e+19
87 16 6.83191e+19
88 16 6.83037e+19
89 16 6.82879e+19
90 16 6.82761e+19
91 16 6.83044e+19
92 16 6.83463e+19
93 16 6.83844e+19
94 16 6.83452e+19
95 16 6.8272e+19
96 16 6.82894e+19
97 16 6.83164e+19
98 16 6.83112e+19
99 16 6.83046e+19
100 16 6.83199e+19
101 16 6.8342e+19
102 16 6.83462e+19
103 16 6.83481e+19
104 16 6.83257e+19
105 16 6.83319e+19
106 16 6.83592e+19
107 16 6.83402e+19
108 16 6.8317e+19
109 16 6.83457e+19
110 16 6.83716e+19
111 16 6.83614e+19
112 16 6.83696e+19
113 16 6.8342e+19
114 16 6.83361e+19
115 16 6.8385e+19
116 16 6.84233e+19
117 16 6.84119e+19
118 16 6.84017e+19
119 16 6.83719e+19
120 16 6.83871e+19
121 16 6.84541e+19
122 16 6.84715e+19
123 16 6.8464e+19
124 16 6.84407e+19
125 16 6.84546e+19
63 17 7.05405e+19
64 17 7.05032e+19
65 17 7.04896e+19
66 17 7.04843e+19
67 17 7.04483e+19
68 17 7.04583e+19
69 17 7.04883e+19
70 17 7.04747e+19
71 17 7.04311e+19
72 17 7.04019e+19
73 17 7.0378e+19
74 17 7.03559e+19
75 17 7.03253e+19
76 17 7.03284e+19
77 17 7.03565e+19
78 17 7.04076e+19
79 17 7.04588e+19
80 17 7.03942e+19
81 17 7.03227e+19
82 17 7.03333e+19
83 17 7.03383e+19
84 17 7.03124e+19
85 17 7.02975e+19
86 17 7.0324e+19
87 17 7.03561e+19
88 17 7.03102e+19
89 17 7.02744e+19
90 17 7.02882e+19
91 17 7.02852e+19
92 17 7.02767e+19
93 17 7.02665e+19
94 17 7.02787e+19
95 17 7.02547e+19
96 17 7.02574e+19
97 17 7.02748e+19
98 17 7.02981e+19
99 17 7.03144e+19
100 17 7.02725e+19
101 17 7.02735e+19
102 17 7.03054e+19
103 17 7.0297e+19
104 17 7.0299e+19
105 17 7.0297e+19
106 17 7.0297e+19
107 17 7.03508e+19
108 17 7.03294e+19
109 17 7.03003e+19
110 17 7.03571e+19
111 17 7.03777e+19
112 17 7.03581e+19
113 17 7.03653e+19
114 17 7.0387e+19
115 17 7.03983e+19
116 17 7.03783e+19
117 17 7.03862e+19
118 17 7.03925e+19
119 17 7.03706e+19
120 17 7.04147e+19
121 17 7.04589e+19
122 17 7.04546e+19
123 17 7.04176e+19
124 17 7.04164e+19
125 17 7.04422e+19
63 18 7.25809e+19
64 18 7.25595e+19
65 18 7.25403e+19
66 18 7.25359e+19
67 18 7.24997e+19
68 18 7.24512e+19
69 18 7.24411e+19
70 18 7.24422e+19
71 18 7.24442e+19
72 18 7.24542e+19
73 18 7.2437e+19
74 18 7.23951e+19
75 18 7.23895e+19
76 18 7.24062e+19
77 18 7.23849e+19
78 18 7.2397e+19
79 18 7.24015e+19
80 18 7.23907e+19
81 18 7.23657e+19
82 18 7.23348e+19
83 18 7.23336e+19
84 18 7.23515e+19
85 18 7.23581e+19
86 18 7.23252e+19
87 18 7.23417e+19
88 18 7.23637e+19
89 18 7.23352e+19
90 18 7.23326e+19
91 18 7.22974e+19
92 18 7.22529e+19
93 18 7.22862e+19
94 18 7.23333e+19
95 18 7.23348e+19
96 18 7.22981e+19
97 18 7.23067e+19
98 18 7.23071e+19
99 18 7.23397e+19
100 18 7.23823e+19
101 18 7.23545e+19
102 18 7.23475e+19
103 18 7.23325e+19
104 18 7.23509e+19
105 18 7.24e+19
106 18 7.2403e+19
107 18 7.23866e+19
108 18 7.23755e+19
109 18 7.23396e+19
110 18 7.23227e+19
111 18 7.23712e+19
112 18 7.24076e+19
113 18 7.24495e+19
114 18 7.24233e+19
115 18 7.24001e+19
116 18 7.23974e+19
117 18 7.23795e+19
118 18 7.24218e+19
119 18 7.24691e+19
120 18 7.24698e+19
121 18 7.24947e+19
122 18 7.25003e+19
123 18 7.24829e+19
124 18 7.2496e+19
125 18 7.24736e+19
63 19 7.46324e+19
64 19 7.46287e+19
65 19 7.46448e+19
66 19 7.46233e+19
67 19 7.46215e+19
68 19 7.46189e+19
69 19 7.45847e+19
70 19 7.45762e+19
71 19 7.45662e+19
72 19 7.45661e+19
73 19 7.4545e+19
74 19 7.45267e+19
75 19 7.45395e+19
76 19 7.45367e+19
77 19 7.45053e+19
78 19 7.44593e+19
79 19 7.44214e+19
80 19 7.44134e+19
81 19 7.44467e+19
82 19 7.44414e+19
83 19 7.44331e+19
84 19 7.44581e+19
85 19 7.44679e+19
86 19 7.44309e+19
87 19 7.43869e+19
88 19 7.43852e+19
89 19 7.44062e+19
90 19 7.44025e+19
91 19 7.43789e+19
92 19 7.44065e+19
93 19 7.43976e+19
94 19 7.43543e+19
95 19 7.43949e+19
96 19 7.44143e+19
97 19 7.44066e+19
98 19 7.44024e+19
99 19 7.44217e+19
100 19 7.44407e+19
101 19 7.4441e+19
102 19 7.44484e+19
103 19 7.449e+19
104 19 7.45202e+19
105 19 7.44856e+19
106 19 7.44616e+19
107 19 7.44453e+19
108 19 7.44555e+19
109 19 7.44693e+19
110 19 7.44949e+19
111 19 7.44977e+19
112 19 7.44553e+19
113 19 7.44739e+19
114 19 7.45144e+19
115 19 7.45359e+19
116 19 7.45347e+19
117 19 7.45315e+19
118 19 7.45599e+19
119 19 7.45966e+19
120 19 7.45607e+19
121 19 7.45108e+19
122 19 7.45287e+19
123 19 7.45558e+19
124 19 7.45804e+19
125 19 7.46051e+19
63 20 7.67828e+19
64 20 7.67919e+19
65 20 7.67734e+19
66 20 7.67612e+19
67 20 7.67852e+19
68 20 7.67984e+19
69 20 7.67654e+19
70 20 7.67656e+19
71 20 7.67697e+19
72 20 7.67223e+19
73 20 7.67107e+19
74 20 7.67088e+19
75 20 7.67186e+19
76 20 7.66905e+19
77 20 7.66612e+19
78 20 7.66708e+19
79 20 7.66449e+19
80 20 7.66064e+19
81 20 7.66093e+19
82 20 7.66059e+19
83 20 7.6606e+19
84 20 7.65786e+19
85 20 7.65677e+19
86 20 7.65888e+19
87 20 7.65776e+19
88 20 7.65638e+19
89 20 7.65222e+19
90 20 7.65101e+19
91 20 7.65519e+19
92 20 7.65485e+19
93 20 7.65112e+19
94 20 7.65131e+19
95 20 7.6562e+19
96 20 7.66209e+19
97 20 7.6579e+19
98 20 7.65911e+19
99 20 7.65799e+19
100 20 7.6521e+19
101 20 7.65504e+19
102 20 7.65806e+19
103 20 7.66158e+19
104 20 7.6612e+19
105 20 7.66097e+19
106 20 7.66236e+19
107 20 7.66356e+19
108 20 7.66533e+19
109 20 7.66712e+19
110 20 7.66709e+19
111 20 7.66411e+19
112 20 7.66494e+19
113 20 7.66692e+19
114 20 7.67154e+19
115 20 7.67099e+19
116 20 7.66616e+19
117 20 7.66928e+19
118 20 7.66976e+19
119 20 7.66755e+19
120 20 7.67419e+19
121 20 7.6744e+19
122 20 7.67055e+19
123 20 7.67203e+19
124 20 7.67382e+19
125 20 7.67977e+19
63 21 7.90171e+19
64 21 7.90513e+19
65 21 7.90155e+19
66 21 7.89857e+19
67 21 7.90002e+19
68 21 7.89841e+19
69 21 7.89621e+19
70 21 7.89496e+19
71 21 7.89329e+19
72 21 7.88949e+19
73 21 7.89022e+19
74 21 7.89579e+19
75 21 7.89363e+19
76 21 7.88717e+19
77 21 7.88455e+19
78 21 7.88475e+19
79 21 7.88429e+19
80 21 7.88516e+19
81 21 7.88545e+19
82 21 7.88373e+19
83 21 7.8809e+19
84 21 7.87839e+19
85 21 7.87442e+19
86 21 7.87496e+19
87 21 7.87537e+19
88 21 7.87123e+19
89 21 7.86986e+19
90 21 7.86923e+19
91 21 7.87158e+19
92 21 7.87121e+19
93 21 7.87391e+19
94 21 7.87691e+19
95 21 7.87622e+19
96 21 7.87489e+19
97 21 7.87522e+19
98 21 7.8806e+19
99 21 7.88021e+19
100 21 7.87662e+19
101 21 7.87472e+19
102 21 7.87549e+19
103 21 7.87702e+19
104 21 7.87445e+19
105 21 7.87929e+19
106 21 7.88086e+19
107 21 7.8807e+19
108 21 7.8876e+19
109 21 7.8868e+19
110 21 7.88057e+19
111 21 7.8822e+19
112 21 7.89086e+19
113 21 7.89011e+19
114 21 7.88488e+19
115 21 7.88512e+19
116 21 7.88744e+19
117 21 7.89095e+19
118 21 7.89755e+19
119 21 7.89512e+19
120 21 7.8925e+19
121 21 7.89737e+19
122 21 7.89528e+19
123 21 7.89691e+19
124 21 7.90242e+19
125 21 7.90166e+19
63 22 8.13115e+19
64 22 8.12845e+19
65 22 8.12865e+19
66 22 8.12931e+19
67 22 8.12728e+19
68 22 8.13072e+19
69 22 8.13101e+19
70 22 8.12099e+19
71 22 8.11674e+19
72 22 8.11573e+19
73 22 8.11334e+19
74 22 8.11512e+19
75 22 8.11328e+19
76 22 8.11019e+19
77 22 8.11417e+19
78 22 8.1115e+19
79 22 8.11006e+19
80 22 8.11178e+19
81 22 8.10972e+19
82 22 8.10926e+19
83 22 8.10636e+19
84 22 8.10365e+19
85 22 8.10326e+19
86 22 8.10195e+19
87 22 8.10174e+19
88 22 8.09876e+19
89 22 8.09791e+19
90 22 8.10159e+19
91 22 8.10061e+19
92 22 8.10081e+19
93 22 8.10002e+19
94 22 8.09878e+19
95 22 8.09858e+19
96 22 8.09751e+19
97 22 8.10066e+19
98 22 8.10028e+19
99 22 8.1011e+19
100 22 8.10387e+19
101 22 8.09921e+19
102 22 8.09694e+19
103 22 8.10441e+19
104 22 8.10497e+19
105 22 8.10359e+19
106 22 8.10721e+19
107 22 8.10689e+19
108 22 8.10691e+19
109 22 8.10772e+19
110 22 8.1076e+19
111 22 8.11166e+19
112 22 8.11413e+19
113 22 8.11536e+19
114 22 8.11312e+19
115 22 8.11047e+19
116 22 8.11535e+19
117 22 8.11863e+19
118 22 8.12013e+19
119 22 8.12092e+19
120 22 8.12068e+19
121 22 8.1258e+19
122 22 8.12694e+19
123 22 8.12633e+19
124 22 8.12781e+19
125 22 8.12324e+19
63 23 8.36686e+19
64 23 8.36371e+19
65 23 8.36173e+19
66 23 8.36052e+19
67 23 8.35844e+19
68 23 8.35724e+19
69 23 8.35597e+19
70 23 8.35319e+19
71 23 8.35322e+19
72 23 8.35399e+19
73 23 8.35412e+19
74 23 8.34824e+19
75 23 8.3432e+19
76 23 8.33914e+19
77 23 8.34206e+19
78 23 8.34794e+19
79 23 8.34545e+19
80 23 8.34297e+19
81 23 8.34111e+19
82 23 8.33973e+19
83 23 8.33829e+19
84 23 8.33349e+19
85 23 8.33237e+19
86 23 8.33533e+19
87 23 8.33399e+19
88 23 8.33385e+19
89 23 8.33454e+19
90 23 8.33518e+19
91 23 8.33571e+19
92 23 8.3365e+19
93 23 8.33604e+19
94 23 8.33656e+19
95 23 8.33584e+19
96 23 8.33616e+19
97 23 8.33462e+19
98 23 8.32416e+19
99 23 8.32618e+19
100 23 8.33451e+19
101 23 8.33768e+19
102 23 8.33795e+19
103 23 8.33485e+19
104 23 8.33668e+19
105 23 8.34043e+19
106 23 8.34355e+19
107 23 8.34321e+19
108 23 8.3414e+19
109 23 8.34012e+19
110 23 8.34472e+19
111 23 8.35052e+19
112 23 8.34599e+19
113 23 8.34793e+19
114 23 8.35416e+19
115 23 8.34926e+19
116 23 8.3478e+19
117 23 8.34662e+19
118 23 8.34436e+19
119 23 8.34842e+19
120 23 8.35518e+19
121 23 8.35462e+19
122 23 8.35325e+19
123 23 8.35577e+19
124 23 8.35312e+19
125 23 8.35772e+19
63 24 8.60624e+19
64 24 8.60635e+19
65 24 8.60241e+19
66 24 8.59611e+19
67 24 8.59642e+19
68 24 8.59347e+19
69 24 8.58933e+19
70 24 8.59157e+19
71 24 8.59173e+19
72 24 8.59233e+19
73 24 8.59277e+19
74 24 8.58945e+19
75 24 8.58446e+19
76 24 8.58246e+19
77 24 8.58048e+19
78 24 8.58131e+19
79 24 8.58049e+19
80 24 8.579e+19
81 24 8.57847e+19
82 24 8.57478e+19
83 24 8.57226e+19
84 24 8.57335e+19
85 24 8.57117e+19
86 24 8.57031e+19
87 24 8.57183e+19
88 24 8.57368e+19
89 24 8.57722e+19
90 24 8.57397e+19
91 24 8.56915e+19
92 24 8.56924e+19
93 24 8.57187e+19
94 24 8.57321e+19
95 24 8.57334e+19
96 24 8.57121e+19
97 24 8.57065e+19
98 24 8.57053e+19
99 24 8.56927e+19
100 24 8.57296e+19
101 24 8.58036e+19
102 24 8.58214e+19
103 24 8.57781e+19
104 24 8.57614e+19
105 24 8.57365e+19
106 24 8.57241e+19
107 24 8.57528e+19
108 24 8.57769e+19
109 24 8.58252e+19
110 24 8.58945e+19
111 24 8.58857e+19
112 24 8.58608e+19
113 24 8.58325e+19
114 24 8.5841e+19
115 24 8.58749e+19
116 24 8.58996e+19
117 24 8.59336e+19
118 24 8.58984e+19
119 24 8.59001e+19
120 24 8.5915e+19
121 24 8.58799e+19
122 24 8.5945e+19
123 24 8.59771e+19
124 24 8.59504e+19
125 24 8.59958e+19
63 25 8.85175e+19
64 25 8.84644e+19
65 25 8.84752e+19
66 25 8.84569e+19
67 25 8.83999e+19
68 25 8.83703e+19
69 25 8.83882e+19
70 25 8.84222e+19
71 25 8.84046e+19
72 25 8.83722e+19
73 25 8.8342e+19
74 25 8.83244e+19
75 25 8.83293e+19
76 25 8.83583e+19
77 25 8.83024e+19
78 25 8.82423e+19
79 25 8.82559e+19
80 25 8.82386e+19
81 25 8.8232e+19
82 25 8.82608e+19
83 25 8.8242e+19
84 25 8.82362e+19
85 25 8.82285e+19
86 25 8.81772e+19
87 25 8.81693e+19
88 25 8.81524e+19
89 25 8.81855e+19
90 25 8.82184e+19
91 25 8.81665e+19
92 25 8.81314e+19
93 25 8.81234e+19
94 25 8.81326e+19
95 25 8.81239e+19
96 25 8.81056e+19
97 25 8.81463e+19
98 25 8.82091e+19
99 25 8.81726e+19
100 25 8.81292e+19
101 25 8.81594e+19
102 25 8.81679e+19
103 25 8.816e+19
104 25 8.8225e+19
105 25 8.8241e+19
106 25 8.81912e+19
107 25 8.82028e+19
108 25 8.82058e+19
109 25 8.82512e+19
110 25 8.82799e+19
111 25 8.82317e+19
112 25 8.82576e+19
113 25 8.83223e+19
114 25 8.82981e+19
115 25 8.8317e+19
116 25 8.83668e+19
117 25 8.83844e+19
118 25 8.83749e+19
119 25 8.83895e+19
120 25 8.83773e+19
121 25 8.8391e+19
122 25 8.84535e+19
123 25 8.84701e+19
124 25 8.84651e+19
125 25 8.84441e+19
63 26 9.10777e+19
64 26 9.10211e+19
65 26 9.10037e+19
66 26 9.10386e+19
67 26 9.10203e+19
68 26 9.09575e+19
69 26 9.09465e+19
70 26 9.09187e+19
71 26 9.08439e+19
72 26 9.08402e+19
73 26 9.08447e+19
74 26 9.08236e+19
75 26 9.08471e+19
76 26 9.08591e+19
77 26 9.08254e+19
78 26 9.07856e+19
79 26 9.0747e+19
80 26 9.07365e+19
81 26 9.07113e+19
82 26 9.07433e+19
83 26 9.07693e+19
84 26 9.07249e+19
85 26 9.07316e+19
86 26 9.06804e+19
87 26 9.06383e+19
88 26 9.06433e+19
89 26 9.05941e+19
90 26 9.06094e+19
91 26 9.06632e+19
92 26 9.06837e+19
93 26 9.06565e+19
94 26 9.06105e+19
95 26 9.06671e+19
96 26 9.07141e+19
97 26 9.06786e+19
98 26 9.06888e+19
99 26 9.07295e+19
100 26 9.06881e+19
101 26 9.06312e+19
102 26 9.06472e+19
103 26 9.06837e+19
104 26 9.07018e+19
105 26 9.07163e+19
106 26 9.07551e+19
107 26 9.07889e+19
108 26 9.08143e+19
109 26 9.07867e+19
110 26 9.07859e+19
111 26 9.08093e+19
112 26 9.07881e+19
113 26 9.07878e+19
114 26 9.08068e+19
115 26 9.08852e+19
116 26 9.0907e+19
117 26 9.0847e+19
118 26 9.08924e+19
119 26 9.09309e+19
120 26 9.09352e+19
121 26 9.09637e+19
122 26 9.08947e+19
123 26 9.08885e+19
124 26 9.09464e+19
125 26 9.09679e+19
63 27 9.36424e+19
64 27 9.36422e+19
65 27 9.36146e+19
66 27 9.36155e+19
67 27 9.35983e+19
68 27 9.35706e+19
69 27 9.35084e+19
70 27 9.34881e+19
71 27 9.34962e+19
72 27 9.34316e+19
73 27 9.337e+19
74 27 9.33537e+19
75 27 9.33785e+19
76 27 9.3385e+19
77 27 9.33753e+19
78 27 9.3402e+19
79 27 9.33791e+19
80 27 9.33486e+19
81 27 9.33104e+19
82 27 9.32761e+19
83 27 9.32657e+19
84 27 9.32445e+19
85 27 9.32314e+19
86 27 9.32143e+19
87 27 9.32301e+19
88 27 9.32896e+19
89 27 9.32813e+19
90 27 9.31875e+19
91 27 9.31914e+19
92 27 9.32471e+19
93 27 9.32607e+19
94 27 9.32357e+19
95 27 9.32405e+19
96 27 9.32528e+19
97 27 9.32185e+19
98 27 9.32735e+19
99 27 9.32809e+19
100 27 9.32441e+19
101 27 9.3224e+19
102 27 9.32515e+19
103 27 9.33069e+19
104 27 9.32151e+19
105 27 9.32207e+19
106 27 9.33305e+19
107 27 9.33425e+19
108 27 9.33698e+19
109 27 9.34087e+19
110 27 9.34154e+19
111 27 9.3455e+19
112 27 9.34863e+19
113 27 9.34296e+19
114 27 9.341e+19
115 27 9.34395e+19
116 27 9.33954e+19
117 27 9.34315e+19
118 27 9.35191e+19
119 27 9.35302e+19
120 27 9.3576e+19
121 27 9.3588e+19
122 27 9.35773e+19
123 27 9.35791e+19
124 27 9.35452e+19
125 27 9.35382e+19
63 28 9.62672e+19
64 28 9.62431e+19
65 28 9.62484e+19
66 28 9.62228e+19
67 28 9.62013e+19
68 28 9.61883e+19
69 28 9.61953e+19
70 28 9.62012e+19
71 28 9.6226e+19
72 28 9.61788e+19
73 28 9.61117e+19
74 28 9.61148e+19
75 28 9.6068e+19
76 28 9.60275e+19
77 28 9.60319e+19
78 28 9.6052e+19
79 28 9.60414e+19
80 28 9.59831e+19
81 28 9.5977e+19
82 28 9.59364e+19
83 28 9.5892e+19
84 28 9.58983e+19
85 28 9.58908e+19
86 28 9.59324e+19
87 28 9.59412e+19
88 28 9.59007e+19
89 28 9.59492e+19
90 28 9.59207e+19
91 28 9.58626e+19
92 28 9.58648e+19
93 28 9.58744e+19
94 28 9.5877e+19
95 28 9.57906e+19
96 28 9.5804e+19
97 28 9.58913e+19
98 28 9.58654e+19
99 28 9.58267e+19
100 28 9.58691e+19
101 28 9.59229e+19
102 28 9.59154e+19
103 28 9.58815e+19
104 28 9.59385e+19
105 28 9.59879e+19
106 28 9.59532e+19
107 28 9.5937e+19
108 28 9.59259e+19
109 28 9.59713e+19
110 28 9.59862e+19
111 28 9.60419e+19
112 28 9.60974e+19
113 28 9.61282e+19
114 28 9.61257e+19
115 28 9.60558e+19
116 28 9.60903e+19
117 28 9.61579e+19
118 28 9.61732e+19
119 28 9.61769e+19
120 28 9.6176e+19
121 28 9.62061e+19
122 28 9.6259e+19
123 28 9.62665e+19
124 28 9.62738e+19
125 28 9.62314e+19
63 29 9.89899e+19
64 29 9.90158e+19
65 29 9.9007e+19
66 29 9.89404e+19
67 29 9.89642e+19
68 29 9.89862e+19
69 29 9.89696e+19
70 29 9.88805e+19
71 29 9.87973e+19
72 29 9.88241e+19
73 29 9.88626e+19
74 29 9.88409e+19
75 29 9.88168e+19
76 29 9.87857e+19
77 29 9.87771e+19
78 29 9.87219e+19
79 29 9.86881e+19
80 29 9.86938e+19
81 29 9.86898e+19
82 29 9.87195e+19
83 29 9.86964e+19
84 29 9.86587e+19
85 29 9.8649e+19
86 29 9.86412e+19
87 29 9.85898e+19
88 29 9.85342e+19
89 29 9.85488e+19
90 29 9.86188e+19
91 29 9.86098e+19
92 29 9.85693e+19
93 29 9.85374e+19
94 29 9.85341e+19
95 29 9.85548e+19
96 29 9.85561e+19
97 29 9.85756e+19
98 29 9.85294e+19
99 29 9.85516e+19
100 29 9.86244e+19
101 29 9.86409e+19
102 29 9.85955e+19
103 29 9.85887e+19
104 29 9.86731e+19
105 29 9.86085e+19
106 29 9.85868e+19
107 29 9.86602e+19
108 29 9.87008e+19
109 29 9.87045e+19
110 29 9.86929e+19
111 29 9.87199e+19
112 29 9.87161e+19
113 29 9.87606e+19
114 29 9.88436e+19
115 29 9.88525e+19
116 29 9.88775e+19
117 29 9.89302e+19
118 29 9.89302e+19
119 29 9.89357e+19
120 29 9.89285e+19
121 29 9.89113e+19
122 29 9.89523e+19
123 29 9.89883e+19
124 29 9.90003e+19
125 29 9.90188e+19
63 30 1.01855e+20
64 30 1.01877e+20
65 30 1.0181e+20
66 30 1.01752e+20
67 30 1.01721e+20
68 30 1.01697e+20
69 30 1.01649e+20
70 30 1.01623e+20
71 30 1.01607e+20
72 30 1.01578e+20
73 30 1.0157e+20
74 30 1.01556e+20
75 30 1.01568e+20
76 30 1.01583e+20
77 30 1.01561e+20
78 30 1.01479e+20
79 30 1.01438e+20
80 30 1.01495e+20
81 30 1.01515e+20
82 30 1.01473e+20
83 30 1.01454e+20
84 30 1.01456e+20
85 30 1.01405e+20
86 30 1.01381e+20
87 30 1.01415e+20
88 30 1.01392e+20
89 30 1.01329e+20
90 30 1.01375e+20
91 30 1.01427e+20
92 30 1.01364e+20
93 30 1.01349e+20
94 30 1.01354e+20
95 30 1.01367e+20
96 30 1.01335e+20
97 30 1.01249e+20
98 30 1.01268e+20
99 30 1.01329e+20
100 30 1.01297e+20
101 30 1.01266e+20
102 30 1.01308e+20
103 30 1.01343e+20
104 30 1.01352e+20
105 30 1.01346e+20
106 30 1.01409e+20
107 30 1.01459e+20
108 30 1.01498e+20
109 30 1.01549e+20
110 30 1.01573e+20
111 30 1.01553e+20
112 30 1.01564e+20
113 30 1.01618e+20
114 30 1.01599e+20
115 30 1.01577e+20
116 30 1.01625e+20
117 30 1.01683e+20
118 30 1.01668e+20
119 30 1.01676e+20
120 30 1.01749e+20
121 30 1.01791e+20
122 30 1.0183e+20
123 30 1.01824e+20
124 30 1.01767e+20
125 30 1.01798e+20
63 31 1.04772e+20
64 31 1.04709e+20
65 31 1.04659e+20
66 31 1.0462e+20
67 31 1.04564e+20
68 31 1.04537e+20
69 31 1.0453e+20
70 31 1.04551e+20
71 31 1.04539e+20
72 31 1.04498e+20
73 31 1.04476e+20
74 31 1.04487e+20
75 31 1.04446e+20
76 31 1.04449e+20
77 31 1.04458e+20
78 31 1.04407e+20
79 31 1.04387e+20
80 31 1.04342e+20
81 31 1.04303e+20
82 31 1.04267e+20
83 31 1.0425e+20
84 31 1.04287e+20
85 31 1.04305e+20
86 31 1.04312e+20
87 31 1.04305e+20
88 31 1.04259e+20
89 31 1.04227e+20
90 31 1.04219e+20
91 31 1.04214e+20
92 31 1.04168e+20
93 31 1.04166e+20
94 31 1.04165e+20
95 31 1.04152e+20
96 31 1.04165e+20
97 31 1.04174e+20
98 31 1.04221e+20
99 31 1.04175e+20
100 31 1.04132e+20
101 31 1.04142e+20
102 31 1.04206e+20
103 31 1.04266e+20
104 31 1.04273e+20
105 31 1.04319e+20
106 31 1.04339e+20
107 31 1.04341e+20
108 31 1.043e+20
109 31 1.04325e+20
110 31 1.04418e+20
111 31 1.04426e+20
112 31 1.04436e+20
113 31 1.04477e+20
114 31 1.04502e+20
115 31 1.04555e+20
116 31 1.04583e+20
117 31 1.04554e+20
118 31 1.04532e+20
119 31 1.04525e+20
120 31 1.04563e+20
121 31 1.04668e+20
122 31 1.04651e+20
123 31 1.0462e+20
124 31 1.04673e+20
125 31 1.04687e+20
63 32 1.07646e+20
64 32 1.07559e+20
65 32 1.07573e+20
66 32 1.07584e+20
67 32 1.07539e+20
68 32 1.07574e+20
69 32 1.07563e+20
70 32 1.07534e+20
71 32 1.07489e+20
72 32 1.07446e+20
73 32 1.07452e+20
74 32 1.07436e+20
75 32 1.07419e+20
76 32 1.07377e+20
77 32 1.07326e+20
78 32 1.07351e+20
79 32 1.07393e+20
80 32 1.07303e+20
81 32 1.07219e+20
82 32 1.07231e+20
83 32 1.07247e+20
84 32 1.07225e+20
85 32 1.07232e+20
86 32 1.07242e+20
87 32 1.07131e+20
88 32 1.07106e+20
89 32 1.07195e+20
90 32 1.07158e+20
91 32 1.07071e+20
92 32 1.07097e+20
93 32 1.07105e+20
94 32 1.07081e+20
95 32 1.07029e+20
96 32 1.07024e+20
97 32 1.07104e+20
98 32 1.07109e+20
99 32 1.0711e+20
100 32 1.0713e+20
101 32 1.0716e+20
102 32 1.072e+20
103 32 1.07196e+20
104 32 1.07201e+20
105 32 1.07238e+20
106 32 1.07244e+20
107 32 1.0728e+20
108 32 1.07327e+20
109 32 1.07288e+20
110 32 1.07336e+20
111 32 1.07387e+20
112 32 1.07405e+20
113 32 1.0746e+20
114 32 1.07496e+20
115 32 1.07565e+20
116 32 1.07557e+20
117 32 1.0749e+20
118 32 1.07531e+20
119 32 1.07604e+20
120 32 1.07563e+20
121 32 1.07527e+20
122 32 1.07549e+20
123 32 1.07581e+20
124 32 1.07639e+20
125 32 1.07685e+20
63 33 1.10638e+20
64 33 1.10582e+20
65 33 1.10581e+20
66 33 1.10648e+20
67 33 1.10664e+20
68 33 1.10593e+20
69 33 1.10556e+20
70 33 1.10504e+20
71 33 1.10447e+20
72 33 1.10442e+20
73 33 1.10429e+20
74 33 1.10411e+20
75 33 1.1037e+20
76 33 1.10354e+20
77 33 1.10355e+20
78 33 1.10359e+20
79 33 1.10343e+20
80 33 1.1034e+20
81 33 1.10326e+20
82 33 1.10279e+20
83 33 1.10263e+20
84 33 1.10196e+20
85 33 1.10129e+20
86 33 1.10118e+20
87 33 1.10147e+20
88 33 1.10154e+20
89 33 1.10146e+20
90 33 1.10086e+20
91 33 1.10068e+20
92 33 1.10103e+20
93 33 1.10045e+20
94 33 1.10023e+20
95 33 1.10059e+20
96 33 1.10041e+20
97 33 1.09994e+20
98 33 1.09983e+20
99 33 1.10085e+20
100 33 1.10096e+20
101 33 1.10113e+20
102 33 1.10186e+20
103 33 1.10165e+20
104 33 1.102e+20
105 33 1.10259e+20
106 33 1.10246e+20
107 33 1.10266e+20
108 33 1.1036e+20
109 33 1.10404e+20
110 33 1.10389e+20
111 33 1.10418e+20
112 33 1.10497e+20
113 33 1.10515e+20
114 33 1.10474e+20
115 33 1.10417e+20
116 33 1.1046e+20
117 33 1.10521e+20
118 33 1.10568e+20
119 33 1.1061e+20
120 33 1.10595e+20
121 33 1.10554e+20
122 33 1.10622e+20
123 33 1.10686e+20
124 33 1.10666e+20
125 33 1.10706e+20
63 34 1.13741e+20
64 34 1.1379e+20
65 34 1.13735e+20
66 34 1.13699e+20
67 34 1.13738e+20
68 34 1.13678e+20
69 34 1.13624e+20
70 34 1.13548e+20
71 34 1.13531e+20
72 34 1.13595e+20
73 34 1.13638e+20
74 34 1.13656e+20
75 34 1.13533e+20
76 34 1.13454e+20
77 34 1.13489e+20
78 34 1.13471e+20
79 34 1.13425e+20
80 34 1.13419e+20
81 34 1.1342e+20
82 34 1.13387e+20
83 34 1.13342e+20
84 34 1.13302e+20
85 34 1.13206e+20
86 34 1.13175e+20
87 34 1.13261e+20
88 34 1.13306e+20
89 34 1.13233e+20
90 34 1.13161e+20
91 34 1.13132e+20
92 34 1.13067e+20
93 34 1.13074e+20
94 34 1.13173e+20
95 34 1.13201e+20
96 34 1.1313e+20
97 34 1.13084e+20
98 34 1.13153e+20
99 34 1.13185e+20
100 34 1.13148e+20
101 34 1.13212e+20
102 34 1.13257e+20
103 34 1.13252e+20
104 34 1.13309e+20
105 34 1.13318e+20
106 34 1.13323e+20
107 34 1.13374e+20
108 34 1.13402e+20
109 34 1.1344e+20
110 34 1.13451e+20
111 34 1.13446e+20
112 34 1.13483e+20
113 34 1.13498e+20
114 34 1.13553e+20
115 34 1.13633e+20
116 34 1.13672e+20
117 34 1.1371e+20
118 34 1.13749e+20
119 34 1.1375e+20
120 34 1.13716e+20
121 34 1.13712e+20
122 34 1.13764e+20
123 34 1.1377e+20
124 34 1.13746e+20
125 34 1.1376e+20
63 35 1.16902e+20
64 35 1.16927e+20
65 35 1.16951e+20
66 35 1.16923e+20
67 35 1.16842e+20
68 35 1.16866e+20
69 35 1.16826e+20
70 35 1.16755e+20
71 35 1.16786e+20
72 35 1.16796e+20
73 35 1.16767e+20
74 35 1.16729e+20
75 35 1.16787e+20
76 35 1.16762e+20
77 35 1.1666e+20
78 35 1.16651e+20
79 35 1.16625e+20
80 35 1.16575e+20
81 35 1.16572e+20
82 35 1.16529e+20
83 35 1.16494e+20
84 35 1.16528e+20
85 35 1.16524e+20
86 35 1.16484e+20
87 35 1.16426e+20
88 35 1.16395e+20
89 35 1.16338e+20
90 35 1.16319e+20
91 35 1.16325e+20
92 35 1.16261e+20
93 35 1.16246e+20
94 35 1.16276e+20
95 35 1.16225e+20
96 35 1.16243e+20
97 35 1.1627e+20
98 35 1.16274e+20
99 35 1.16293e+20
100 35 1.1633e+20
101 35 1.16377e+20
102 35 1.16364e+20
103 35 1.16389e+20
104 35 1.1644e+20
105 35 1.16467e+20
106 35 1.16484e+20
107 35 1.16517e+20
108 35 1.16533e+20
109 35 1.16583e+20
110 35 1.16627e+20
111 35 1.16691e+20
112 35 1.16759e+20
113 35 1.1675e+20
114 35 1.16819e+20
115 35 1.1687e+20
116 35 1.16875e+20
117 35 1.16875e+20
118 35 1.16849e+20
119 35 1.16875e+20
120 35 1.16949e+20
121 35 1.16986e+20
122 35 1.16957e+20
123 35 1.16981e+20
124 35 1.17019e+20
125 35 1.17e+20
63 36 1.20253e+20
64 36 1.20191e+20
65 36 1.20217e+20
66 36 1.20128e+20
67 36 1.20101e+20
68 36 1.20098e+20
69 36 1.20032e+20
70 36 1.20079e+20
71 36 1.20038e+20
72 36 1.19959e+20
73 36 1.19953e+20
74 36 1.19949e+20
75 36 1.19973e+20
76 36 1.19952e+20
77 36 1.19897e+20
78 36 1.19874e+20
79 36 1.19849e+20
80 36 1.19811e+20
81 36 1.19777e+20
82 36 1.1978e+20
83 36 1.19725e+20
84 36 1.19711e+20
85 36 1.19785e+20
86 36 1.19744e+20
87 36 1.19612e+20
88 36 1.19569e+20
89 36 1.19594e+20
90 36 1.19575e+20
91 36 1.19589e+20
92 36 1.19601e+20
93 36 1.19561e+20
94 36 1.19443e+20
95 36 1.19414e+20
96 36 1.19499e+20
97 36 1.19508e+20
98 36 1.19474e+20
99 36 1.19445e+20
100 36 1.19516e+20
101 36 1.19544e+20
102 36 1.19546e+20
103 36 1.19597e+20
104 36 1.19608e+20
105 36 1.19716e+20
106 36 1.19746e+20
107 36 1.19774e+20
108 36 1.19837e+20
109 36 1.19906e+20
110 36 1.19985e+20
111 36 1.20066e+20
112 36 1.20106e+20
113 36 1.2007e+20
114 36 1.20093e+20
115 36 1.2006e+20
116 36 1.2002e+20
117 36 1.20084e+20
118 36 1.20125e+20
119 36 1.20138e+20
120 36 1.20235e+20
121 36 1.2026e+20
122 36 1.20207e+20
123 36 1.20248e+20
124 36 1.20258e+20
125 36 1.20273e+20
63 37 1.23633e+20
64 37 1.2363e+20
65 37 1.23553e+20
66 37 1.23505e+20
67 37 1.23491e+20
68 37 1.23452e+20
69 37 1.23438e+20
70 37 1.23415e+20
71 37 1.23417e+20
72 37 1.23416e+20
73 37 1.23398e+20
74 37 1.23383e+20
75 37 1.23274e+20
76 37 1.23189e+20
77 37 1.23247e+20
78 37 1.23216e+20
79 37 1.23188e+20
80 37 1.23164e+20
81 37 1.23058e+20
82 37 1.23046e+20
83 37 1.23039e+20
84 37 1.23004e+20
85 37 1.22986e+20
86 37 1.2295e+20
87 37 1.229e+20
88 37 1.22884e+20
89 37 1.22906e+20
90 37 1.22899e+20
91 37 1.22814e+20
92 37 1.22799e+20
93 37 1.22879e+20
94 37 1.22868e+20
95 37 1.22799e+20
96 37 1.22765e+20
97 37 1.22818e+20
98 37 1.22834e+20
99 37 1.22872e+20
100 37 1.22895e+20
101 37 1.22848e+20
102 37 1.22901e+20
103 37 1.2297e+20
104 37 1.22964e+20
105 37 1.23001e+20
106 37 1.23079e+20
107 37 1.23171e+20
108 37 1.23249e+20
109 37 1.23222e+20
110 37 1.23265e+20
111 37 1.23299e+20
112 37 1.23329e+20
113 37 1.23409e+20
114 37 1.23349e+20
115 37 1.2336e+20
116 37 1.23447e+20
117 37 1.23486e+20
118 37 1.23514e+20
119 37 1.23539e+20
120 37 1.23603e+20
121 37 1.23635e+20
122 37 1.23609e+20
123 37 1.23569e+20
124 37 1.23561e+20
125 37 1.23587e+20
63 38 1.27005e+20
64 38 1.26991e+20
65 38 1.26958e+20
66 38 1.27035e+20
67 38 1.26982e+20
68 38 1.26913e+20
69 38 1.2688e+20
70 38 1.26865e+20
71 38 1.26934e+20
72 38 1.26844e+20
73 38 1.26762e+20
74 38 1.26794e+20
75 38 1.26743e+20
76 38 1.26738e+20
77 38 1.26729e+20
78 38 1.26675e+20
79 38 1.26619e+20
80 38 1.26622e+20
81 38 1.26579e+20
82 38 1.26445e+20
83 38 1.26472e+20
84 38 1.2644e+20
85 38 1.26407e+20
86 38 1.26451e+20
87 38 1.26395e+20
88 38 1.2628e+20
89 38 1.26222e+20
90 38 1.2618e+20
91 38 1.26149e+20
92 38 1.26179e+20
93 38 1.2612e+20
94 38 1.26192e+20
95 38 1.26258e+20
96 38 1.26179e+20
97 38 1.26217e+20
98 38 1.26214e+20
99 38 1.2622e+20
100 38 1.26224e+20
101 38 1.26226e+20
102 38 1.26323e+20
103 38 1.26388e+20
104 38 1.26451e+20
105 38 1.26487e+20
106 38 1.26552e+20
107 38 1.26592e+20
108 38 1.26637e+20
109 38 1.26696e+20
110 38 1.26709e+20
111 38 1.2672e+20
112 38 1.26739e+20
113 38 1.26811e+20
114 38 1.26855e+20
115 38 1.26917e+20
116 38 1.27008e+20
117 38 1.26977e+20
118 38 1.26979e+20
119 38 1.27058e+20
120 38 1.27052e+20
121 38 1.27032e+20
122 38 1.27036e+20
123 38 1.27028e+20
124 38 1.27071e+20
125 38 1.2713e+20
63 39 1.30547e+20
64 39 1.30482e+20
65 39 1.30519e+20
66 39 1.30462e+20
67 39 1.30434e+20
68 39 1.30384e+20
69 39 1.30385e+20
70 39 1.30394e+20
71 39 1.30296e+20
72 39 1.30302e+20
73 39 1.30336e+20
74 39 1.30318e+20
75 39 1.3036e+20
76 39 1.30348e+20
77 39 1.30206e+20
78 39 1.30151e+20
79 39 1.30095e+20
80 39 1.30096e+20
81 39 1.30157e+20
82 39 1.30088e+20
83 39 1.29977e+20
84 39 1.29922e+20
85 39 1.2989e+20
86 39 1.2988e+20
87 39 1.29889e+20
88 39 1.29801e+20
89 39 1.29698e+20
90 39 1.29713e+20
91 39 1.29759e+20
92 39 1.29702e+20
93 39 1.29594e+20
94 39 1.29604e+20
95 39 1.29667e+20
96 39 1.29675e+20
97 39 1.29659e+20
98 39 1.29678e+20
99 39 1.29673e+20
100 39 1.29739e+20
101 39 1.29858e+20
102 39 1.29833e+20
103 39 1.29808e+20
104 39 1.29946e+20
105 39 1.30043e+20
106 39 1.30102e+20
107 39 1.3013e+20
108 39 1.30142e+20
109 39 1.30275e+20
110 39 1.30337e+20
111 39 1.30365e+20
112 39 1.30327e+20
113 39 1.3035e+20
114 39 1.30445e+20
115 39 1.3048e+20
116 39 1.30536e+20
117 39 1.30537e+20
118 39 1.30502e+20
119 39 1.30557e+20
120 39 1.30573e+20
121 39 1.30606e+20
122 39 1.30632e+20
123 39 1.30595e+20
124 39 1.30633e+20
125 39 1.30644e+20
63 40 1.3423e+20
64 40 1.34175e+20
65 40 1.34117e+20
66 40 1.34066e+20
67 40 1.3402e+20
68 40 1.34065e+20
69 40 1.34135e+20
70 40 1.33978e+20
71 40 1.33864e+20
72 40 1.33968e+20
73 40 1.33956e+20
74 40 1.33791e+20
75 40 1.33852e+20
76 40 1.33869e+20
77 40 1.33802e+20
78 40 1.33813e+20
79 40 1.3374e+20
80 40 1.33659e+20
81 40 1.3369e+20
82 40 1.33733e+20
83 40 1.33583e+20
84 40 1.33494e+20
85 40 1.33425e+20
86 40 1.3335e+20
87 40 1.33436e+20
88 40 1.3351e+20
89 40 1.33402e+20
90 40 1.33375e+20
91 40 1.33373e+20
92 40 1.33236e+20
93 40 1.33242e+20
94 40 1.33215e+20
95 40 1.33192e+20
96 40 1.33218e+20
97 40 1.33198e+20
98 40 1.33245e+20
99 40 1.33317e+20
100 40 1.33409e+20
101 40 1.33437e+20
102 40 1.33423e+20
103 40 1.33531e+20
104 40 1.33619e+20
105 40 1.33685e+20
106 40 1.33735e+20
107 40 1.33769e+20
108 40 1.3376e+20
109 40 1.33787e+20
110 40 1.33875e+20
111 40 1.33917e+20
112 40 1.34075e+20
113 40 1.34093e+20
114 40 1.33993e+20
115 40 1.34065e+20
116 40 1.34106e+20
117 40 1.34132e+20
118 40 1.34119e+20
119 40 1.34128e+20
120 40 1.34151e+20
121 40 1.34237e+20
122 40 1.34344e+20
123 40 1.34318e+20
124 40 1.34343e+20
125 40 1.34331e+20
