0 0 4.312e+19
1 0 4.31373e+19
2 0 4.31442e+19
3 0 4.31533e+19
4 0 4.31956e+19
5 0 4.31578e+19
6 0 4.31548e+19
7 0 4.31283e+19
8 0 4.30857e+19
9 0 4.31391e+19
10 0 4.31448e+19
11 0 4.31367e+19
12 0 4.3119e+19
13 0 4.30942e+19
14 0 4.31271e+19
15 0 4.31526e+19
16 0 4.31498e+19
17 0 4.30966e+19
18 0 4.30855e+19
19 0 4.31148e+19
20 0 4.30927e+19
21 0 4.30971e+19
22 0 4.30962e+19
23 0 4.30538e+19
24 0 4.30803e+19
25 0 4.3101e+19
26 0 4.31101e+19
27 0 4.31311e+19
28 0 4.31565e+19
29 0 4.31605e+19
30 0 4.31114e+19
31 0 4.30845e+19
32 0 4.30734e+19
33 0 4.31066e+19
34 0 4.31435e+19
35 0 4.30776e+19
36 0 4.3064e+19
37 0 4.31054e+19
38 0 4.31096e+19
39 0 4.31143e+19
40 0 4.31115e+19
41 0 4.31043e+19
42 0 4.30861e+19
43 0 4.30784e+19
44 0 4.31327e+19
45 0 4.31808e+19
46 0 4.3168e+19
47 0 4.31042e+19
48 0 4.30874e+19
49 0 4.31374e+19
50 0 4.31143e+19
51 0 4.3048e+19
52 0 4.31218e+19
53 0 4.32159e+19
54 0 4.31913e+19
55 0 4.31394e+19
56 0 4.30993e+19
57 0 4.31096e+19
58 0 4.31455e+19
59 0 4.31748e+19
60 0 4.31173e+19
61 0 4.31155e+19
62 0 4.31731e+19
0 1 4.4187e+19
1 1 4.41988e+19
2 1 4.41732e+19
3 1 4.41876e+19
4 1 4.41958e+19
5 1 4.41685e+19
6 1 4.41727e+19
7 1 4.41933e+19
8 1 4.41848e+19
9 1 4.42009e+19
10 1 4.42018e+19
11 1 4.41612e+19
12 1 4.41588e+19
13 1 4.42036e+19
14 1 4.41915e+19
15 1 4.41648e+19
16 1 4.41613e+19
17 1 4.41736e+19
18 1 4.41526e+19
19 1 4.41638e+19
20 1 4.42134e+19
21 1 4.42156e+19
22 1 4.41916e+19
23 1 4.41867e+19
24 1 4.42114e+19
25 1 4.42144e+19
26 1 4.42254e+19
27 1 4.42081e+19
28 1 4.41972e+19
29 1 4.42168e+19
30 1 4.41944e+19
31 1 4.41707e+19
32 1 4.41778e+19
33 1 4.41799e+19
34 1 4.41886e+19
35 1 4.42313e+19
36 1 4.4223e+19
37 1 4.41863e+19
38 1 4.4177e+19
39 1 4.41878e+19
40 1 4.41718e+19
41 1 4.41662e+19
42 1 4.42052e+19
43 1 4.42148e+19
44 1 4.42156e+19
45 1 4.41875e+19
46 1 4.41999e+19
47 1 4.42109e+19
48 1 4.42024e+19
49 1 4.42199e+19
50 1 4.41911e+19
51 1 4.41695e+19
52 1 4.41882e+19
53 1 4.418e+19
54 1 4.41878e+19
55 1 4.41939e+19
56 1 4.4168e+19
57 1 4.418e+19
58 1 4.41797e+19
59 1 4.41846e+19
60 1 4.41971e+19
61 1 4.419e+19
62 1 4.41759e+19
0 2 4.55011e+19
1 2 4.5497e+19
2 2 4.55186e+19
3 2 4.55281e+19
4 2 4.54998e+19
5 2 4.55162e+19
6 2 4.55184e+19
7 2 4.55161e+19
8 2 4.55234e+19
9 2 4.55246e+19
10 2 4.55269e+19
11 2 4.5501e+19
12 2 4.54933e+19
13 2 4.55072e+19
14 2 4.55329e+19
15 2 4.55351e+19
16 2 4.55124e+19
17 2 4.55385e+19
18 2 4.55366e+19
19 2 4.55136e+19
20 2 4.55119e+19
21 2 4.55278e+19
22 2 4.5519e+19
23 2 4.55263e+19
24 2 4.55414e+19
25 2 4.55211e+19
26 2 4.54788e+19
27 2 4.5505e+19
28 2 4.55486e+19
29 2 4.5543e+19
30 2 4.55366e+19
31 2 4.55166e+19
32 2 4.5517e+19
33 2 4.55249e+19
34 2 4.55301e+19
35 2 4.55669e+19
36 2 4.55373e+19
37 2 4.55053e+19
38 2 4.55263e+19
39 2 4.5499e+19
40 2 4.54706e+19
41 2 4.55187e+19
42 2 4.5561e+19
43 2 4.55161e+19
44 2 4.55239e+19
45 2 4.54978e+19
46 2 4.5479e+19
47 2 4.5515e+19
48 2 4.55042e+19
49 2 4.5512e+19
50 2 4.55001e+19
51 2 4.55042e+19
52 2 4.55326e+19
53 2 4.55229e+19
54 2 4.55217e+19
55 2 4.55201e+19
56 2 4.55148e+19
57 2 4.54924e+19
58 2 4.55108e+19
59 2 4.55281e+19
60 2 4.55144e+19
61 2 4.55411e+19
62 2 4.55256e+19
0 3 4.68919e+19
1 3 4.69162e+19
2 3 4.69313e+19
3 3 4.6892e+19
4 3 4.6863e+19
5 3 4.68683e+19
6 3 4.69034e+19
7 3 4.68816e+19
8 3 4.68655e+19
9 3 4.69133e+19
10 3 4.6905e+19
11 3 4.68855e+19
12 3 4.69071e+19
13 3 4.68888e+19
14 3 4.68918e+19
15 3 4.69178e+19
16 3 4.69067e+19
17 3 4.68719e+19
18 3 4.69129e+19
19 3 4.693e+19
20 3 4.68652e+19
21 3 4.68662e+19
22 3 4.68999e+19
23 3 4.69102e+19
24 3 4.68974e+19
25 3 4.68744e+19
26 3 4.68528e+19
27 3 4.68566e+19
28 3 4.6828e+19
29 3 4.68521e+19
30 3 4.68703e+19
31 3 4.68567e+19
32 3 4.68834e+19
33 3 4.68755e+19
34 3 4.68706e+19
35 3 4.68638e+19
36 3 4.68919e+19
37 3 4.68863e+19
38 3 4.68475e+19
39 3 4.68683e+19
40 3 4.69233e+19
41 3 4.69075e+19
42 3 4.68865e+19
43 3 4.6882e+19
44 3 4.68519e+19
45 3 4.68685e+19
46 3 4.68731e+19
47 3 4.68697e+19
48 3 4.68605e+19
49 3 4.68667e+19
50 3 4.69001e+19
51 3 4.68921e+19
52 3 4.68993e+19
53 3 4.69054e+19
54 3 4.68591e+19
55 3 4.68671e+19
56 3 4.69003e+19
57 3 4.69153e+19
58 3 4.68994e+19
59 3 4.68757e+19
60 3 4.68907e+19
61 3 4.68828e+19
62 3 4.68987e+19
0 4 4.83166e+19
1 4 4.83022e+19
2 4 4.82942e+19
3 4 4.82816e+19
4 4 4.82817e+19
5 4 4.82911e+19
6 4 4.83021e+19
7 4 4.83063e+19
8 4 4.83106e+19
9 4 4.83235e+19
10 4 4.82712e+19
11 4 4.82672e+19
12 4 4.82942e+19
13 4 4.82729e+19
14 4 4.82829e+19
15 4 4.8304e+19
16 4 4.82898e+19
17 4 4.82457e+19
18 4 4.8281e+19
19 4 4.82973e+19
20 4 4.82914e+19
21 4 4.83e+19
22 4 4.83193e+19
23 4 4.83189e+19
24 4 4.827e+19
25 4 4.82868e+19
26 4 4.83185e+19
27 4 4.83023e+19
28 4 4.82481e+19
29 4 4.82417e+19
30 4 4.82952e+19
31 4 4.83076e+19
32 4 4.8303e+19
33 4 4.83037e+19
34 4 4.82964e+19
35 4 4.83132e+19
36 4 4.83297e+19
37 4 4.83218e+19
38 4 4.82854e+19
39 4 4.82696e+19
40 4 4.83304e+19
41 4 4.82891e+19
42 4 4.82522e+19
43 4 4.8333e+19
44 4 4.8315e+19
45 4 4.82863e+19
46 4 4.83114e+19
47 4 4.83195e+19
48 4 4.83024e+19
49 4 4.82814e+19
50 4 4.83049e+19
51 4 4.83246e+19
52 4 4.82976e+19
53 4 4.82741e+19
54 4 4.82577e+19
55 4 4.83077e+19
56 4 4.83172e+19
57 4 4.82818e+19
58 4 4.82386e+19
59 4 4.82437e+19
60 4 4.82985e+19
61 4 4.8252e+19
62 4 4.8263e+19
0 5 4.97409e+19
1 5 4.97592e+19
2 5 4.97284e+19
3 5 4.9729e+19
4 5 4.97643e+19
5 5 4.97627e+19
6 5 4.97158e+19
7 5 4.97302e+19
8 5 4.97444e+19
9 5 4.97272e+19
10 5 4.97344e+19
11 5 4.97453e+19
12 5 4.97431e+19
13 5 4.97303e+19
14 5 4.97421e+19
15 5 4.97305e+19
16 5 4.97388e+19
17 5 4.97716e+19
18 5 4.97671e+19
19 5 4.97236e+19
20 5 4.97139e+19
21 5 4.97467e+19
22 5 4.97473e+19
23 5 4.97555e+19
24 5 4.97586e+19
25 5 4.9749e+19
26 5 4.97355e+19
27 5 4.97209e+19
28 5 4.97368e+19
29 5 4.97391e+19
30 5 4.97402e+19
31 5 4.9749e+19
32 5 4.9736e+19
33 5 4.97597e+19
34 5 4.97865e+19
35 5 4.97789e+19
36 5 4.97586e+19
37 5 4.97385e+19
38 5 4.97753e+19
39 5 4.97598e+19
40 5 4.97048e+19
41 5 4.97271e+19
42 5 4.9723e+19
43 5 4.97491e+19
44 5 4.97756e+19
45 5 4.97716e+19
46 5 4.97496e+19
47 5 4.97178e+19
48 5 4.97421e+19
49 5 4.97581e+19
50 5 4.97253e+19
51 5 4.97113e+19
52 5 4.9733e+19
53 5 4.97323e+19
54 5 4.97463e+19
55 5 4.97431e+19
56 5 4.97448e+19
57 5 4.97562e+19
58 5 4.97455e+19
59 5 4.97291e+19
60 5 4.97199e+19
61 5 4.97623e+19
62 5 4.97429e+19
0 6 5.12297e+19
1 6 5.11692e+19
2 6 5.11904e+19
3 6 5.12249e+19
4 6 5.1235e+19
5 6 5.12386e+19
6 6 5.12118e+19
7 6 5.12006e+19
8 6 5.12126e+19
9 6 5.12214e+19
10 6 5.12419e+19
11 6 5.12518e+19
12 6 5.12596e+19
13 6 5.12638e+19
14 6 5.12321e+19
15 6 5.12085e+19
16 6 5.12305e+19
17 6 5.12339e+19
18 6 5.12005e+19
19 6 5.12119e+19
20 6 5.12316e+19
21 6 5.12242e+19
22 6 5.12396e+19
23 6 5.12446e+19
24 6 5.12304e+19
25 6 5.12141e+19
26 6 5.12296e+19
27 6 5.12347e+19
28 6 5.12415e+19
29 6 5.12614e+19
30 6 5.1229e+19
31 6 5.12395e+19
32 6 5.12328e+19
33 6 5.12111e+19
34 6 5.12171e+19
35 6 5.12104e+19
36 6 5.12348e+19
37 6 5.12384e+19
38 6 5.12327e+19
39 6 5.1264e+19
40 6 5.12464e+19
41 6 5.12222e+19
42 6 5.12424e+19
43 6 5.12277e+19
44 6 5.12201e+19
45 6 5.12201e+19
46 6 5.11903e+19
47 6 5.11972e+19
48 6 5.12366e+19
49 6 5.12499e+19
50 6 5.12081e+19
51 6 5.1191e+19
52 6 5.1206e+19
53 6 5.12302e+19
54 6 5.12612e+19
55 6 5.12256e+19
56 6 5.12245e+19
57 6 5.12381e+19
58 6 5.12408e+19
59 6 5.12482e+19
60 6 5.12526e+19
61 6 5.12632e+19
62 6 5.12298e+19
0 7 5.27811e+19
1 7 5.27124e+19
2 7 5.27161e+19
3 7 5.2739e+19
4 7 5.27545e+19
5 7 5.27334e+19
6 7 5.27413e+19
7 7 5.27651e+19
8 7 5.27399e+19
9 7 5.274e+19
10 7 5.2758e+19
11 7 5.27653e+19
12 7 5.27689e+19
13 7 5.277e+19
14 7 5.27287e+19
15 7 5.27142e+19
16 7 5.27801e+19
17 7 5.27574e+19
18 7 5.27292e+19
19 7 5.27501e+19
20 7 5.27409e+19
21 7 5.27325e+19
22 7 5.27455e+19
23 7 5.27347e+19
24 7 5.27483e+19
25 7 5.27585e+19
26 7 5.27672e+19
27 7 5.27726e+19
28 7 5.27741e+19
29 7 5.27814e+19
30 7 5.27722e+19
31 7 5.27876e+19
32 7 5.27483e+19
33 7 5.27215e+19
34 7 5.27095e+19
35 7 5.27233e+19
36 7 5.27317e+19
37 7 5.2755e+19
38 7 5.27857e+19
39 7 5.27803e+19
40 7 5.27951e+19
41 7 5.28001e+19
42 7 5.27799e+19
43 7 5.27354e+19
44 7 5.27497e+19
45 7 5.2743e+19
46 7 5.2727e+19
47 7 5.27483e+19
48 7 5.27593e+19
49 7 5.27622e+19
50 7 5.27624e+19
51 7 5.27904e+19
52 7 5.27599e+19
53 7 5.27557e+19
54 7 5.2792e+19
55 7 5.27732e+19
56 7 5.2736e+19
57 7 5.27253e+19
58 7 5.27534e+19
59 7 5.27672e+19
60 7 5.27771e+19
61 7 5.27523e+19
62 7 5.27568e+19
0 8 5.43506e+19
1 8 5.43495e+19
2 8 5.43429e+19
3 8 5.43259e+19
4 8 5.43241e+19
5 8 5.43085e+19
6 8 5.43331e+19
7 8 5.4354e+19
8 8 5.43231e+19
9 8 5.4298e+19
10 8 5.43148e+19
11 8 5.43283e+19
12 8 5.43288e+19
13 8 5.43317e+19
14 8 5.43287e+19
15 8 5.43282e+19
16 8 5.43269e+19
17 8 5.43546e+19
18 8 5.43569e+19
19 8 5.43505e+19
20 8 5.43115e+19
21 8 5.43067e+19
22 8 5.43374e+19
23 8 5.43423e+19
24 8 5.436e+19
25 8 5.4325e+19
26 8 5.43111e+19
27 8 5.43352e+19
28 8 5.43462e+19
29 8 5.43331e+19
30 8 5.43079e+19
31 8 5.42903e+19
32 8 5.43109e+19
33 8 5.43361e+19
34 8 5.43385e+19
35 8 5.43052e+19
36 8 5.42826e+19
37 8 5.43115e+19
38 8 5.43408e+19
39 8 5.43106e+19
40 8 5.42927e+19
41 8 5.43473e+19
42 8 5.43311e+19
43 8 5.43129e+19
44 8 5.43051e+19
45 8 5.43019e+19
46 8 5.43462e+19
47 8 5.43451e+19
48 8 5.43288e+19
49 8 5.43052e+19
50 8 5.4321e+19
51 8 5.43464e+19
52 8 5.43557e+19
53 8 5.43662e+19
54 8 5.43236e+19
55 8 5.42952e+19
56 8 5.43135e+19
57 8 5.43331e+19
58 8 5.43427e+19
59 8 5.43578e+19
60 8 5.43368e+19
61 8 5.43372e+19
62 8 5.43371e+19
0 9 5.59347e+19
1 9 5.59693e+19
2 9 5.59633e+19
3 9 5.59466e+19
4 9 5.59291e+19
5 9 5.59393e+19
6 9 5.59493e+19
7 9 5.59197e+19
8 9 5.59481e+19
9 9 5.59575e+19
10 9 5.59303e+19
11 9 5.59488e+19
12 9 5.59211e+19
13 9 5.59211e+19
14 9 5.5954e+19
15 9 5.59592e+19
16 9 5.59273e+19
17 9 5.59378e+19
18 9 5.59386e+19
19 9 5.59144e+19
20 9 5.59705e+19
21 9 5.59575e+19
22 9 5.59298e+19
23 9 5.59214e+19
24 9 5.59358e+19
25 9 5.59584e+19
26 9 5.59342e+19
27 9 5.59698e+19
28 9 5.5964e+19
29 9 5.59152e+19
30 9 5.59294e+19
31 9 5.59529e+19
32 9 5.5981e+19
33 9 5.59771e+19
34 9 5.59727e+19
35 9 5.59307e+19
36 9 5.59372e+19
37 9 5.59503e+19
38 9 5.59272e+19
39 9 5.59418e+19
40 9 5.59413e+19
41 9 5.59238e+19
42 9 5.5929e+19
43 9 5.59636e+19
44 9 5.59541e+19
45 9 5.59642e+19
46 9 5.59602e+19
47 9 5.59483e+19
48 9 5.59368e+19
49 9 5.59142e+19
50 9 5.59451e+19
51 9 5.59244e+19
52 9 5.59357e+19
53 9 5.59826e+19
54 9 5.59313e+19
55 9 5.5916e+19
56 9 5.59481e+19
57 9 5.59562e+19
58 9 5.59055e+19
59 9 5.58901e+19
60 9 5.5915e+19
61 9 5.59032e+19
62 9 5.59071e+19
0 10 5.75694e+19
1 10 5.76487e+19
2 10 5.76244e+19
3 10 5.75932e+19
4 10 5.76128e+19
5 10 5.76004e+19
6 10 5.75738e+19
7 10 5.75995e+19
8 10 5.76156e+19
9 10 5.76001e+19
10 10 5.76188e+19
11 10 5.76191e+19
12 10 5.75487e+19
13 10 5.75455e+19
14 10 5.76009e+19
15 10 5.75714e+19
16 10 5.75636e+19
17 10 5.76077e+19
18 10 5.76017e+19
19 10 5.75598e+19
20 10 5.76043e+19
21 10 5.7609e+19
22 10 5.75124e+19
23 10 5.75393e+19
24 10 5.75869e+19
25 10 5.76039e+19
26 10 5.75945e+19
27 10 5.7583e+19
28 10 5.76004e+19
29 10 5.75971e+19
30 10 5.76021e+19
31 10 5.7624e+19
32 10 5.76412e+19
33 10 5.76221e+19
34 10 5.76198e+19
35 10 5.75971e+19
36 10 5.75797e+19
37 10 5.7589e+19
38 10 5.76017e+19
39 10 5.76289e+19
40 10 5.75931e+19
41 10 5.75744e+19
42 10 5.75999e+19
43 10 5.7606e+19
44 10 5.76494e+19
45 10 5.76621e+19
46 10 5.75891e+19
47 10 5.75692e+19
48 10 5.75698e+19
49 10 5.75736e+19
50 10 5.75917e+19
51 10 5.75867e+19
52 10 5.76177e+19
53 10 5.75953e+19
54 10 5.7568e+19
55 10 5.76368e+19
56 10 5.76508e+19
57 10 5.76138e+19
58 10 5.75789e+19
59 10 5.75736e+19
60 10 5.75916e+19
61 10 5.75625e+19
62 10 5.75696e+19
0 11 5.93225e+19
1 11 5.92787e+19
2 11 5.92781e+19
3 11 5.93053e+19
4 11 5.93078e+19
5 11 5.93036e+19
6 11 5.92831e+19
7 11 5.93111e+19
8 11 5.9346e+19
9 11 5.93297e+19
10 11 5.92864e+19
11 11 5.92774e+19
12 11 5.93155e+19
13 11 5.93094e+19
14 11 5.93161e+19
15 11 5.9323e+19
16 11 5.92959e+19
17 11 5.92859e+19
18 11 5.93184e+19
19 11 5.93262e+19
20 11 5.92856e+19
21 11 5.92869e+19
22 11 5.93095e+19
23 11 5.93193e+19
24 11 5.92854e+19
25 11 5.92834e+19
26 11 5.93007e+19
27 11 5.92578e+19
28 11 5.92923e+19
29 11 5.93292e+19
30 11 5.93152e+19
31 11 5.92812e+19
32 11 5.92876e+19
33 11 5.93045e+19
34 11 5.93e+19
35 11 5.9305e+19
36 11 5.9267e+19
37 11 5.92675e+19
38 11 5.9304e+19
39 11 5.92643e+19
40 11 5.92607e+19
41 11 5.93204e+19
42 11 5.92971e+19
43 11 5.92906e+19
44 11 5.92925e+19
45 11 5.92692e+19
46 11 5.93084e+19
47 11 5.93272e+19
48 11 5.93008e+19
49 11 5.92906e+19
50 11 5.92977e+19
51 11 5.93208e+19
52 11 5.92935e+19
53 11 5.9252e+19
54 11 5.92941e+19
55 11 5.9334e+19
56 11 5.93418e+19
57 11 5.93213e+19
58 11 5.93056e+19
59 11 5.93193e+19
60 11 5.92917e+19
61 11 5.93014e+19
62 11 5.93382e+19
0 12 6.1037e+19
1 12 6.09756e+19
2 12 6.10054e+19
3 12 6.10651e+19
4 12 6.10154e+19
5 12 6.10166e+19
6 12 6.10748e+19
7 12 6.10513e+19
8 12 6.10461e+19
9 12 6.1047e+19
10 12 6.10423e+19
11 12 6.10366e+19
12 12 6.10493e+19
13 12 6.10751e+19
14 12 6.10496e+19
15 12 6.10661e+19
16 12 6.10595e+19
17 12 6.10007e+19
18 12 6.10278e+19
19 12 6.10675e+19
20 12 6.10451e+19
21 12 6.10349e+19
22 12 6.11109e+19
23 12 6.10844e+19
24 12 6.10562e+19
25 12 6.10926e+19
26 12 6.10627e+19
27 12 6.10268e+19
28 12 6.10329e+19
29 12 6.10379e+19
30 12 6.1037e+19
31 12 6.10485e+19
32 12 6.10166e+19
33 12 6.10048e+19
34 12 6.10327e+19
35 12 6.10626e+19
36 12 6.10614e+19
37 12 6.10709e+19
38 12 6.10408e+19
39 12 6.10306e+19
40 12 6.10527e+19
41 12 6.10473e+19
42 12 6.10436e+19
43 12 6.1034e+19
44 12 6.10321e+19
45 12 6.10122e+19
46 12 6.10517e+19
47 12 6.10624e+19
48 12 6.10322e+19
49 12 6.10563e+19
50 12 6.10969e+19
51 12 6.10724e+19
52 12 6.10156e+19
53 12 6.10289e+19
54 12 6.10591e+19
55 12 6.1014e+19
56 12 6.09969e+19
57 12 6.10243e+19
58 12 6.1058e+19
59 12 6.10393e+19
60 12 6.10301e+19
61 12 6.10689e+19
62 12 6.10215e+19
0 13 6.28252e+19
1 13 6.28773e+19
2 13 6.28735e+19
3 13 6.28548e+19
4 13 6.28469e+19
5 13 6.28373e+19
6 13 6.28779e+19
7 13 6.28429e+19
8 13 6.27872e+19
9 13 6.28144e+19
10 13 6.28469e+19
11 13 6.28137e+19
12 13 6.28158e+19
13 13 6.28444e+19
14 13 6.28462e+19
15 13 6.28698e+19
16 13 6.28425e+19
17 13 6.28447e+19
18 13 6.28592e+19
19 13 6.28424e+19
20 13 6.28537e+19
21 13 6.28741e+19
22 13 6.28479e+19
23 13 6.28395e+19
24 13 6.28408e+19
25 13 6.28291e+19
26 13 6.28431e+19
27 13 6.28818e+19
28 13 6.28632e+19
29 13 6.28123e+19
30 13 6.28022e+19
31 13 6.2818e+19
32 13 6.28424e+19
33 13 6.28563e+19
34 13 6.28396e+19
35 13 6.28337e+19
36 13 6.28491e+19
37 13 6.28833e+19
38 13 6.28305e+19
39 13 6.28133e+19
40 13 6.28307e+19
41 13 6.28199e+19
42 13 6.28431e+19
43 13 6.28169e+19
44 13 6.28364e+19
45 13 6.2842e+19
46 13 6.2828e+19
47 13 6.28268e+19
48 13 6.28624e+19
49 13 6.28798e+19
50 13 6.28386e+19
51 13 6.28502e+19
52 13 6.28948e+19
53 13 6.28663e+19
54 13 6.2836e+19
55 13 6.28467e+19
56 13 6.28581e+19
57 13 6.28539e+19
58 13 6.28424e+19
59 13 6.28556e+19
60 13 6.28925e+19
61 13 6.28686e+19
62 13 6.281e+19
0 14 6.47034e+19
1 14 6.46798e+19
2 14 6.46759e+19
3 14 6.46772e+19
4 14 6.46692e+19
5 14 6.47013e+19
6 14 6.46895e+19
7 14 6.46582e+19
8 14 6.46733e+19
9 14 6.46928e+19
10 14 6.4644e+19
11 14 6.4672e+19
12 14 6.47127e+19
13 14 6.46619e+19
14 14 6.46488e+19
15 14 6.46758e+19
16 14 6.46872e+19
17 14 6.47018e+19
18 14 6.46797e+19
19 14 6.46476e+19
20 14 6.46996e+19
21 14 6.47265e+19
22 14 6.46869e+19
23 14 6.4686e+19
24 14 6.46608e+19
25 14 6.46145e+19
26 14 6.46648e+19
27 14 6.4718e+19
28 14 6.46997e+19
29 14 6.47213e+19
30 14 6.47553e+19
31 14 6.46911e+19
32 14 6.46826e+19
33 14 6.4713e+19
34 14 6.46883e+19
35 14 6.46947e+19
36 14 6.4731e+19
37 14 6.47249e+19
38 14 6.46759e+19
39 14 6.46793e+19
40 14 6.47e+19
41 14 6.46845e+19
42 14 6.4698e+19
43 14 6.47018e+19
44 14 6.46789e+19
45 14 6.47084e+19
46 14 6.46886e+19
47 14 6.46733e+19
48 14 6.47278e+19
49 14 6.46878e+19
50 14 6.46464e+19
51 14 6.46833e+19
52 14 6.47064e+19
53 14 6.47116e+19
54 14 6.46983e+19
55 14 6.46883e+19
56 14 6.47238e+19
57 14 6.47193e+19
58 14 6.46826e+19
59 14 6.47034e+19
60 14 6.46991e+19
61 14 6.46393e+19
62 14 6.47154e+19
0 15 6.65612e+19
1 15 6.65529e+19
2 15 6.65556e+19
3 15 6.65679e+19
4 15 6.6537e+19
5 15 6.65552e+19
6 15 6.65621e+19
7 15 6.6597e+19
8 15 6.66338e+19
9 15 6.65848e+19
10 15 6.65527e+19
11 15 6.65713e+19
12 15 6.65833e+19
13 15 6.65667e+19
14 15 6.65434e+19
15 15 6.65332e+19
16 15 6.6551e+19
17 15 6.65529e+19
18 15 6.6565e+19
19 15 6.65803e+19
20 15 6.65776e+19
21 15 6.65886e+19
22 15 6.6583e+19
23 15 6.65726e+19
24 15 6.65991e+19
25 15 6.65961e+19
26 15 6.65713e+19
27 15 6.65843e+19
28 15 6.65809e+19
29 15 6.65896e+19
30 15 6.65937e+19
31 15 6.65848e+19
32 15 6.6583e+19
33 15 6.65547e+19
34 15 6.6558e+19
35 15 6.65998e+19
36 15 6.66241e+19
37 15 6.65962e+19
38 15 6.65919e+19
39 15 6.66163e+19
40 15 6.66034e+19
41 15 6.65626e+19
42 15 6.65771e+19
43 15 6.65601e+19
44 15 6.65591e+19
45 15 6.65811e+19
46 15 6.65455e+19
47 15 6.65597e+19
48 15 6.65698e+19
49 15 6.65926e+19
50 15 6.65956e+19
51 15 6.65634e+19
52 15 6.65819e+19
53 15 6.65877e+19
54 15 6.65743e+19
55 15 6.65787e+19
56 15 6.65424e+19
57 15 6.65467e+19
58 15 6.66131e+19
59 15 6.66411e+19
60 15 6.66043e+19
61 15 6.65716e+19
62 15 6.65856e+19
0 16 6.85351e+19
1 16 6.856e+19
2 16 6.85631e+19
3 16 6.85099e+19
4 16 6.8523e+19
5 16 6.85039e+19
6 16 6.8511e+19
7 16 6.85556e+19
8 16 6.85523e+19
9 16 6.85246e+19
10 16 6.85309e+19
11 16 6.85079e+19
12 16 6.85273e+19
13 16 6.85656e+19
14 16 6.85488e+19
15 16 6.85525e+19
16 16 6.8503e+19
17 16 6.84814e+19
18 16 6.85117e+19
19 16 6.85257e+19
20 16 6.85146e+19
21 16 6.85122e+19
22 16 6.85237e+19
23 16 6.85142e+19
24 16 6.84966e+19
25 16 6.85303e+19
26 16 6.85508e+19
27 16 6.85143e+19
28 16 6.84705e+19
29 16 6.84621e+19
30 16 6.85021e+19
31 16 6.85427e+19
32 16 6.85415e+19
33 16 6.85303e+19
34 16 6.85484e+19
35 16 6.85536e+19
36 16 6.85148e+19
37 16 6.85126e+19
38 16 6.85682e+19
39 16 6.85344e+19
40 16 6.85167e+19
41 16 6.8536e+19
42 16 6.85281e+19
43 16 6.85037e+19
44 16 6.84735e+19
45 16 6.84785e+19
46 16 6.85313e+19
47 16 6.85873e+19
48 16 6.85294e+19
49 16 6.84903e+19
50 16 6.84933e+19
51 16 6.84786e+19
52 16 6.8475e+19
53 16 6.84897e+19
54 16 6.85057e+19
55 16 6.85389e+19
56 16 6.85406e+19
57 16 6.85048e+19
58 16 6.84813e+19
59 16 6.85058e+19
60 16 6.85316e+19
61 16 6.85507e+19
62 16 6.856e+19
0 17 7.05738e+19
1 17 7.05193e+19
2 17 7.05147e+19
3 17 7.05161e+19
4 17 7.05104e+19
5 17 7.05172e+19
6 17 7.05413e+19
7 17 7.05261e+19
8 17 7.05272e+19
9 17 7.0525e+19
10 17 7.05664e+19
11 17 7.05908e+19
12 17 7.05339e+19
13 17 7.05001e+19
14 17 7.05344e+19
15 17 7.05458e+19
16 17 7.05732e+19
17 17 7.05617e+19
18 17 7.04908e+19
19 17 7.04973e+19
20 17 7.05338e+19
21 17 7.05075e+19
22 17 7.04786e+19
23 17 7.05235e+19
24 17 7.05199e+19
25 17 7.05101e+19
26 17 7.05417e+19
27 17 7.05056e+19
28 17 7.0527e+19
29 17 7.05405e+19
30 17 7.05369e+19
31 17 7.05615e+19
32 17 7.05241e+19
33 17 7.05136e+19
34 17 7.05278e+19
35 17 7.05167e+19
36 17 7.0522e+19
37 17 7.05193e+19
38 17 7.05058e+19
39 17 7.05366e+19
40 17 7.05568e+19
41 17 7.05642e+19
42 17 7.05293e+19
43 17 7.05442e+19
44 17 7.05558e+19
45 17 7.05733e+19
46 17 7.05737e+19
47 17 7.056e+19
48 17 7.05745e+19
49 17 7.05432e+19
50 17 7.05464e+19
51 17 7.05664e+19
52 17 7.0548e+19
53 17 7.05592e+19
54 17 7.05436e+19
55 17 7.05066e+19
56 17 7.05471e+19
57 17 7.05459e+19
58 17 7.05223e+19
59 17 7.05231e+19
60 17 7.05201e+19
61 17 7.05219e+19
62 17 7.0545e+19
0 18 7.25777e+19
1 18 7.25683e+19
2 18 7.25769e+19
3 18 7.26188e+19
4 18 7.25896e+19
5 18 7.26161e+19
6 18 7.26336e+19
7 18 7.25543e+19
8 18 7.25467e+19
9 18 7.26245e+19
10 18 7.26054e+19
11 18 7.25791e+19
12 18 7.25805e+19
13 18 7.25534e+19
14 18 7.25744e+19
15 18 7.25976e+19
16 18 7.26542e+19
17 18 7.26481e+19
18 18 7.25749e+19
19 18 7.25769e+19
20 18 7.25796e+19
21 18 7.25544e+19
22 18 7.25867e+19
23 18 7.26159e+19
24 18 7.26231e+19
25 18 7.26052e+19
26 18 7.25579e+19
27 18 7.25726e+19
28 18 7.26124e+19
29 18 7.25947e+19
30 18 7.25453e+19
31 18 7.25522e+19
32 18 7.25904e+19
33 18 7.26187e+19
34 18 7.2576e+19
35 18 7.2557e+19
36 18 7.25731e+19
37 18 7.25883e+19
38 18 7.26024e+19
39 18 7.26068e+19
40 18 7.25678e+19
41 18 7.25541e+19
42 18 7.25851e+19
43 18 7.25816e+19
44 18 7.26101e+19
45 18 7.26134e+19
46 18 7.25936e+19
47 18 7.25712e+19
48 18 7.25885e+19
49 18 7.26346e+19
50 18 7.26246e+19
51 18 7.26493e+19
52 18 7.26461e+19
53 18 7.25704e+19
54 18 7.25742e+19
55 18 7.25638e+19
56 18 7.25227e+19
57 18 7.25614e+19
58 18 7.26233e+19
59 18 7.26103e+19
60 18 7.25592e+19
61 18 7.25669e+19
62 18 7.25467e+19
0 19 7.46027e+19
1 19 7.46624e+19
2 19 7.47456e+19
3 19 7.47343e+19
4 19 7.47229e+19
5 19 7.46907e+19
6 19 7.46664e+19
7 19 7.4686e+19
8 19 7.46536e+19
9 19 7.47087e+19
10 19 7.47047e+19
11 19 7.46122e+19
12 19 7.46388e+19
13 19 7.46952e+19
14 19 7.46842e+19
15 19 7.46733e+19
16 19 7.46804e+19
17 19 7.46893e+19
18 19 7.46924e+19
19 19 7.47232e+19
20 19 7.47266e+19
21 19 7.47186e+19
22 19 7.47574e+19
23 19 7.47024e+19
24 19 7.46808e+19
25 19 7.46944e+19
26 19 7.46739e+19
27 19 7.4735e+19
28 19 7.47263e+19
29 19 7.4707e+19
30 19 7.4731e+19
31 19 7.47015e+19
32 19 7.46833e+19
33 19 7.46999e+19
34 19 7.47215e+19
35 19 7.46983e+19
36 19 7.46616e+19
37 19 7.46943e+19
38 19 7.46904e+19
39 19 7.4653e+19
40 19 7.46746e+19
41 19 7.46942e+19
42 19 7.4714e+19
43 19 7.46682e+19
44 19 7.46772e+19
45 19 7.46635e+19
46 19 7.46694e+19
47 19 7.46985e+19
48 19 7.46205e+19
49 19 7.46251e+19
50 19 7.46765e+19
51 19 7.46672e+19
52 19 7.46507e+19
53 19 7.46578e+19
54 19 7.46684e+19
55 19 7.46688e+19
56 19 7.46549e+19
57 19 7.46849e+19
58 19 7.47106e+19
59 19 7.46837e+19
60 19 7.46573e+19
61 19 7.46748e+19
62 19 7.47217e+19
0 20 7.68028e+19
1 20 7.68565e+19
2 20 7.68581e+19
3 20 7.68293e+19
4 20 7.68401e+19
5 20 7.68365e+19
6 20 7.68421e+19
7 20 7.68844e+19
8 20 7.68981e+19
9 20 7.6822e+19
10 20 7.68533e+19
11 20 7.68491e+19
12 20 7.67866e+19
13 20 7.68345e+19
14 20 7.68143e+19
15 20 7.68158e+19
16 20 7.6846e+19
17 20 7.68328e+19
18 20 7.68553e+19
19 20 7.67992e+19
20 20 7.68325e+19
21 20 7.6901e+19
22 20 7.68502e+19
23 20 7.68218e+19
24 20 7.68212e+19
25 20 7.68177e+19
26 20 7.68681e+19
27 20 7.68992e+19
28 20 7.68677e+19
29 20 7.69202e+19
30 20 7.69177e+19
31 20 7.68596e+19
32 20 7.68518e+19
33 20 7.6818e+19
34 20 7.68416e+19
35 20 7.68522e+19
36 20 7.68429e+19
37 20 7.68119e+19
38 20 7.67888e+19
39 20 7.68327e+19
40 20 7.68982e+19
41 20 7.68949e+19
42 20 7.68529e+19
43 20 7.68525e+19
44 20 7.68672e+19
45 20 7.68572e+19
46 20 7.68193e+19
47 20 7.68273e+19
48 20 7.68206e+19
49 20 7.68589e+19
50 20 7.68755e+19
51 20 7.68306e+19
52 20 7.68515e+19
53 20 7.68728e+19
54 20 7.68921e+19
55 20 7.69029e+19
56 20 7.68292e+19
57 20 7.68183e+19
58 20 7.68358e+19
59 20 7.6787e+19
60 20 7.68359e+19
61 20 7.68798e+19
62 20 7.68794e+19
0 21 7.91077e+19
1 21 7.91334e+19
2 21 7.90234e+19
3 21 7.9017e+19
4 21 7.9076e+19
5 21 7.91346e+19
6 21 7.91174e+19
7 21 7.90811e+19
8 21 7.90941e+19
9 21 7.90281e+19
10 21 7.9075e+19
11 21 7.91953e+19
12 21 7.91476e+19
13 21 7.90821e+19
14 21 7.90924e+19
15 21 7.90808e+19
16 21 7.90742e+19
17 21 7.90707e+19
18 21 7.90489e+19
19 21 7.90392e+19
20 21 7.90345e+19
21 21 7.90467e+19
22 21 7.90749e+19
23 21 7.90937e+19
24 21 7.91011e+19
25 21 7.9122e+19
26 21 7.91258e+19
27 21 7.90667e+19
28 21 7.90323e+19
29 21 7.90732e+19
30 21 7.90486e+19
31 21 7.90247e+19
32 21 7.90643e+19
33 21 7.90931e+19
34 21 7.91024e+19
35 21 7.90975e+19
36 21 7.91099e+19
37 21 7.90826e+19
38 21 7.91357e+19
39 21 7.9147e+19
40 21 7.9067e+19
41 21 7.90682e+19
42 21 7.90619e+19
43 21 7.91152e+19
44 21 7.91172e+19
45 21 7.90658e+19
46 21 7.90211e+19
47 21 7.90422e+19
48 21 7.91063e+19
49 21 7.90776e+19
50 21 7.90473e+19
51 21 7.90874e+19
52 21 7.90834e+19
53 21 7.90746e+19
54 21 7.9092e+19
55 21 7.91074e+19
56 21 7.91365e+19
57 21 7.90717e+19
58 21 7.89872e+19
59 21 7.90284e+19
60 21 7.90864e+19
61 21 7.9102e+19
62 21 7.90051e+19
0 22 8.1415e+19
1 22 8.13669e+19
2 22 8.13886e+19
3 22 8.14082e+19
4 22 8.13563e+19
5 22 8.13135e+19
6 22 8.13029e+19
7 22 8.13189e+19
8 22 8.13263e+19
9 22 8.14058e+19
10 22 8.13951e+19
11 22 8.13662e+19
12 22 8.13985e+19
13 22 8.13763e+19
14 22 8.13983e+19
15 22 8.13367e+19
16 22 8.13131e+19
17 22 8.13774e+19
18 22 8.13696e+19
19 22 8.14046e+19
20 22 8.13666e+19
21 22 8.13414e+19
22 22 8.14008e+19
23 22 8.14078e+19
24 22 8.14006e+19
25 22 8.13948e+19
26 22 8.13333e+19
27 22 8.13303e+19
28 22 8.14052e+19
29 22 8.13551e+19
30 22 8.13152e+19
31 22 8.13552e+19
32 22 8.13533e+19
33 22 8.13101e+19
34 22 8.13487e+19
35 22 8.13907e+19
36 22 8.13803e+19
37 22 8.14164e+19
38 22 8.13718e+19
39 22 8.13259e+19
40 22 8.13413e+19
41 22 8.13424e+19
42 22 8.13441e+19
43 22 8.13181e+19
44 22 8.1289e+19
45 22 8.13257e+19
46 22 8.13844e+19
47 22 8.13496e+19
48 22 8.13482e+19
49 22 8.13287e+19
50 22 8.13441e+19
51 22 8.1404e+19
52 22 8.13619e+19
53 22 8.13862e+19
54 22 8.13715e+19
55 22 8.13225e+19
56 22 8.13794e+19
57 22 8.13626e+19
58 22 8.13821e+19
59 22 8.14363e+19
60 22 8.13858e+19
61 22 8.13555e+19
62 22 8.13354e+19
0 23 8.37389e+19
1 23 8.36915e+19
2 23 8.37557e+19
3 23 8.37592e+19
4 23 8.36969e+19
5 23 8.36358e+19
6 23 8.36778e+19
7 23 8.37169e+19
8 23 8.36468e+19
9 23 8.37019e+19
10 23 8.36859e+19
11 23 8.35989e+19
12 23 8.36543e+19
13 23 8.37182e+19
14 23 8.36907e+19
15 23 8.36941e+19
16 23 8.37029e+19
17 23 8.37374e+19
18 23 8.37474e+19
19 23 8.36826e+19
20 23 8.37059e+19
21 23 8.37505e+19
22 23 8.36957e+19
23 23 8.36908e+19
24 23 8.36939e+19
25 23 8.3662e+19
26 23 8.36691e+19
27 23 8.36991e+19
28 23 8.37143e+19
29 23 8.36908e+19
30 23 8.36916e+19
31 23 8.37118e+19
32 23 8.36926e+19
33 23 8.36388e+19
34 23 8.36359e+19
35 23 8.36627e+19
36 23 8.36868e+19
37 23 8.37251e+19
38 23 8.36619e+19
39 23 8.36696e+19
40 23 8.36591e+19
41 23 8.36177e+19
42 23 8.37113e+19
43 23 8.36587e+19
44 23 8.3654e+19
45 23 8.37159e+19
46 23 8.37448e+19
47 23 8.37037e+19
48 23 8.36764e+19
49 23 8.37331e+19
50 23 8.37347e+19
51 23 8.36955e+19
52 23 8.37074e+19
53 23 8.36994e+19
54 23 8.37063e+19
55 23 8.37349e+19
56 23 8.36599e+19
57 23 8.36728e+19
58 23 8.3752e+19
59 23 8.36992e+19
60 23 8.36514e+19
61 23 8.36899e+19
62 23 8.37127e+19
0 24 8.61093e+19
1 24 8.61132e+19
2 24 8.6043e+19
3 24 8.605e+19
4 24 8.61184e+19
5 24 8.61175e+19
6 24 8.6096e+19
7 24 8.61163e+19
8 24 8.61177e+19
9 24 8.60753e+19
10 24 8.60925e+19
11 24 8.6153e+19
12 24 8.61399e+19
13 24 8.61161e+19
14 24 8.61202e+19
15 24 8.61648e+19
16 24 8.61368e+19
17 24 8.60689e+19
18 24 8.60768e+19
19 24 8.61045e+19
20 24 8.61263e+19
21 24 8.60897e+19
22 24 8.60644e+19
23 24 8.60708e+19
24 24 8.60994e+19
25 24 8.61078e+19
26 24 8.61558e+19
27 24 8.61309e+19
28 24 8.60245e+19
29 24 8.60805e+19
30 24 8.61314e+19
31 24 8.61209e+19
32 24 8.61046e+19
33 24 8.61505e+19
34 24 8.61494e+19
35 24 8.61196e+19
36 24 8.6094e+19
37 24 8.60905e+19
38 24 8.61445e+19
39 24 8.60996e+19
40 24 8.60788e+19
41 24 8.61158e+19
42 24 8.61228e+19
43 24 8.61518e+19
44 24 8.61921e+19
45 24 8.61483e+19
46 24 8.61215e+19
47 24 8.61244e+19
48 24 8.61096e+19
49 24 8.61395e+19
50 24 8.6112e+19
51 24 8.61046e+19
52 24 8.61287e+19
53 24 8.60757e+19
54 24 8.60833e+19
55 24 8.60675e+19
56 24 8.60524e+19
57 24 8.61168e+19
58 24 8.61378e+19
59 24 8.61395e+19
60 24 8.60895e+19
61 24 8.61078e+19
62 24 8.61063e+19
0 25 8.85951e+19
1 25 8.85808e+19
2 25 8.85576e+19
3 25 8.85073e+19
4 25 8.8557e+19
5 25 8.85943e+19
6 25 8.85554e+19
7 25 8.85659e+19
8 25 8.86074e+19
9 25 8.86001e+19
10 25 8.85913e+19
11 25 8.86036e+19
12 25 8.86413e+19
13 25 8.8584e+19
14 25 8.85634e+19
15 25 8.85967e+19
16 25 8.8575e+19
17 25 8.85326e+19
18 25 8.85376e+19
19 25 8.86016e+19
20 25 8.85665e+19
21 25 8.85027e+19
22 25 8.85066e+19
23 25 8.85437e+19
24 25 8.85999e+19
25 25 8.85735e+19
26 25 8.85368e+19
27 25 8.8573e+19
28 25 8.85664e+19
29 25 8.85635e+19
30 25 8.86234e+19
31 25 8.85718e+19
32 25 8.85502e+19
33 25 8.86376e+19
34 25 8.86109e+19
35 25 8.85839e+19
36 25 8.85631e+19
37 25 8.85422e+19
38 25 8.8612e+19
39 25 8.85673e+19
40 25 8.85811e+19
41 25 8.86475e+19
42 25 8.86093e+19
43 25 8.86575e+19
44 25 8.85853e+19
45 25 8.85371e+19
46 25 8.85893e+19
47 25 8.86231e+19
48 25 8.86391e+19
49 25 8.85656e+19
50 25 8.85594e+19
51 25 8.86075e+19
52 25 8.8575e+19
53 25 8.8559e+19
54 25 8.85747e+19
55 25 8.85576e+19
56 25 8.85576e+19
57 25 8.8566e+19
58 25 8.86033e+19
59 25 8.86133e+19
60 25 8.86294e+19
61 25 8.86271e+19
62 25 8.85969e+19
0 26 9.11024e+19
1 26 9.10837e+19
2 26 9.10752e+19
3 26 9.11285e+19
4 26 9.11208e+19
5 26 9.11428e+19
6 26 9.11384e+19
7 26 9.11049e+19
8 26 9.11577e+19
9 26 9.11058e+19
10 26 9.10363e+19
11 26 9.10615e+19
12 26 9.11341e+19
13 26 9.10987e+19
14 26 9.10654e+19
15 26 9.10953e+19
16 26 9.10668e+19
17 26 9.10884e+19
18 26 9.11229e+19
19 26 9.11094e+19
20 26 9.11394e+19
21 26 9.11547e+19
22 26 9.11157e+19
23 26 9.10941e+19
24 26 9.10503e+19
25 26 9.10777e+19
26 26 9.11064e+19
27 26 9.11104e+19
28 26 9.11658e+19
29 26 9.11305e+19
30 26 9.10878e+19
31 26 9.11012e+19
32 26 9.10993e+19
33 26 9.10677e+19
34 26 9.10856e+19
35 26 9.11251e+19
36 26 9.11279e+19
37 26 9.10521e+19
38 26 9.10322e+19
39 26 9.11011e+19
40 26 9.11341e+19
41 26 9.1123e+19
42 26 9.10902e+19
43 26 9.10655e+19
44 26 9.10333e+19
45 26 9.10587e+19
46 26 9.11134e+19
47 26 9.11336e+19
48 26 9.11513e+19
49 26 9.11121e+19
50 26 9.10661e+19
51 26 9.10581e+19
52 26 9.10927e+19
53 26 9.11487e+19
54 26 9.11408e+19
55 26 9.11685e+19
56 26 9.11656e+19
57 26 9.11135e+19
58 26 9.10835e+19
59 26 9.10508e+19
60 26 9.11134e+19
61 26 9.11105e+19
62 26 9.10861e+19
0 27 9.35904e+19
1 27 9.36505e+19
2 27 9.36653e+19
3 27 9.37487e+19
4 27 9.37282e+19
5 27 9.37288e+19
6 27 9.37719e+19
7 27 9.36782e+19
8 27 9.37249e+19
9 27 9.37568e+19
10 27 9.37122e+19
11 27 9.37394e+19
12 27 9.36895e+19
13 27 9.36887e+19
14 27 9.37371e+19
15 27 9.37298e+19
16 27 9.36915e+19
17 27 9.37029e+19
18 27 9.37227e+19
19 27 9.37018e+19
20 27 9.37519e+19
21 27 9.37592e+19
22 27 9.37574e+19
23 27 9.37221e+19
24 27 9.36961e+19
25 27 9.37559e+19
26 27 9.37662e+19
27 27 9.37536e+19
28 27 9.3735e+19
29 27 9.36926e+19
30 27 9.36885e+19
31 27 9.37449e+19
32 27 9.37445e+19
33 27 9.36628e+19
34 27 9.36147e+19
35 27 9.36512e+19
36 27 9.36838e+19
37 27 9.37012e+19
38 27 9.36871e+19
39 27 9.37033e+19
40 27 9.37512e+19
41 27 9.37112e+19
42 27 9.36374e+19
43 27 9.36086e+19
44 27 9.36605e+19
45 27 9.36974e+19
46 27 9.37478e+19
47 27 9.37348e+19
48 27 9.36448e+19
49 27 9.36537e+19
50 27 9.36956e+19
51 27 9.37207e+19
52 27 9.3731e+19
53 27 9.36754e+19
54 27 9.36391e+19
55 27 9.36705e+19
56 27 9.36998e+19
57 27 9.37297e+19
58 27 9.36805e+19
59 27 9.36899e+19
60 27 9.37025e+19
61 27 9.36834e+19
62 27 9.36894e+19
0 28 9.63217e+19
1 28 9.63872e+19
2 28 9.64176e+19
3 28 9.63621e+19
4 28 9.63767e+19
5 28 9.64049e+19
6 28 9.63707e+19
7 28 9.63531e+19
8 28 9.63002e+19
9 28 9.63556e+19
10 28 9.64337e+19
11 28 9.63813e+19
12 28 9.62956e+19
13 28 9.63466e+19
14 28 9.64282e+19
15 28 9.64339e+19
16 28 9.64119e+19
17 28 9.63953e+19
18 28 9.6411e+19
19 28 9.63919e+19
20 28 9.63583e+19
21 28 9.63784e+19
22 28 9.63605e+19
23 28 9.63572e+19
24 28 9.64272e+19
25 28 9.64234e+19
26 28 9.63478e+19
27 28 9.63274e+19
28 28 9.63757e+19
29 28 9.64055e+19
30 28 9.64098e+19
31 28 9.63528e+19
32 28 9.63024e+19
33 28 9.63349e+19
34 28 9.6328e+19
35 28 9.62969e+19
36 28 9.63147e+19
37 28 9.63877e+19
38 28 9.64401e+19
39 28 9.64431e+19
40 28 9.63752e+19
41 28 9.63126e+19
42 28 9.63384e+19
43 28 9.63854e+19
44 28 9.64657e+19
45 28 9.64731e+19
46 28 9.63809e+19
47 28 9.63397e+19
48 28 9.6331e+19
49 28 9.63266e+19
50 28 9.63183e+19
51 28 9.63604e+19
52 28 9.63692e+19
53 28 9.63072e+19
54 28 9.63054e+19
55 28 9.63302e+19
56 28 9.63456e+19
57 28 9.63889e+19
58 28 9.639e+19
59 28 9.64068e+19
60 28 9.64286e+19
61 28 9.63879e+19
62 28 9.63963e+19
0 29 9.9191e+19
1 29 9.91205e+19
2 29 9.90576e+19
3 29 9.90771e+19
4 29 9.91142e+19
5 29 9.90806e+19
6 29 9.9032e+19
7 29 9.91383e+19
8 29 9.91324e+19
9 29 9.90795e+19
10 29 9.90685e+19
11 29 9.90701e+19
12 29 9.90996e+19
13 29 9.91045e+19
14 29 9.90918e+19
15 29 9.90408e+19
16 29 9.9112e+19
17 29 9.91538e+19
18 29 9.91238e+19
19 29 9.9082e+19
20 29 9.90482e+19
21 29 9.91027e+19
22 29 9.91308e+19
23 29 9.91402e+19
24 29 9.90678e+19
25 29 9.90575e+19
26 29 9.91366e+19
27 29 9.90812e+19
28 29 9.9097e+19
29 29 9.91559e+19
30 29 9.91457e+19
31 29 9.91179e+19
32 29 9.91079e+19
33 29 9.91423e+19
34 29 9.9068e+19
35 29 9.90727e+19
36 29 9.91112e+19
37 29 9.91212e+19
38 29 9.91444e+19
39 29 9.91496e+19
40 29 9.91123e+19
41 29 9.9067e+19
42 29 9.91221e+19
43 29 9.91234e+19
44 29 9.9102e+19
45 29 9.91142e+19
46 29 9.90621e+19
47 29 9.90558e+19
48 29 9.91331e+19
49 29 9.91411e+19
50 29 9.90369e+19
51 29 9.90225e+19
52 29 9.9074e+19
53 29 9.91144e+19
54 29 9.91248e+19
55 29 9.91065e+19
56 29 9.91285e+19
57 29 9.91088e+19
58 29 9.91218e+19
59 29 9.91035e+19
60 29 9.91026e+19
61 29 9.91174e+19
62 29 9.91514e+19
0 30 1.01966e+20
1 30 1.01928e+20
2 30 1.01954e+20
3 30 1.01905e+20
4 30 1.019e+20
5 30 1.01851e+20
6 30 1.01915e+20
7 30 1.01936e+20
8 30 1.01916e+20
9 30 1.01916e+20
10 30 1.01897e+20
11 30 1.01924e+20
12 30 1.01931e+20
13 30 1.0191e+20
14 30 1.01887e+20
15 30 1.01822e+20
16 30 1.01866e+20
17 30 1.01923e+20
18 30 1.01877e+20
19 30 1.01941e+20
20 30 1.01921e+20
21 30 1.01882e+20
22 30 1.01965e+20
23 30 1.01945e+20
24 30 1.01933e+20
25 30 1.01941e+20
26 30 1.01923e+20
27 30 1.01953e+20
28 30 1.0192e+20
29 30 1.01912e+20
30 30 1.01913e+20
31 30 1.0196e+20
32 30 1.01999e+20
33 30 1.0193e+20
34 30 1.01876e+20
35 30 1.01913e+20
36 30 1.01985e+20
37 30 1.01981e+20
38 30 1.0194e+20
39 30 1.01927e+20
40 30 1.01896e+20
41 30 1.01905e+20
42 30 1.0195e+20
43 30 1.01915e+20
44 30 1.01777e+20
45 30 1.01802e+20
46 30 1.01865e+20
47 30 1.01872e+20
48 30 1.01945e+20
49 30 1.01991e+20
50 30 1.01967e+20
51 30 1.01902e+20
52 30 1.01898e+20
53 30 1.01898e+20
54 30 1.01892e+20
55 30 1.01933e+20
56 30 1.01912e+20
57 30 1.01863e+20
58 30 1.0187e+20
59 30 1.01831e+20
60 30 1.01883e+20
61 30 1.01952e+20
62 30 1.01885e+20
0 31 1.04783e+20
1 31 1.04785e+20
2 31 1.04876e+20
3 31 1.04843e+20
4 31 1.04811e+20
5 31 1.04811e+20
6 31 1.0483e+20
7 31 1.04805e+20
8 31 1.04813e+20
9 31 1.04834e+20
10 31 1.048e+20
11 31 1.04788e+20
12 31 1.04759e+20
13 31 1.04754e+20
14 31 1.04784e+20
15 31 1.04889e+20
16 31 1.04815e+20
17 31 1.04735e+20
18 31 1.04804e+20
19 31 1.04821e+20
20 31 1.04802e+20
21 31 1.04742e+20
22 31 1.04787e+20
23 31 1.04804e+20
24 31 1.04813e+20
25 31 1.04808e+20
26 31 1.04705e+20
27 31 1.04716e+20
28 31 1.04771e+20
29 31 1.04801e+20
30 31 1.04812e+20
31 31 1.0482e+20
32 31 1.04798e+20
33 31 1.0478e+20
34 31 1.04916e+20
35 31 1.04954e+20
36 31 1.04844e+20
37 31 1.04722e+20
38 31 1.04712e+20
39 31 1.04734e+20
40 31 1.04769e+20
41 31 1.04837e+20
42 31 1.04813e+20
43 31 1.04793e+20
44 31 1.04777e+20
45 31 1.04765e+20
46 31 1.04768e+20
47 31 1.04766e+20
48 31 1.04775e+20
49 31 1.04806e+20
50 31 1.04861e+20
51 31 1.04849e+20
52 31 1.04833e+20
53 31 1.04797e+20
54 31 1.04795e+20
55 31 1.04825e+20
56 31 1.04799e+20
57 31 1.04808e+20
58 31 1.04824e+20
59 31 1.04788e+20
60 31 1.04786e+20
61 31 1.04828e+20
62 31 1.04829e+20
0 32 1.07752e+20
1 32 1.07668e+20
2 32 1.07636e+20
3 32 1.07717e+20
4 32 1.07731e+20
5 32 1.07848e+20
6 32 1.07843e+20
7 32 1.07797e+20
8 32 1.07799e+20
9 32 1.07771e+20
10 32 1.07719e+20
11 32 1.07758e+20
12 32 1.07845e+20
13 32 1.07837e+20
14 32 1.07773e+20
15 32 1.07829e+20
16 32 1.07846e+20
17 32 1.07728e+20
18 32 1.07736e+20
19 32 1.07689e+20
20 32 1.07667e+20
21 32 1.07695e+20
22 32 1.07715e+20
23 32 1.07757e+20
24 32 1.07724e+20
25 32 1.07747e+20
26 32 1.07726e+20
27 32 1.0772e+20
28 32 1.07779e+20
29 32 1.07728e+20
30 32 1.07712e+20
31 32 1.07739e+20
32 32 1.07791e+20
33 32 1.07841e+20
34 32 1.07798e+20
35 32 1.07756e+20
36 32 1.07675e+20
37 32 1.07641e+20
38 32 1.07703e+20
39 32 1.07718e+20
40 32 1.0778e+20
41 32 1.07792e+20
42 32 1.07768e+20
43 32 1.07765e+20
44 32 1.07774e+20
45 32 1.07797e+20
46 32 1.07837e+20
47 32 1.07829e+20
48 32 1.07733e+20
49 32 1.07624e+20
50 32 1.07677e+20
51 32 1.07809e+20
52 32 1.0777e+20
53 32 1.07778e+20
54 32 1.07767e+20
55 32 1.07737e+20
56 32 1.07813e+20
57 32 1.07839e+20
58 32 1.0782e+20
59 32 1.07847e+20
60 32 1.07758e+20
61 32 1.07711e+20
62 32 1.07849e+20
0 33 1.10774e+20
1 33 1.10748e+20
2 33 1.10791e+20
3 33 1.10772e+20
4 33 1.10691e+20
5 33 1.10746e+20
6 33 1.1083e+20
7 33 1.1086e+20
8 33 1.10799e+20
9 33 1.10735e+20
10 33 1.10827e+20
11 33 1.10794e+20
12 33 1.10779e+20
13 33 1.10847e+20
14 33 1.108e+20
15 33 1.10798e+20
16 33 1.10798e+20
17 33 1.10759e+20
18 33 1.1076e+20
19 33 1.10769e+20
20 33 1.10789e+20
21 33 1.10821e+20
22 33 1.10803e+20
23 33 1.1081e+20
24 33 1.10824e+20
25 33 1.10816e+20
26 33 1.10843e+20
27 33 1.10853e+20
28 33 1.10827e+20
29 33 1.10811e+20
30 33 1.10762e+20
31 33 1.10734e+20
32 33 1.10828e+20
33 33 1.10846e+20
34 33 1.10736e+20
35 33 1.10702e+20
36 33 1.1078e+20
37 33 1.10838e+20
38 33 1.10799e+20
39 33 1.10795e+20
40 33 1.10812e+20
41 33 1.10751e+20
42 33 1.10756e+20
43 33 1.10758e+20
44 33 1.10794e+20
45 33 1.10913e+20
46 33 1.10865e+20
47 33 1.10845e+20
48 33 1.10825e+20
49 33 1.1071e+20
50 33 1.10764e+20
51 33 1.10793e+20
52 33 1.10801e+20
53 33 1.10859e+20
54 33 1.10819e+20
55 33 1.10779e+20
56 33 1.10776e+20
57 33 1.10796e+20
58 33 1.10789e+20
59 33 1.10833e+20
60 33 1.10855e+20
61 33 1.10801e+20
62 33 1.10762e+20
0 34 1.13913e+20
1 34 1.13997e+20
2 34 1.13961e+20
3 34 1.13964e+20
4 34 1.1398e+20
5 34 1.13839e+20
6 34 1.1384e+20
7 34 1.13918e+20
8 34 1.13876e+20
9 34 1.139e+20
10 34 1.13927e+20
11 34 1.13863e+20
12 34 1.13868e+20
13 34 1.13859e+20
14 34 1.13875e+20
15 34 1.13888e+20
16 34 1.13856e+20
17 34 1.13944e+20
18 34 1.13994e+20
19 34 1.13961e+20
20 34 1.13955e+20
21 34 1.13963e+20
22 34 1.13896e+20
23 34 1.13865e+20
24 34 1.1391e+20
25 34 1.1387e+20
26 34 1.13931e+20
27 34 1.13955e+20
28 34 1.13845e+20
29 34 1.13864e+20
30 34 1.13956e+20
31 34 1.13944e+20
32 34 1.13848e+20
33 34 1.13814e+20
34 34 1.13898e+20
35 34 1.13929e+20
36 34 1.13935e+20
37 34 1.14003e+20
38 34 1.13916e+20
39 34 1.13879e+20
40 34 1.1389e+20
41 34 1.13887e+20
42 34 1.13868e+20
43 34 1.13873e+20
44 34 1.13962e+20
45 34 1.13957e+20
46 34 1.13905e+20
47 34 1.13954e+20
48 34 1.1396e+20
49 34 1.13937e+20
50 34 1.13994e+20
51 34 1.13877e+20
52 34 1.13922e+20
53 34 1.1399e+20
54 34 1.13934e+20
55 34 1.13907e+20
56 34 1.13911e+20
57 34 1.13933e+20
58 34 1.13923e+20
59 34 1.13966e+20
60 34 1.13975e+20
61 34 1.13956e+20
62 34 1.13849e+20
0 35 1.17105e+20
1 35 1.17196e+20
2 35 1.17144e+20
3 35 1.17077e+20
4 35 1.17093e+20
5 35 1.17096e+20
6 35 1.17083e+20
7 35 1.17002e+20
8 35 1.16992e+20
9 35 1.17077e+20
10 35 1.17031e+20
11 35 1.17063e+20
12 35 1.1711e+20
13 35 1.17072e+20
14 35 1.17069e+20
15 35 1.17056e+20
16 35 1.17112e+20
17 35 1.1719e+20
18 35 1.17185e+20
19 35 1.17101e+20
20 35 1.17097e+20
21 35 1.17143e+20
22 35 1.17077e+20
23 35 1.17054e+20
24 35 1.17136e+20
25 35 1.1714e+20
26 35 1.171e+20
27 35 1.17098e+20
28 35 1.17146e+20
29 35 1.17172e+20
30 35 1.17132e+20
31 35 1.17149e+20
32 35 1.17054e+20
33 35 1.17022e+20
34 35 1.17119e+20
35 35 1.17098e+20
36 35 1.17105e+20
37 35 1.1713e+20
38 35 1.1714e+20
39 35 1.17137e+20
40 35 1.17151e+20
41 35 1.171e+20
42 35 1.17052e+20
43 35 1.17158e+20
44 35 1.17169e+20
45 35 1.17075e+20
46 35 1.17048e+20
47 35 1.17034e+20
48 35 1.17119e+20
49 35 1.17187e+20
50 35 1.17074e+20
51 35 1.17083e+20
52 35 1.17094e+20
53 35 1.17057e+20
54 35 1.17073e+20
55 35 1.17087e+20
56 35 1.17142e+20
57 35 1.17079e+20
58 35 1.17068e+20
59 35 1.17163e+20
60 35 1.17118e+20
61 35 1.17106e+20
62 35 1.17119e+20
0 36 1.20367e+20
1 36 1.20356e+20
2 36 1.20385e+20
3 36 1.20387e+20
4 36 1.2037e+20
5 36 1.20408e+20
6 36 1.20388e+20
7 36 1.20324e+20
8 36 1.20357e+20
9 36 1.20378e+20
10 36 1.20398e+20
11 36 1.20416e+20
12 36 1.20372e+20
13 36 1.20403e+20
14 36 1.20424e+20
15 36 1.2042e+20
16 36 1.2042e+20
17 36 1.20378e+20
18 36 1.20356e+20
19 36 1.20371e+20
20 36 1.20386e+20
21 36 1.20359e+20
22 36 1.20399e+20
23 36 1.20453e+20
24 36 1.20472e+20
25 36 1.20432e+20
26 36 1.20397e+20
27 36 1.20421e+20
28 36 1.20436e+20
29 36 1.20394e+20
30 36 1.20364e+20
31 36 1.20371e+20
32 36 1.2039e+20
33 36 1.20433e+20
34 36 1.20412e+20
35 36 1.20384e+20
36 36 1.20352e+20
37 36 1.20267e+20
38 36 1.20349e+20
39 36 1.20409e+20
40 36 1.20365e+20
41 36 1.20339e+20
42 36 1.20375e+20
43 36 1.20419e+20
44 36 1.20396e+20
45 36 1.20384e+20
46 36 1.20392e+20
47 36 1.20379e+20
48 36 1.20396e+20
49 36 1.2043e+20
50 36 1.20328e+20
51 36 1.20406e+20
52 36 1.20396e+20
53 36 1.20306e+20
54 36 1.20345e+20
55 36 1.2034e+20
56 36 1.20335e+20
57 36 1.20313e+20
58 36 1.20324e+20
59 36 1.2029e+20
60 36 1.20295e+20
61 36 1.20314e+20
62 36 1.20382e+20
0 37 1.2375e+20
1 37 1.23674e+20
2 37 1.23644e+20
3 37 1.23767e+20
4 37 1.23763e+20
5 37 1.23695e+20
6 37 1.23688e+20
7 37 1.23741e+20
8 37 1.23802e+20
9 37 1.23714e+20
10 37 1.2375e+20
11 37 1.23812e+20
12 37 1.23773e+20
13 37 1.23741e+20
14 37 1.23773e+20
15 37 1.23796e+20
16 37 1.23709e+20
17 37 1.23666e+20
18 37 1.23659e+20
19 37 1.23774e+20
20 37 1.23789e+20
21 37 1.23678e+20
22 37 1.23727e+20
23 37 1.23759e+20
24 37 1.23672e+20
25 37 1.23656e+20
26 37 1.23708e+20
27 37 1.23733e+20
28 37 1.23704e+20
29 37 1.23649e+20
30 37 1.2366e+20
31 37 1.23628e+20
32 37 1.23683e+20
33 37 1.23798e+20
34 37 1.23774e+20
35 37 1.23693e+20
36 37 1.23686e+20
37 37 1.23722e+20
38 37 1.23751e+20
39 37 1.23761e+20
40 37 1.2371e+20
41 37 1.23781e+20
42 37 1.23818e+20
43 37 1.23745e+20
44 37 1.23712e+20
45 37 1.23695e+20
46 37 1.23805e+20
47 37 1.23842e+20
48 37 1.23735e+20
49 37 1.2365e+20
50 37 1.23715e+20
51 37 1.23745e+20
52 37 1.23689e+20
53 37 1.23706e+20
54 37 1.23706e+20
55 37 1.2373e+20
56 37 1.23729e+20
57 37 1.23748e+20
58 37 1.23739e+20
59 37 1.2368e+20
60 37 1.23665e+20
61 37 1.23647e+20
62 37 1.23679e+20
0 38 1.27282e+20
1 38 1.27191e+20
2 38 1.2713e+20
3 38 1.27154e+20
4 38 1.27126e+20
5 38 1.2716e+20
6 38 1.27207e+20
7 38 1.27151e+20
8 38 1.27185e+20
9 38 1.27214e+20
10 38 1.2719e+20
11 38 1.27186e+20
12 38 1.27176e+20
13 38 1.27177e+20
14 38 1.27174e+20
15 38 1.27154e+20
16 38 1.27173e+20
17 38 1.2718e+20
18 38 1.27175e+20
19 38 1.27184e+20
20 38 1.27224e+20
21 38 1.27115e+20
22 38 1.27078e+20
23 38 1.27156e+20
24 38 1.27104e+20
25 38 1.272e+20
26 38 1.27124e+20
27 38 1.27075e+20
28 38 1.27182e+20
29 38 1.27175e+20
30 38 1.27157e+20
31 38 1.27132e+20
32 38 1.27174e+20
33 38 1.27148e+20
34 38 1.27155e+20
35 38 1.27219e+20
36 38 1.27288e+20
37 38 1.27322e+20
38 38 1.27249e+20
39 38 1.27151e+20
40 38 1.27218e+20
41 38 1.27295e+20
42 38 1.27199e+20
43 38 1.27081e+20
44 38 1.27151e+20
45 38 1.27189e+20
46 38 1.27115e+20
47 38 1.27108e+20
48 38 1.27125e+20
49 38 1.27176e+20
50 38 1.27229e+20
51 38 1.27187e+20
52 38 1.27163e+20
53 38 1.27126e+20
54 38 1.27153e+20
55 38 1.27275e+20
56 38 1.27227e+20
57 38 1.27182e+20
58 38 1.27179e+20
59 38 1.27183e+20
60 38 1.27231e+20
61 38 1.27213e+20
62 38 1.27132e+20
0 39 1.30778e+20
1 39 1.30823e+20
2 39 1.30725e+20
3 39 1.30683e+20
4 39 1.30775e+20
5 39 1.30825e+20
6 39 1.30818e+20
7 39 1.30779e+20
8 39 1.3072e+20
9 39 1.30766e+20
10 39 1.30732e+20
11 39 1.30706e+20
12 39 1.30773e+20
13 39 1.30819e+20
14 39 1.30725e+20
15 39 1.30644e+20
16 39 1.30773e+20
17 39 1.30815e+20
18 39 1.30764e+20
19 39 1.3073e+20
20 39 1.307e+20
21 39 1.30687e+20
22 39 1.30704e+20
23 39 1.30708e+20
24 39 1.30739e+20
25 39 1.30759e+20
26 39 1.3083e+20
27 39 1.30837e+20
28 39 1.30719e+20
29 39 1.30706e+20
30 39 1.30697e+20
31 39 1.30712e+20
32 39 1.30776e+20
33 39 1.30706e+20
34 39 1.30651e+20
35 39 1.3077e+20
36 39 1.30732e+20
37 39 1.30706e+20
38 39 1.30739e+20
39 39 1.3068e+20
40 39 1.30685e+20
41 39 1.307e+20
42 39 1.3071e+20
43 39 1.30672e+20
44 39 1.30692e+20
45 39 1.30744e+20
46 39 1.30681e+20
47 39 1.30671e+20
48 39 1.3069e+20
49 39 1.30744e+20
50 39 1.30739e+20
51 39 1.30774e+20
52 39 1.30797e+20
53 39 1.30701e+20
54 39 1.30752e+20
55 39 1.30763e+20
56 39 1.30712e+20
57 39 1.30712e+20
58 39 1.3074e+20
59 39 1.30737e+20
60 39 1.30764e+20
61 39 1.30761e+20
62 39 1.30735e+20
0 40 1.3436e+20
1 40 1.34374e+20
2 40 1.34424e+20
3 40 1.34353e+20
4 40 1.34305e+20
5 40 1.34304e+20
6 40 1.34293e+20
7 40 1.34376e+20
8 40 1.34338e+20
9 40 1.34267e+20
10 40 1.34293e+20
11 40 1.3437e+20
12 40 1.34434e+20
13 40 1.34407e+20
14 40 1.34282e+20
15 40 1.34325e+20
16 40 1.34341e+20
17 40 1.34314e+20
18 40 1.34332e+20
19 40 1.34335e+20
20 40 1.3432e+20
21 40 1.34354e+20
22 40 1.34358e+20
23 40 1.3432e+20
24 40 1.34345e+20
25 40 1.34256e+20
26 40 1.34415e+20
27 40 1.34449e+20
28 40 1.34343e+20
29 40 1.34416e+20
30 40 1.34408e+20
31 40 1.34325e+20
32 40 1.34238e+20
33 40 1.34342e+20
34 40 1.34365e+20
35 40 1.34282e+20
36 40 1.3429e+20
37 40 1.34325e+20
38 40 1.34316e+20
39 40 1.34348e+20
40 40 1.34345e+20
41 40 1.3439e+20
42 40 1.34457e+20
43 40 1.34442e+20
44 40 1.34362e+20
45 40 1.3434e+20
46 40 1.34383e+20
47 40 1.34403e+20
48 40 1.34386e+20
49 40 1.34288e+20
50 40 1.34289e+20
51 40 1.34364e+20
52 40 1.34341e+20
53 40 1.34318e+20
54 40 1.344e+20
55 40 1.34362e+20
56 40 1.34317e+20
57 40 1.34379e+20
58 40 1.34436e+20
59 40 1.34381e+20
60 40 1.34304e+20
61 40 1.3435e+20
62 40 1.34412e+20
