63 41 1.37964e+20
64 41 1.37994e+20
65 41 1.37888e+20
66 41 1.37813e+20
67 41 1.37862e+20
68 41 1.3797e+20
69 41 1.37897e+20
70 41 1.37804e+20
71 41 1.37884e+20
72 41 1.37795e+20
73 41 1.37687e+20
74 41 1.37805e+20
75 41 1.37781e+20
76 41 1.37651e+20
77 41 1.37599e+20
78 41 1.37586e+20
79 41 1.37596e+20
80 41 1.37555e+20
81 41 1.37521e+20
82 41 1.37494e+20
83 41 1.37504e+20
84 41 1.37574e+20
85 41 1.37543e+20
86 41 1.37408e+20
87 41 1.37342e+20
88 41 1.37377e+20
89 41 1.37398e+20
90 41 1.37358e+20
91 41 1.37289e+20
92 41 1.37231e+20
93 41 1.37288e+20
94 41 1.37306e+20
95 41 1.37348e+20
96 41 1.37416e+20
97 41 1.37327e+20
98 41 1.37317e+20
99 41 1.37351e+20
100 41 1.37407e+20
101 41 1.37454e+20
102 41 1.37443e+20
103 41 1.37514e+20
104 41 1.37602e+20
105 41 1.37655e+20
106 41 1.37589e+20
107 41 1.37611e+20
108 41 1.37746e+20
109 41 1.37694e+20
110 41 1.3773e+20
111 41 1.37816e+20
112 41 1.37814e+20
113 41 1.37901e+20
114 41 1.37986e+20
115 41 1.37954e+20
116 41 1.37914e+20
117 41 1.37964e+20
118 41 1.38079e+20
119 41 1.38081e+20
120 41 1.37968e+20
121 41 1.37959e+20
122 41 1.37979e+20
123 41 1.37973e+20
124 41 1.38051e+20
125 41 1.38076e+20
63 42 1.41658e+20
64 42 1.41713e+20
65 42 1.41774e+20
66 42 1.41714e+20
67 42 1.41632e+20
68 42 1.41649e+20
69 42 1.41585e+20
70 42 1.41608e+20
71 42 1.41602e+20
72 42 1.41565e+20
73 42 1.41662e+20
74 42 1.41663e+20
75 42 1.41643e+20
76 42 1.41628e+20
77 42 1.41537e+20
78 42 1.41473e+20
79 42 1.41475e+20
80 42 1.41404e+20
81 42 1.4132e+20
82 42 1.4133e+20
83 42 1.41336e+20
84 42 1.41301e+20
85 42 1.41234e+20
86 42 1.41185e+20
87 42 1.41198e+20
88 42 1.41196e+20
89 42 1.41233e+20
90 42 1.4122e+20
91 42 1.41069e+20
92 42 1.41044e+20
93 42 1.41125e+20
94 42 1.41069e+20
95 42 1.41029e+20
96 42 1.41047e+20
97 42 1.40992e+20
98 42 1.40994e+20
99 42 1.41092e+20
100 42 1.41217e+20
101 42 1.41215e+20
102 42 1.41236e+20
103 42 1.41358e+20
104 42 1.41439e+20
105 42 1.41477e+20
106 42 1.41479e+20
107 42 1.41454e+20
108 42 1.41495e+20
109 42 1.41546e+20
110 42 1.41534e+20
111 42 1.41569e+20
112 42 1.41566e+20
113 42 1.41645e+20
114 42 1.41752e+20
115 42 1.41722e+20
116 42 1.41722e+20
117 42 1.41715e+20
118 42 1.41754e+20
119 42 1.41774e+20
120 42 1.41751e+20
121 42 1.41724e+20
122 42 1.41691e+20
123 42 1.41782e+20
124 42 1.41785e+20
125 42 1.41735e+20
63 43 1.45763e+20
64 43 1.45656e+20
65 43 1.45613e+20
66 43 1.45645e+20
67 43 1.45591e+20
68 43 1.45465e+20
69 43 1.45481e+20
70 43 1.45505e+20
71 43 1.45422e+20
72 43 1.45505e+20
73 43 1.45555e+20
74 43 1.45431e+20
75 43 1.45328e+20
76 43 1.45364e+20
77 43 1.45389e+20
78 43 1.45333e+20
79 43 1.4526e+20
80 43 1.45218e+20
81 43 1.45181e+20
82 43 1.45126e+20
83 43 1.45116e+20
84 43 1.45012e+20
85 43 1.45118e+20
86 43 1.45168e+20
87 43 1.45096e+20
88 43 1.45157e+20
89 43 1.45086e+20
90 43 1.45073e+20
91 43 1.44981e+20
92 43 1.44908e+20
93 43 1.44917e+20
94 43 1.44922e+20
95 43 1.44922e+20
96 43 1.44948e+20
97 43 1.44973e+20
98 43 1.44916e+20
99 43 1.44939e+20
100 43 1.45004e+20
101 43 1.4505e+20
102 43 1.45097e+20
103 43 1.45213e+20
104 43 1.45296e+20
105 43 1.45383e+20
106 43 1.45511e+20
107 43 1.45439e+20
108 43 1.45443e+20
109 43 1.45622e+20
110 43 1.45629e+20
111 43 1.45537e+20
112 43 1.45607e+20
113 43 1.45619e+20
114 43 1.45587e+20
115 43 1.45702e+20
116 43 1.45671e+20
117 43 1.45638e+20
118 43 1.45699e+20
119 43 1.4567e+20
120 43 1.45694e+20
121 43 1.45733e+20
122 43 1.4574e+20
123 43 1.45774e+20
124 43 1.45782e+20
125 43 1.45819e+20
63 44 1.49812e+20
64 44 1.49734e+20
65 44 1.49591e+20
66 44 1.49571e+20
67 44 1.49645e+20
68 44 1.4958e+20
69 44 1.4951e+20
70 44 1.49525e+20
71 44 1.49569e+20
72 44 1.49573e+20
73 44 1.49479e+20
74 44 1.49504e+20
75 44 1.49378e+20
76 44 1.49225e+20
77 44 1.49238e+20
78 44 1.49286e+20
79 44 1.49271e+20
80 44 1.49288e+20
81 44 1.49391e+20
82 44 1.4931e+20
83 44 1.49145e+20
84 44 1.49138e+20
85 44 1.49175e+20
86 44 1.49178e+20
87 44 1.49173e+20
88 44 1.4906e+20
89 44 1.4901e+20
90 44 1.49e+20
91 44 1.48926e+20
92 44 1.48918e+20
93 44 1.48892e+20
94 44 1.48854e+20
95 44 1.48925e+20
96 44 1.48973e+20
97 44 1.48933e+20
98 44 1.48954e+20
99 44 1.48951e+20
100 44 1.48962e+20
101 44 1.49068e+20
102 44 1.49104e+20
103 44 1.49156e+20
104 44 1.49245e+20
105 44 1.49244e+20
106 44 1.49353e+20
107 44 1.49541e+20
108 44 1.49585e+20
109 44 1.49562e+20
110 44 1.4959e+20
111 44 1.49601e+20
112 44 1.49618e+20
113 44 1.49631e+20
114 44 1.49653e+20
115 44 1.49669e+20
116 44 1.49704e+20
117 44 1.49835e+20
118 44 1.4987e+20
119 44 1.49763e+20
120 44 1.49707e+20
121 44 1.49819e+20
122 44 1.49875e+20
123 44 1.49835e+20
124 44 1.49846e+20
125 44 1.49853e+20
63 45 1.53718e+20
64 45 1.53719e+20
65 45 1.53756e+20
66 45 1.53796e+20
67 45 1.53778e+20
68 45 1.53764e+20
69 45 1.53735e+20
70 45 1.53657e+20
71 45 1.53653e+20
72 45 1.53538e+20
73 45 1.53498e+20
74 45 1.53546e+20
75 45 1.5349e+20
76 45 1.5347e+20
77 45 1.53388e+20
78 45 1.53391e+20
79 45 1.5351e+20
80 45 1.53521e+20
81 45 1.53436e+20
82 45 1.53354e+20
83 45 1.53282e+20
84 45 1.53291e+20
85 45 1.53229e+20
86 45 1.5323e+20
87 45 1.53214e+20
88 45 1.53068e+20
89 45 1.53062e+20
90 45 1.52998e+20
91 45 1.53041e+20
92 45 1.53109e+20
93 45 1.53022e+20
94 45 1.52954e+20
95 45 1.52885e+20
96 45 1.52874e+20
97 45 1.52897e+20
98 45 1.52935e+20
99 45 1.53023e+20
100 45 1.53147e+20
101 45 1.53206e+20
102 45 1.53157e+20
103 45 1.5321e+20
104 45 1.53335e+20
105 45 1.53376e+20
106 45 1.53435e+20
107 45 1.536e+20
108 45 1.5363e+20
109 45 1.53631e+20
110 45 1.537e+20
111 45 1.53716e+20
112 45 1.53662e+20
113 45 1.53748e+20
114 45 1.53843e+20
115 45 1.53785e+20
116 45 1.53814e+20
117 45 1.53884e+20
118 45 1.53821e+20
119 45 1.53741e+20
120 45 1.53794e+20
121 45 1.53871e+20
122 45 1.53925e+20
123 45 1.53831e+20
124 45 1.53768e+20
125 45 1.53786e+20
63 46 1.57902e+20
64 46 1.57912e+20
65 46 1.57908e+20
66 46 1.57876e+20
67 46 1.57902e+20
68 46 1.57895e+20
69 46 1.57946e+20
70 46 1.57917e+20
71 46 1.57779e+20
72 46 1.57704e+20
73 46 1.57682e+20
74 46 1.57633e+20
75 46 1.57649e+20
76 46 1.57715e+20
77 46 1.57789e+20
78 46 1.57639e+20
79 46 1.57504e+20
80 46 1.5747e+20
81 46 1.57372e+20
82 46 1.57358e+20
83 46 1.5745e+20
84 46 1.57377e+20
85 46 1.5732e+20
86 46 1.57314e+20
87 46 1.57194e+20
88 46 1.57193e+20
89 46 1.572e+20
90 46 1.57189e+20
91 46 1.57219e+20
92 46 1.57228e+20
93 46 1.5718e+20
94 46 1.5711e+20
95 46 1.5704e+20
96 46 1.56957e+20
97 46 1.57192e+20
98 46 1.57597e+20
99 46 1.58032e+20
100 46 1.58134e+20
101 46 1.5769e+20
102 46 1.57413e+20
103 46 1.5743e+20
104 46 1.5751e+20
105 46 1.57646e+20
106 46 1.57706e+20
107 46 1.57766e+20
108 46 1.57839e+20
109 46 1.57877e+20
110 46 1.57971e+20
111 46 1.58025e+20
112 46 1.58025e+20
113 46 1.58035e+20
114 46 1.58071e+20
115 46 1.58134e+20
116 46 1.58044e+20
117 46 1.57987e+20
118 46 1.58013e+20
119 46 1.58008e+20
120 46 1.58084e+20
121 46 1.58134e+20
122 46 1.58059e+20
123 46 1.57991e+20
124 46 1.58015e+20
125 46 1.58044e+20
63 47 1.62276e+20
64 47 1.62252e+20
65 47 1.62327e+20
66 47 1.62258e+20
67 47 1.62148e+20
68 47 1.62146e+20
69 47 1.62117e+20
70 47 1.62103e+20
71 47 1.62047e+20
72 47 1.62088e+20
73 47 1.62077e+20
74 47 1.61932e+20
75 47 1.61966e+20
76 47 1.61975e+20
77 47 1.61962e+20
78 47 1.61911e+20
79 47 1.6177e+20
80 47 1.61773e+20
81 47 1.61838e+20
82 47 1.61752e+20
83 47 1.61684e+20
84 47 1.61765e+20
85 47 1.61691e+20
86 47 1.61619e+20
87 47 1.61606e+20
88 47 1.61586e+20
89 47 1.61549e+20
90 47 1.61543e+20
91 47 1.61555e+20
92 47 1.61474e+20
93 47 1.61403e+20
94 47 1.61289e+20
95 47 1.61395e+20
96 47 1.61885e+20
97 47 1.6338e+20
98 47 1.66356e+20
99 47 1.68993e+20
100 47 1.67389e+20
101 47 1.63809e+20
102 47 1.6221e+20
103 47 1.6179e+20
104 47 1.61861e+20
105 47 1.61971e+20
106 47 1.62051e+20
107 47 1.62172e+20
108 47 1.62209e+20
109 47 1.62176e+20
110 47 1.62185e+20
111 47 1.62207e+20
112 47 1.62329e+20
113 47 1.62355e+20
114 47 1.6233e+20
115 47 1.62372e+20
116 47 1.62389e+20
117 47 1.62376e+20
118 47 1.62437e+20
119 47 1.62519e+20
120 47 1.62484e+20
121 47 1.62384e+20
122 47 1.62403e+20
123 47 1.62562e+20
124 47 1.62462e+20
125 47 1.62394e+20
63 48 1.66746e+20
64 48 1.66702e+20
65 48 1.66702e+20
66 48 1.66751e+20
67 48 1.66606e+20
68 48 1.66545e+20
69 48 1.66572e+20
70 48 1.6657e+20
71 48 1.66526e+20
72 48 1.66482e+20
73 48 1.66405e+20
74 48 1.66398e+20
75 48 1.66459e+20
76 48 1.66331e+20
77 48 1.66236e+20
78 48 1.66257e+20
79 48 1.66283e+20
80 48 1.66295e+20
81 48 1.66249e+20
82 48 1.66244e+20
83 48 1.66184e+20
84 48 1.66128e+20
85 48 1.66103e+20
86 48 1.66056e+20
87 48 1.66022e+20
88 48 1.66013e+20
89 48 1.65975e+20
90 48 1.65952e+20
91 48 1.65895e+20
92 48 1.65762e+20
93 48 1.65721e+20
94 48 1.66268e+20
95 48 1.67809e+20
96 48 1.71203e+20
97 48 1.81444e+20
98 48 2.2343e+20
99 48 2.62962e+20
100 48 2.23032e+20
101 48 1.73297e+20
102 48 1.67488e+20
103 48 1.66108e+20
104 48 1.66256e+20
105 48 1.66424e+20
106 48 1.6656e+20
107 48 1.66584e+20
108 48 1.66567e+20
109 48 1.66678e+20
110 48 1.66673e+20
111 48 1.66636e+20
112 48 1.66691e+20
113 48 1.66722e+20
114 48 1.66724e+20
115 48 1.66759e+20
116 48 1.6683e+20
117 48 1.66861e+20
118 48 1.6692e+20
119 48 1.66809e+20
120 48 1.66758e+20
121 48 1.66818e+20
122 48 1.66903e+20
123 48 1.66931e+20
124 48 1.66889e+20
125 48 1.66948e+20
63 49 1.71236e+20
64 49 1.71226e+20
65 49 1.71118e+20
66 49 1.71116e+20
67 49 1.71254e+20
68 49 1.71202e+20
69 49 1.71062e+20
70 49 1.71113e+20
71 49 1.71175e+20
72 49 1.71123e+20
73 49 1.71053e+20
74 49 1.70957e+20
75 49 1.70878e+20
76 49 1.70835e+20
77 49 1.70818e+20
78 49 1.7085e+20
79 49 1.70825e+20
80 49 1.70703e+20
81 49 1.70602e+20
82 49 1.70722e+20
83 49 1.70723e+20
84 49 1.70628e+20
85 49 1.70646e+20
86 49 1.70493e+20
87 49 1.70441e+20
88 49 1.70483e+20
89 49 1.70466e+20
90 49 1.70352e+20
91 49 1.70321e+20
92 49 1.70596e+20
93 49 1.71817e+20
94 49 1.75012e+20
95 49 1.84308e+20
96 49 2.32786e+20
97 49 3.61381e+20
98 49 1.33793e+21
99 49 1.37834e+21
100 49 3.65963e+20
101 49 1.88725e+20
102 49 1.72763e+20
103 49 1.70611e+20
104 49 1.7086e+20
105 49 1.71046e+20
106 49 1.71034e+20
107 49 1.71037e+20
108 49 1.71194e+20
109 49 1.71227e+20
110 49 1.71225e+20
111 49 1.71346e+20
112 49 1.71386e+20
113 49 1.71333e+20
114 49 1.71307e+20
115 49 1.71338e+20
116 49 1.71384e+20
117 49 1.71355e+20
118 49 1.71343e+20
119 49 1.71423e+20
120 49 1.71416e+20
121 49 1.71325e+20
122 49 1.71286e+20
123 49 1.71284e+20
124 49 1.71428e+20
125 49 1.71481e+20
63 50 1.75918e+20
64 50 1.75812e+20
65 50 1.75809e+20
66 50 1.75818e+20
67 50 1.75925e+20
68 50 1.75868e+20
69 50 1.75692e+20
70 50 1.75657e+20
71 50 1.75702e+20
72 50 1.75764e+20
73 50 1.75735e+20
74 50 1.75606e+20
75 50 1.75488e+20
76 50 1.75618e+20
77 50 1.75598e+20
78 50 1.75416e+20
79 50 1.75352e+20
80 50 1.75331e+20
81 50 1.75337e+20
82 50 1.7535e+20
83 50 1.75293e+20
84 50 1.75237e+20
85 50 1.75172e+20
86 50 1.7517e+20
87 50 1.75227e+20
88 50 1.75159e+20
89 50 1.75072e+20
90 50 1.75045e+20
91 50 1.75996e+20
92 50 1.78891e+20
93 50 1.89241e+20
94 50 2.37554e+20
95 50 3.599e+20
96 50 1.25333e+21
97 50 3.63442e+21
98 50 6.13102e+21
99 50 4.16405e+21
100 50 7.51409e+20
101 50 2.0678e+20
102 50 1.78074e+20
103 50 1.75161e+20
104 50 1.75514e+20
105 50 1.75672e+20
106 50 1.75755e+20
107 50 1.75746e+20
108 50 1.75795e+20
109 50 1.7586e+20
110 50 1.75947e+20
111 50 1.75945e+20
112 50 1.75953e+20
113 50 1.76057e+20
114 50 1.76131e+20
115 50 1.76061e+20
116 50 1.76025e+20
117 50 1.76052e+20
118 50 1.75996e+20
119 50 1.76121e+20
120 50 1.76195e+20
121 50 1.76062e+20
122 50 1.76006e+20
123 50 1.75994e+20
124 50 1.7599e+20
125 50 1.75949e+20
63 51 1.80685e+20
64 51 1.80688e+20
65 51 1.80676e+20
66 51 1.80621e+20
67 51 1.80502e+20
68 51 1.80555e+20
69 51 1.80657e+20
70 51 1.80556e+20
71 51 1.80443e+20
72 51 1.80362e+20
73 51 1.80348e+20
74 51 1.80393e+20
75 51 1.80343e+20
76 51 1.8034e+20
77 51 1.80348e+20
78 51 1.80201e+20
79 51 1.80155e+20
80 51 1.80257e+20
81 51 1.80263e+20
82 51 1.80127e+20
83 51 1.80082e+20
84 51 1.79963e+20
85 51 1.79819e+20
86 51 1.7989e+20
87 51 1.79861e+20
88 51 1.79742e+20
89 51 1.80551e+20
90 51 1.83569e+20
91 51 1.89859e+20
92 51 2.13642e+20
93 51 3.63171e+20
94 51 1.05955e+21
95 51 3.43015e+21
96 51 6.05762e+21
97 51 8.37082e+21
98 51 9.93031e+21
99 51 5.81516e+21
100 51 9.3969e+20
101 51 2.18882e+20
102 51 1.8401e+20
103 51 1.79719e+20
104 51 1.80232e+20
105 51 1.8043e+20
106 51 1.8063e+20
107 51 1.8077e+20
108 51 1.80715e+20
109 51 1.80705e+20
110 51 1.8085e+20
111 51 1.80864e+20
112 51 1.8076e+20
113 51 1.80753e+20
114 51 1.80872e+20
115 51 1.80913e+20
116 51 1.80817e+20
117 51 1.80798e+20
118 51 1.8086e+20
119 51 1.80801e+20
120 51 1.80782e+20
121 51 1.80907e+20
122 51 1.80958e+20
123 51 1.8091e+20
124 51 1.80822e+20
125 51 1.80731e+20
63 52 1.85572e+20
64 52 1.85608e+20
65 52 1.85615e+20
66 52 1.85507e+20
67 52 1.85454e+20
68 52 1.85538e+20
69 52 1.85572e+20
70 52 1.85424e+20
71 52 1.85282e+20
72 52 1.85241e+20
73 52 1.85326e+20
74 52 1.85326e+20
75 52 1.85202e+20
76 52 1.85077e+20
77 52 1.85082e+20
78 52 1.85167e+20
79 52 1.85081e+20
80 52 1.84993e+20
81 52 1.85044e+20
82 52 1.85004e+20
83 52 1.84869e+20
84 52 1.84775e+20
85 52 1.84796e+20
86 52 1.84795e+20
87 52 1.85263e+20
88 52 1.87177e+20
89 52 1.92804e+20
90 52 2.15416e+20
91 52 3.09699e+20
92 52 8.17833e+20
93 52 3.31716e+21
94 52 5.91249e+21
95 52 8.16856e+21
96 52 9.94821e+21
97 52 1e+22
98 52 1e+22
99 52 5.66618e+21
100 52 8.02918e+20
101 52 2.35577e+20
102 52 1.90926e+20
103 52 1.84514e+20
104 52 1.85176e+20
105 52 1.85447e+20
106 52 1.85468e+20
107 52 1.85626e+20
108 52 1.85644e+20
109 52 1.85613e+20
110 52 1.8573e+20
111 52 1.85869e+20
112 52 1.85858e+20
113 52 1.85752e+20
114 52 1.85678e+20
115 52 1.8574e+20
116 52 1.85824e+20
117 52 1.8578e+20
118 52 1.85696e+20
119 52 1.85742e+20
120 52 1.85769e+20
121 52 1.8571e+20
122 52 1.85627e+20
123 52 1.85606e+20
124 52 1.85715e+20
125 52 1.85764e+20
63 53 1.90597e+20
64 53 1.90496e+20
65 53 1.90469e+20
66 53 1.90471e+20
67 53 1.90536e+20
68 53 1.90467e+20
69 53 1.90376e+20
70 53 1.90383e+20
71 53 1.90357e+20
72 53 1.90366e+20
73 53 1.90289e+20
74 53 1.90253e+20
75 53 1.90334e+20
76 53 1.90227e+20
77 53 1.90147e+20
78 53 1.90179e+20
79 53 1.90114e+20
80 53 1.89971e+20
81 53 1.89871e+20
82 53 1.89801e+20
83 53 1.89705e+20
84 53 1.89838e+20
85 53 1.90254e+20
86 53 1.91875e+20
87 53 1.97423e+20
88 53 2.25681e+20
89 53 3.27822e+20
90 53 9.79973e+20
91 53 3.41805e+21
92 53 5.69644e+21
93 53 8.05541e+21
94 53 1e+22
95 53 1e+22
96 53 1e+22
97 53 1e+22
98 53 1e+22
99 53 5.60928e+21
100 53 7.69588e+20
101 53 2.6464e+20
102 53 1.98771e+20
103 53 1.89374e+20
104 53 1.90191e+20
105 53 1.90548e+20
106 53 1.90558e+20
107 53 1.90523e+20
108 53 1.90622e+20
109 53 1.90766e+20
110 53 1.90702e+20
111 53 1.90665e+20
112 53 1.90778e+20
113 53 1.90896e+20
114 53 1.90842e+20
115 53 1.90778e+20
116 53 1.90856e+20
117 53 1.90881e+20
118 53 1.90757e+20
119 53 1.90773e+20
120 53 1.90823e+20
121 53 1.90705e+20
122 53 1.90658e+20
123 53 1.90637e+20
124 53 1.90693e+20
125 53 1.90814e+20
63 54 1.95692e+20
64 54 1.95663e+20
65 54 1.95629e+20
66 54 1.9566e+20
67 54 1.95604e+20
68 54 1.9555e+20
69 54 1.9558e+20
70 54 1.95629e+20
71 54 1.9568e+20
72 54 1.95637e+20
73 54 1.95434e+20
74 54 1.95325e+20
75 54 1.95361e+20
76 54 1.95298e+20
77 54 1.9517e+20
78 54 1.95151e+20
79 54 1.95206e+20
80 54 1.95158e+20
81 54 1.94954e+20
82 54 1.94805e+20
83 54 1.95165e+20
84 54 1.96886e+20
85 54 2.01367e+20
86 54 2.18668e+20
87 54 2.92272e+20
88 54 1.00712e+21
89 54 3.47292e+21
90 54 5.85023e+21
91 54 8.20858e+21
92 54 1e+22
93 54 1e+22
94 54 1e+22
95 54 1e+22
96 54 1e+22
97 54 1e+22
98 54 1e+22
99 54 5.67853e+21
100 54 8.63738e+20
101 54 2.93742e+20
102 54 2.05404e+20
103 54 1.94387e+20
104 54 1.95363e+20
105 54 1.95633e+20
106 54 1.95612e+20
107 54 1.95717e+20
108 54 1.95922e+20
109 54 1.96043e+20
110 54 1.95983e+20
111 54 1.95953e+20
112 54 1.96003e+20
113 54 1.95926e+20
114 54 1.95831e+20
115 54 1.95898e+20
116 54 1.95952e+20
117 54 1.95881e+20
118 54 1.9591e+20
119 54 1.95943e+20
120 54 1.95846e+20
121 54 1.95835e+20
122 54 1.95861e+20
123 54 1.95974e+20
124 54 1.95921e+20
125 54 1.95757e+20
63 55 2.00901e+20
64 55 2.00942e+20
65 55 2.00926e+20
66 55 2.00873e+20
67 55 2.00815e+20
68 55 2.00812e+20
69 55 2.00752e+20
70 55 2.00722e+20
71 55 2.00735e+20
72 55 2.00711e+20
73 55 2.00698e+20
74 55 2.00615e+20
75 55 2.00464e+20
76 55 2.00477e+20
77 55 2.00493e+20
78 55 2.00413e+20
79 55 2.00296e+20
80 55 2.00194e+20
81 55 2.00351e+20
82 55 2.01613e+20
83 55 2.0596e+20
84 55 2.19867e+20
85 55 2.68677e+20
86 55 6.33089e+20
87 55 2.72327e+21
88 55 5.49876e+21
89 55 8.24604e+21
90 55 9.99087e+21
91 55 1e+22
92 55 1e+22
93 55 1e+22
94 55 1e+22
95 55 1e+22
96 55 1e+22
97 55 1e+22
98 55 1e+22
99 55 5.7854e+21
100 55 1.0005e+21
101 55 3.28853e+20
102 55 2.13292e+20
103 55 1.99704e+20
104 55 2.0069e+20
105 55 2.00958e+20
106 55 2.00984e+20
107 55 2.01092e+20
108 55 2.01058e+20
109 55 2.01117e+20
110 55 2.01206e+20
111 55 2.01289e+20
112 55 2.0138e+20
113 55 2.01235e+20
114 55 2.01174e+20
115 55 2.01251e+20
116 55 2.01204e+20
117 55 2.01132e+20
118 55 2.01171e+20
119 55 2.01209e+20
120 55 2.01148e+20
121 55 2.01155e+20
122 55 2.01114e+20
123 55 2.01102e+20
124 55 2.01129e+20
125 55 2.01094e+20
63 56 2.06241e+20
64 56 2.06251e+20
65 56 2.06221e+20
66 56 2.06222e+20
67 56 2.06245e+20
68 56 2.06191e+20
69 56 2.06077e+20
70 56 2.06041e+20
71 56 2.06067e+20
72 56 2.05953e+20
73 56 2.05837e+20
74 56 2.05846e+20
75 56 2.0582e+20
76 56 2.05884e+20
77 56 2.05905e+20
78 56 2.05792e+20
79 56 2.05719e+20
80 56 2.06296e+20
81 56 2.09079e+20
82 56 2.22092e+20
83 56 2.70675e+20
84 56 4.91472e+20
85 56 1.45303e+21
86 56 4.02883e+21
87 56 7.53418e+21
88 56 9.62113e+21
89 56 1e+22
90 56 1e+22
91 56 1e+22
92 56 1e+22
93 56 1e+22
94 56 1e+22
95 56 1e+22
96 56 1e+22
97 56 1e+22
98 56 1e+22
99 56 5.96998e+21
100 56 1.22071e+21
101 56 3.68978e+20
102 56 2.204e+20
103 56 2.04947e+20
104 56 2.06002e+20
105 56 2.06393e+20
106 56 2.06493e+20
107 56 2.06655e+20
108 56 2.06689e+20
109 56 2.06679e+20
110 56 2.06673e+20
111 56 2.06682e+20
112 56 2.06614e+20
113 56 2.06595e+20
114 56 2.06624e+20
115 56 2.06562e+20
116 56 2.06516e+20
117 56 2.06593e+20
118 56 2.06581e+20
119 56 2.06451e+20
120 56 2.06518e+20
121 56 2.06527e+20
122 56 2.06484e+20
123 56 2.06433e+20
124 56 2.06447e+20
125 56 2.06529e+20
63 57 2.11898e+20
64 57 2.11855e+20
65 57 2.11816e+20
66 57 2.11734e+20
67 57 2.11753e+20
68 57 2.118e+20
69 57 2.11831e+20
70 57 2.11769e+20
71 57 2.11652e+20
72 57 2.11615e+20
73 57 2.11601e+20
74 57 2.11462e+20
75 57 2.11358e+20
76 57 2.11303e+20
77 57 2.1125e+20
78 57 2.11418e+20
79 57 2.13693e+20
80 57 2.2338e+20
81 57 2.65939e+20
82 57 5.51956e+20
83 57 2.21693e+21
84 57 4.58835e+21
85 57 6.28912e+21
86 57 8.51622e+21
87 57 1e+22
88 57 1e+22
89 57 1e+22
90 57 1e+22
91 57 1e+22
92 57 1e+22
93 57 1e+22
94 57 1e+22
95 57 1e+22
96 57 1e+22
97 57 1e+22
98 57 1e+22
99 57 6.31374e+21
100 57 1.59213e+21
101 57 4.02398e+20
102 57 2.28868e+20
103 57 2.10373e+20
104 57 2.11474e+20
105 57 2.11917e+20
106 57 2.11959e+20
107 57 2.1212e+20
108 57 2.12395e+20
109 57 2.12296e+20
110 57 2.12241e+20
111 57 2.12324e+20
112 57 2.12267e+20
113 57 2.12319e+20
114 57 2.12161e+20
115 57 2.12002e+20
116 57 2.11996e+20
117 57 2.12014e+20
118 57 2.1198e+20
119 57 2.11958e+20
120 57 2.11973e+20
121 57 2.1197e+20
122 57 2.12011e+20
123 57 2.12009e+20
124 57 2.12e+20
125 57 2.12034e+20
63 58 2.17545e+20
64 58 2.17505e+20
65 58 2.17442e+20
66 58 2.17401e+20
67 58 2.1738e+20
68 58 2.17321e+20
69 58 2.17353e+20
70 58 2.17365e+20
71 58 2.17215e+20
72 58 2.17182e+20
73 58 2.17239e+20
74 58 2.17178e+20
75 58 2.1708e+20
76 58 2.17132e+20
77 58 2.18889e+20
78 58 2.29874e+20
79 58 2.67201e+20
80 58 4.297e+20
81 58 1.15545e+21
82 58 3.71033e+21
83 58 7.05313e+21
84 58 9.21614e+21
85 58 1e+22
86 58 1e+22
87 58 1e+22
88 58 1e+22
89 58 1e+22
90 58 1e+22
91 58 1e+22
92 58 1e+22
93 58 1e+22
94 58 1e+22
95 58 1e+22
96 58 1e+22
97 58 1e+22
98 58 9.98534e+21
99 58 6.57051e+21
100 58 1.86578e+21
101 58 4.10876e+20
102 58 2.37705e+20
103 58 2.1578e+20
104 58 2.17101e+20
105 58 2.17525e+20
106 58 2.17645e+20
107 58 2.17847e+20
108 58 2.17895e+20
109 58 2.17964e+20
110 58 2.18115e+20
111 58 2.17962e+20
112 58 2.17875e+20
113 58 2.17915e+20
114 58 2.17837e+20
115 58 2.17786e+20
116 58 2.17703e+20
117 58 2.1761e+20
118 58 2.17562e+20
119 58 2.17652e+20
120 58 2.17544e+20
121 58 2.17431e+20
122 58 2.17574e+20
123 58 2.17583e+20
124 58 2.17608e+20
125 58 2.17635e+20
63 59 2.23107e+20
64 59 2.23209e+20
65 59 2.23209e+20
66 59 2.23246e+20
67 59 2.23193e+20
68 59 2.2304e+20
69 59 2.2296e+20
70 59 2.22954e+20
71 59 2.23004e+20
72 59 2.22932e+20
73 59 2.22845e+20
74 59 2.23141e+20
75 59 2.23886e+20
76 59 2.28504e+20
77 59 2.46077e+20
78 59 3.88236e+20
79 59 1.49076e+21
80 59 3.95166e+21
81 59 5.99701e+21
82 59 8.27761e+21
83 59 1e+22
84 59 1e+22
85 59 1e+22
86 59 1e+22
87 59 1e+22
88 59 1e+22
89 59 1e+22
90 59 1e+22
91 59 1e+22
92 59 1e+22
93 59 1e+22
94 59 1e+22
95 59 1e+22
96 59 1e+22
97 59 1e+22
98 59 9.85725e+21
99 59 6.35281e+21
100 59 1.76072e+21
101 59 3.96371e+20
102 59 2.42363e+20
103 59 2.23003e+20
104 59 2.23638e+20
105 59 2.2368e+20
106 59 2.23841e+20
107 59 2.24058e+20
108 59 2.24056e+20
109 59 2.24112e+20
110 59 2.24195e+20
111 59 2.24012e+20
112 59 2.23846e+20
113 59 2.23731e+20
114 59 2.23924e+20
115 59 2.24024e+20
116 59 2.23931e+20
117 59 2.23708e+20
118 59 2.23818e+20
119 59 2.23899e+20
120 59 2.23702e+20
121 59 2.23731e+20
122 59 2.23656e+20
123 59 2.23909e+20
124 59 2.24288e+20
125 59 2.23992e+20
63 60 2.29147e+20
64 60 2.2914e+20
65 60 2.29173e+20
66 60 2.2918e+20
67 60 2.29106e+20
68 60 2.29023e+20
69 60 2.28991e+20
70 60 2.28976e+20
71 60 2.28922e+20
72 60 2.2897e+20
73 60 2.30014e+20
74 60 2.34431e+20
75 60 2.56765e+20
76 60 3.93187e+20
77 60 9.03788e+20
78 60 3.15586e+21
79 60 6.14787e+21
80 60 8.64043e+21
81 60 1e+22
82 60 1e+22
83 60 1e+22
84 60 1e+22
85 60 1e+22
86 60 1e+22
87 60 1e+22
88 60 1e+22
89 60 1e+22
90 60 1e+22
91 60 1e+22
92 60 1e+22
93 60 1e+22
94 60 1e+22
95 60 1e+22
96 60 1e+22
97 60 7.54281e+21
98 60 4.91584e+21
99 60 3.03263e+21
100 60 7.88837e+20
101 60 1.96445e+20
102 60 1.26771e+20
103 60 1.3188e+20
104 60 1.90615e+20
105 60 2.34693e+20
106 60 2.33814e+20
107 60 2.34061e+20
108 60 2.33543e+20
109 60 2.33415e+20
110 60 2.33278e+20
111 60 2.2489e+20
112 60 2.16017e+20
113 60 1.9623e+20
114 60 1.63431e+20
115 60 1.97296e+20
116 60 2.42448e+20
117 60 2.40812e+20
118 60 2.41551e+20
119 60 2.4127e+20
120 60 2.40062e+20
121 60 2.39798e+20
122 60 2.41273e+20
123 60 2.41067e+20
124 60 2.39302e+20
125 60 2.38811e+20
63 61 2.35428e+20
64 61 2.35347e+20
65 61 2.35202e+20
66 61 2.35158e+20
67 61 2.35115e+20
68 61 2.3512e+20
69 61 2.35177e+20
70 61 2.35126e+20
71 61 2.35807e+20
72 61 2.39541e+20
73 61 2.57359e+20
74 61 3.90083e+20
75 61 8.59998e+20
76 61 2.84757e+21
77 61 5.31698e+21
78 61 7.89028e+21
79 61 9.81485e+21
80 61 1e+22
81 61 1e+22
82 61 1e+22
83 61 1e+22
84 61 1e+22
85 61 1e+22
86 61 1e+22
87 61 1e+22
88 61 1e+22
89 61 1e+22
90 61 1e+22
91 61 1e+22
92 61 1e+22
93 61 1e+22
94 61 1e+22
95 61 7.54167e+21
96 61 5.04356e+21
97 61 2.54516e+21
98 61 4.46685e+19
99 61 2.15426e+18
100 61 1.45978e+18
101 61 2.64915e+18
102 61 4.96406e+18
103 61 1.86849e+19
104 61 7.78044e+19
105 61 1.22435e+20
106 61 1.21934e+20
107 61 1.22559e+20
108 61 1.2216e+20
109 61 1.21842e+20
110 61 1.21661e+20
111 61 1.12898e+20
112 61 1.03465e+20
113 61 8.38262e+19
114 61 5.19764e+19
115 61 3.71643e+20
116 61 6.47992e+20
117 61 5.41894e+20
118 61 5.35237e+20
119 61 5.83256e+20
120 61 5.89974e+20
121 61 5.28539e+20
122 61 5.12895e+20
123 61 5.11571e+20
124 61 4.93772e+20
125 61 4.93266e+20
63 62 2.41454e+20
64 62 2.41493e+20
65 62 2.41417e+20
66 62 2.41247e+20
67 62 2.41274e+20
68 62 2.41575e+20
69 62 2.42321e+20
70 62 2.45702e+20
71 62 2.60912e+20
72 62 3.2857e+20
73 62 7.6945e+20
74 62 2.99001e+21
75 62 5.43795e+21
76 62 7.57282e+21
77 62 9.5474e+21
78 62 1e+22
79 62 1e+22
80 62 1e+22
81 62 1e+22
82 62 1e+22
83 62 1e+22
84 62 1e+22
85 62 1e+22
86 62 1e+22
87 62 1e+22
88 62 1e+22
89 62 1e+22
90 62 1e+22
91 62 1e+22
92 62 1e+22
93 62 7.5887e+21
94 62 5.09294e+21
95 62 2.54671e+21
96 62 4.46733e+19
97 62 2.92103e+18
98 62 1.2471e+18
99 62 1.03638e+18
100 62 1.0013e+18
101 62 1.0486e+18
102 62 1.10045e+18
103 62 1.14802e+18
104 62 1.39697e+18
105 62 1.81598e+18
106 62 2.26306e+18
107 62 2.65922e+18
108 62 2.8502e+18
109 62 2.55941e+18
110 62 2.42233e+18
111 62 2.2871e+18
112 62 2.36789e+18
113 62 5.89355e+18
114 62 4.43562e+19
115 62 2.82633e+21
116 62 5.51919e+21
117 62 5.41452e+21
118 62 5.40729e+21
119 62 5.45567e+21
120 62 5.46344e+21
121 62 5.40238e+21
122 62 5.38517e+21
123 62 5.38428e+21
124 62 5.36856e+21
125 62 5.3683e+21
63 63 2.47824e+20
64 63 2.47766e+20
65 63 2.47841e+20
66 63 2.48024e+20
67 63 2.48431e+20
68 63 2.51125e+20
69 63 2.71284e+20
70 63 3.31783e+20
71 63 7.98888e+20
72 63 2.73783e+21
73 63 5.12657e+21
74 63 7.72115e+21
75 63 9.72079e+21
76 63 1e+22
77 63 1e+22
78 63 1e+22
79 63 1e+22
80 63 1e+22
81 63 1e+22
82 63 1e+22
83 63 1e+22
84 63 1e+22
85 63 1e+22
86 63 1e+22
87 63 1e+22
88 63 1e+22
89 63 1e+22
90 63 1e+22
91 63 7.95601e+21
92 63 5.46793e+21
93 63 2.60214e+21
94 63 9.49362e+19
95 63 5.77911e+18
96 63 1.6338e+18
97 63 1.07896e+18
98 63 1.00391e+18
99 63 1.00002e+18
100 63 1e+18
101 63 1e+18
102 63 1e+18
103 63 1e+18
104 63 1e+18
105 63 1.00585e+18
106 63 1.01268e+18
107 63 1.02082e+18
108 63 1.03933e+18
109 63 1.13505e+18
110 63 1.37455e+18
111 63 4.30268e+18
112 63 2.50443e+21
113 63 5.00473e+21
114 63 5.04211e+21
115 63 7.53827e+21
116 63 1e+22
117 63 1e+22
118 63 1e+22
119 63 1e+22
120 63 1e+22
121 63 1e+22
122 63 1e+22
123 63 1e+22
124 63 1e+22
125 63 1e+22
63 64 2.5434e+20
64 64 2.54408e+20
65 64 2.54738e+20
66 64 2.5689e+20
67 64 2.79537e+20
68 64 3.48415e+20
69 64 7.05056e+20
70 64 3.12926e+21
71 64 5.65781e+21
72 64 7.5328e+21
73 64 9.49743e+21
74 64 1e+22
75 64 1e+22
76 64 1e+22
77 64 1e+22
78 64 1e+22
79 64 1e+22
80 64 1e+22
81 64 1e+22
82 64 1e+22
83 64 1e+22
84 64 1e+22
85 64 1e+22
86 64 1e+22
87 64 1e+22
88 64 1e+22
89 64 8.53917e+21
90 64 6.06481e+21
91 64 2.98433e+21
92 64 4.71691e+20
93 64 1.50055e+19
94 64 2.74806e+18
95 64 1.26842e+18
96 64 1.02057e+18
97 64 1.00148e+18
98 64 1.00118e+18
99 64 1.00092e+18
100 64 1.00003e+18
101 64 1e+18
102 64 1e+18
103 64 1e+18
104 64 1e+18
105 64 1.00255e+18
106 64 1.03005e+18
107 64 1.28806e+18
108 64 1.71801e+18
109 64 5.1379e+18
110 64 2.50467e+21
111 64 5.00361e+21
112 64 7.50312e+21
113 64 1e+22
114 64 1e+22
115 64 1e+22
116 64 1e+22
117 64 1e+22
118 64 1e+22
119 64 1e+22
120 64 1e+22
121 64 1e+22
122 64 1e+22
123 64 1e+22
124 64 1e+22
125 64 1e+22
63 65 2.61861e+20
64 65 2.64018e+20
65 65 2.69968e+20
66 65 3.03285e+20
67 65 7.27027e+20
68 65 3.19365e+21
69 65 5.55694e+21
70 65 7.92414e+21
71 65 1e+22
72 65 1e+22
73 65 1e+22
74 65 1e+22
75 65 1e+22
76 65 1e+22
77 65 1e+22
78 65 1e+22
79 65 1e+22
80 65 1e+22
81 65 1e+22
82 65 1e+22
83 65 1e+22
84 65 1e+22
85 65 1e+22
86 65 1e+22
87 65 1e+22
88 65 7.58328e+21
89 65 3.63102e+21
90 65 1.07557e+21
91 65 3.14386e+19
92 65 5.22988e+18
93 65 2.43241e+18
94 65 1.38298e+18
95 65 1.09427e+18
96 65 1.04948e+18
97 65 1.06308e+18
98 65 1.07955e+18
99 65 1.06053e+18
100 65 1.02684e+18
101 65 1.01078e+18
102 65 1.0076e+18
103 65 1.01092e+18
104 65 1.04127e+18
105 65 1.18565e+18
106 65 2.22543e+18
107 65 2.50208e+21
108 65 5.0012e+21
109 65 5.00452e+21
110 65 7.50383e+21
111 65 1e+22
112 65 1e+22
113 65 1e+22
114 65 1e+22
115 65 1e+22
116 65 1e+22
117 65 1e+22
118 65 1e+22
119 65 1e+22
120 65 1e+22
121 65 1e+22
122 65 1e+22
123 65 1e+22
124 65 1e+22
125 65 1e+22
63 66 2.86959e+20
64 66 3.24557e+20
65 66 4.82736e+20
66 66 1.44395e+21
67 66 4.11258e+21
68 66 7.97392e+21
69 66 1e+22
70 66 1e+22
71 66 1e+22
72 66 1e+22
73 66 1e+22
74 66 1e+22
75 66 1e+22
76 66 1e+22
77 66 1e+22
78 66 1e+22
79 66 1e+22
80 66 1e+22
81 66 1e+22
82 66 1e+22
83 66 1e+22
84 66 1e+22
85 66 1e+22
86 66 1e+22
87 66 7.52052e+21
88 66 2.60837e+21
89 66 9.85497e+19
90 66 1.39965e+19
91 66 4.99842e+18
92 66 2.84963e+18
93 66 1.96852e+18
94 66 1.57678e+18
95 66 1.4791e+18
96 66 1.45497e+18
97 66 1.49774e+18
98 66 1.5139e+18
99 66 1.4668e+18
100 66 1.37365e+18
101 66 1.28365e+18
102 66 1.2856e+18
103 66 1.4498e+18
104 66 2.30691e+18
105 66 9.38762e+18
106 66 2.50917e+21
107 66 7.5013e+21
108 66 1e+22
109 66 1e+22
110 66 1e+22
111 66 1e+22
112 66 1e+22
113 66 1e+22
114 66 1e+22
115 66 1e+22
116 66 1e+22
117 66 1e+22
118 66 1e+22
119 66 1e+22
120 66 1e+22
121 66 1e+22
122 66 1e+22
123 66 1e+22
124 66 1e+22
125 66 1e+22
63 67 8.69124e+20
64 67 2.217e+21
65 67 4.49969e+21
66 67 6.27175e+21
67 67 8.5389e+21
68 67 1e+22
69 67 1e+22
70 67 1e+22
71 67 1e+22
72 67 1e+22
73 67 1e+22
74 67 1e+22
75 67 1e+22
76 67 1e+22
77 67 1e+22
78 67 1e+22
79 67 1e+22
80 67 1e+22
81 67 1e+22
82 67 1e+22
83 67 1e+22
84 67 7.74131e+21
85 67 5.28257e+21
86 67 5.0497e+21
87 67 2.53262e+21
88 67 3.0946e+19
89 67 1.03278e+19
90 67 5.88358e+18
91 67 4.15821e+18
92 67 3.48039e+18
93 67 3.0809e+18
94 67 2.77507e+18
95 67 2.63135e+18
96 67 2.59082e+18
97 67 2.6272e+18
98 67 2.65508e+18
99 67 2.55039e+18
100 67 2.41734e+18
101 67 2.78078e+18
102 67 3.85722e+18
103 67 1.56045e+20
104 67 2.65501e+21
105 67 5.0087e+21
106 67 7.50747e+21
107 67 1e+22
108 67 1e+22
109 67 1e+22
110 67 1e+22
111 67 1e+22
112 67 1e+22
113 67 1e+22
114 67 1e+22
115 67 1e+22
116 67 1e+22
117 67 1e+22
118 67 1e+22
119 67 1e+22
120 67 1e+22
121 67 1e+22
122 67 1e+22
123 67 1e+22
124 67 1e+22
125 67 1e+22
63 68 5.71531e+21
64 68 7.02762e+21
65 68 9.15776e+21
66 68 1e+22
67 68 1e+22
68 68 1e+22
69 68 1e+22
70 68 1e+22
71 68 1e+22
72 68 1e+22
73 68 1e+22
74 68 1e+22
75 68 1e+22
76 68 1e+22
77 68 1e+22
78 68 1e+22
79 68 1e+22
80 68 1e+22
81 68 1e+22
82 68 7.95586e+21
83 68 5.5215e+21
84 68 2.82393e+21
85 68 3.06135e+20
86 68 6.02957e+19
87 68 1.88845e+19
88 68 1.09399e+19
89 68 8.09017e+18
90 68 6.76353e+18
91 68 6.24728e+18
92 68 5.90596e+18
93 68 5.53344e+18
94 68 5.13896e+18
95 68 4.88198e+18
96 68 4.85874e+18
97 68 4.78674e+18
98 68 4.88436e+18
99 68 6.19589e+18
100 68 8.77444e+18
101 68 2.31228e+20
102 68 2.72798e+21
103 68 5.15511e+21
104 68 7.65324e+21
105 68 1e+22
106 68 1e+22
107 68 1e+22
108 68 1e+22
109 68 1e+22
110 68 1e+22
111 68 1e+22
112 68 1e+22
113 68 1e+22
114 68 1e+22
115 68 1e+22
116 68 1e+22
117 68 1e+22
118 68 1e+22
119 68 1e+22
120 68 1e+22
121 68 1e+22
122 68 1e+22
123 68 1e+22
124 68 1e+22
125 68 1e+22
63 69 1e+22
64 69 1e+22
65 69 1e+22
66 69 1e+22
67 69 1e+22
68 69 1e+22
69 69 1e+22
70 69 1e+22
71 69 1e+22
72 69 1e+22
73 69 1e+22
74 69 1e+22
75 69 1e+22
76 69 1e+22
77 69 1e+22
78 69 1e+22
79 69 1e+22
80 69 8.40906e+21
81 69 6.01942e+21
82 69 3.08778e+21
83 69 5.5374e+20
84 69 9.98206e+19
85 69 3.49353e+19
86 69 1.9379e+19
87 69 1.46652e+19
88 69 1.29343e+19
89 69 1.21369e+19
90 69 1.1581e+19
91 69 1.11011e+19
92 69 1.05531e+19
93 69 9.97664e+18
94 69 9.54571e+18
95 69 9.15926e+18
96 69 9.14444e+18
97 69 1.32743e+19
98 69 2.4155e+19
99 69 1.4931e+20
100 69 2.63808e+21
101 69 5.22922e+21
102 69 7.7249e+21
103 69 1e+22
104 69 1e+22
105 69 1e+22
106 69 1e+22
107 69 1e+22
108 69 1e+22
109 69 1e+22
110 69 1e+22
111 69 1e+22
112 69 1e+22
113 69 1e+22
114 69 1e+22
115 69 1e+22
116 69 1e+22
117 69 1e+22
118 69 1e+22
119 69 1e+22
120 69 1e+22
121 69 1e+22
122 69 1e+22
123 69 1e+22
124 69 1e+22
125 69 1e+22
63 70 1e+22
64 70 1e+22
65 70 1e+22
66 70 1e+22
67 70 1e+22
68 70 1e+22
69 70 1e+22
70 70 1e+22
71 70 1e+22
72 70 1e+22
73 70 1e+22
74 70 1e+22
75 70 1e+22
76 70 1e+22
77 70 1e+22
78 70 9.70169e+21
79 70 7.2899e+21
80 70 3.52748e+21
81 70 1.06667e+21
82 70 1.59693e+20
83 70 5.10304e+19
84 70 3.2286e+19
85 70 2.49522e+19
86 70 2.23521e+19
87 70 2.19536e+19
88 70 2.20037e+19
89 70 2.1664e+19
90 70 2.08575e+19
91 70 1.97969e+19
92 70 1.8856e+19
93 70 1.83403e+19
94 70 1.83323e+19
95 70 2.26887e+19
96 70 3.49049e+19
97 70 7.2639e+20
98 70 3.2188e+21
99 70 5.14476e+21
100 70 7.63088e+21
101 70 1e+22
102 70 1e+22
103 70 1e+22
104 70 1e+22
105 70 1e+22
106 70 1e+22
107 70 1e+22
108 70 1e+22
109 70 1e+22
110 70 1e+22
111 70 1e+22
112 70 1e+22
113 70 1e+22
114 70 1e+22
115 70 1e+22
116 70 1e+22
117 70 1e+22
118 70 1e+22
119 70 1e+22
120 70 1e+22
121 70 1e+22
122 70 1e+22
123 70 1e+22
124 70 1e+22
125 70 1e+22
63 71 1e+22
64 71 1e+22
65 71 1e+22
66 71 1e+22
67 71 1e+22
68 71 1e+22
69 71 1e+22
70 71 1e+22
71 71 1e+22
72 71 1e+22
73 71 1e+22
74 71 1e+22
75 71 1e+22
76 71 9.01154e+21
77 71 6.68667e+21
78 71 4.92046e+21
79 71 2.35326e+21
80 71 1.52405e+20
81 71 7.40597e+19
82 71 5.17865e+19
83 71 4.14508e+19
84 71 3.75742e+19
85 71 3.69873e+19
86 71 3.83869e+19
87 71 3.95208e+19
88 71 3.95149e+19
89 71 3.86315e+19
90 71 3.68273e+19
91 71 3.55306e+19
92 71 3.49625e+19
93 71 3.69071e+19
94 71 7.49555e+19
95 71 1.72411e+21
96 71 4.18712e+21
97 71 5.71621e+21
98 71 8.19781e+21
99 71 1e+22
100 71 1e+22
101 71 1e+22
102 71 1e+22
103 71 1e+22
104 71 1e+22
105 71 1e+22
106 71 1e+22
107 71 1e+22
108 71 1e+22
109 71 1e+22
110 71 1e+22
111 71 1e+22
112 71 1e+22
113 71 1e+22
114 71 1e+22
115 71 1e+22
116 71 1e+22
117 71 1e+22
118 71 1e+22
119 71 1e+22
120 71 1e+22
121 71 1e+22
122 71 1e+22
123 71 1e+22
124 71 1e+22
125 71 1e+22
63 72 1e+22
64 72 1e+22
65 72 1e+22
66 72 1e+22
67 72 1e+22
68 72 1e+22
69 72 1e+22
70 72 1e+22
71 72 1e+22
72 72 1e+22
73 72 1e+22
74 72 9.44464e+21
75 72 7.31095e+21
76 72 4.45316e+21
77 72 1.79384e+21
78 72 2.71952e+20
79 72 1.0426e+20
80 72 7.17823e+19
81 72 6.38628e+19
82 72 6.34624e+19
83 72 6.47662e+19
84 72 6.74545e+19
85 72 6.94746e+19
86 72 6.98161e+19
87 72 7.0018e+19
88 72 6.9567e+19
89 72 6.84641e+19
90 72 6.71879e+19
91 72 7.71076e+19
92 72 2.43254e+20
93 72 8.65486e+20
94 72 3.21518e+21
95 72 6.70742e+21
96 72 9.15818e+21
97 72 1e+22
98 72 1e+22
99 72 1e+22
100 72 1e+22
101 72 1e+22
102 72 1e+22
103 72 1e+22
104 72 1e+22
105 72 1e+22
106 72 1e+22
107 72 1e+22
108 72 1e+22
109 72 1e+22
110 72 1e+22
111 72 1e+22
112 72 1e+22
113 72 1e+22
114 72 1e+22
115 72 1e+22
116 72 1e+22
117 72 1e+22
118 72 1e+22
119 72 1e+22
120 72 1e+22
121 72 1e+22
122 72 1e+22
123 72 1e+22
124 72 1e+22
125 72 1e+22
63 73 1e+22
64 73 1e+22
65 73 1e+22
66 73 1e+22
67 73 1e+22
68 73 1e+22
69 73 1e+22
70 73 1e+22
71 73 1e+22
72 73 1e+22
73 73 8.5171e+21
74 73 5.58072e+21
75 73 2.48943e+21
76 73 5.39139e+20
77 73 1.77242e+20
78 73 1.17468e+20
79 73 1.06669e+20
80 73 1.07601e+20
81 73 1.12073e+20
82 73 1.17357e+20
83 73 1.2112e+20
84 73 1.24151e+20
85 73 1.25544e+20
86 73 1.24905e+20
87 73 1.24945e+20
88 73 1.31552e+20
89 73 1.70673e+20
90 73 2.96569e+20
91 73 1.54352e+21
92 73 4.03703e+21
93 73 5.8405e+21
94 73 8.15233e+21
95 73 1e+22
96 73 1e+22
97 73 1e+22
98 73 1e+22
99 73 1e+22
100 73 1e+22
101 73 1e+22
102 73 1e+22
103 73 1e+22
104 73 1e+22
105 73 1e+22
106 73 1e+22
107 73 1e+22
108 73 1e+22
109 73 1e+22
110 73 1e+22
111 73 1e+22
112 73 1e+22
113 73 1e+22
114 73 1e+22
115 73 1e+22
116 73 1e+22
117 73 1e+22
118 73 1e+22
119 73 1e+22
120 73 1e+22
121 73 1e+22
122 73 1e+22
123 73 1e+22
124 73 1e+22
125 73 1e+22
63 74 1e+22
64 74 1e+22
65 74 1e+22
66 74 1e+22
67 74 1e+22
68 74 1e+22
69 74 1e+22
70 74 9.91605e+21
71 74 8.40614e+21
72 74 6.32655e+21
73 74 3.96122e+21
74 74 1.31539e+21
75 74 3.08241e+20
76 74 2.1375e+20
77 74 1.87955e+20
78 74 1.89954e+20
79 74 1.9939e+20
80 74 2.07599e+20
81 74 2.17344e+20
82 74 2.2106e+20
83 74 2.23407e+20
84 74 2.25046e+20
85 74 2.28091e+20
86 74 2.46113e+20
87 74 3.33487e+20
88 74 7.04557e+20
89 74 3.08096e+21
90 74 5.25282e+21
91 74 6.48929e+21
92 74 8.81663e+21
93 74 1e+22
94 74 1e+22
95 74 1e+22
96 74 1e+22
97 74 1e+22
98 74 1e+22
99 74 1e+22
100 74 1e+22
101 74 1e+22
102 74 1e+22
103 74 1e+22
104 74 1e+22
105 74 1e+22
106 74 1e+22
107 74 1e+22
108 74 1e+22
109 74 1e+22
110 74 1e+22
111 74 1e+22
112 74 1e+22
113 74 1e+22
114 74 1e+22
115 74 1e+22
116 74 1e+22
117 74 1e+22
118 74 1e+22
119 74 1e+22
120 74 1e+22
121 74 1e+22
122 74 1e+22
123 74 1e+22
124 74 1e+22
125 74 1e+22
63 75 1e+22
64 75 1e+22
65 75 1e+22
66 75 1e+22
67 75 1e+22
68 75 1e+22
69 75 9.40296e+21
70 75 7.71399e+21
71 75 4.49214e+21
72 75 1.64815e+21
73 75 6.79745e+20
74 75 3.85138e+20
75 75 3.42633e+20
76 75 3.44064e+20
77 75 3.61438e+20
78 75 3.8518e+20
79 75 3.98326e+20
80 75 4.04175e+20
81 75 4.14006e+20
82 75 4.24964e+20
83 75 4.31737e+20
84 75 4.69247e+20
85 75 6.48812e+20
86 75 1.27779e+21
87 75 3.06582e+21
88 75 5.13903e+21
89 75 7.95411e+21
90 75 1e+22
91 75 1e+22
92 75 1e+22
93 75 1e+22
94 75 1e+22
95 75 1e+22
96 75 1e+22
97 75 1e+22
98 75 1e+22
99 75 1e+22
100 75 1e+22
101 75 1e+22
102 75 1e+22
103 75 1e+22
104 75 1e+22
105 75 1e+22
106 75 1e+22
107 75 1e+22
108 75 1e+22
109 75 1e+22
110 75 1e+22
111 75 1e+22
112 75 1e+22
113 75 1e+22
114 75 1e+22
115 75 1e+22
116 75 1e+22
117 75 1e+22
118 75 1e+22
119 75 1e+22
120 75 1e+22
121 75 1e+22
122 75 1e+22
123 75 1e+22
124 75 1e+22
125 75 1e+22
63 76 1e+22
64 76 1e+22
65 76 1e+22
66 76 9.99828e+21
67 76 9.81575e+21
68 76 8.36961e+21
69 76 5.85125e+21
70 76 3.45865e+21
71 76 1.5601e+21
72 76 7.35377e+20
73 76 6.44111e+20
74 76 6.31506e+20
75 76 6.57965e+20
76 76 6.85052e+20
77 76 7.22219e+20
78 76 7.6394e+20
79 76 7.81744e+20
80 76 7.92374e+20
81 76 7.99696e+20
82 76 8.60352e+20
83 76 1.0911e+21
84 76 2.58517e+21
85 76 4.77707e+21
86 76 6.11158e+21
87 76 7.81272e+21
88 76 9.52182e+21
89 76 1e+22
90 76 1e+22
91 76 1e+22
92 76 1e+22
93 76 1e+22
94 76 1e+22
95 76 1e+22
96 76 1e+22
97 76 1e+22
98 76 1e+22
99 76 1e+22
100 76 1e+22
101 76 1e+22
102 76 1e+22
103 76 1e+22
104 76 1e+22
105 76 1e+22
106 76 1e+22
107 76 1e+22
108 76 1e+22
109 76 1e+22
110 76 1e+22
111 76 1e+22
112 76 1e+22
113 76 1e+22
114 76 1e+22
115 76 1e+22
116 76 1e+22
117 76 1e+22
118 76 1e+22
119 76 1e+22
120 76 1e+22
121 76 1e+22
122 76 1e+22
123 76 1e+22
124 76 1e+22
125 76 1e+22
63 77 1e+22
64 77 9.9989e+21
65 77 9.79404e+21
66 77 8.60776e+21
67 77 6.95629e+21
68 77 4.67772e+21
69 77 2.35138e+21
70 77 1.48804e+21
71 77 1.27535e+21
72 77 1.22159e+21
73 77 1.24358e+21
74 77 1.28729e+21
75 77 1.34733e+21
76 77 1.44036e+21
77 77 1.52382e+21
78 77 1.53515e+21
79 77 1.55801e+21
80 77 1.62104e+21
81 77 1.88322e+21
82 77 3.54716e+21
83 77 5.47692e+21
84 77 7.26179e+21
85 77 9.27687e+21
86 77 1e+22
87 77 1e+22
88 77 1e+22
89 77 1e+22
90 77 1e+22
91 77 1e+22
92 77 1e+22
93 77 1e+22
94 77 1e+22
95 77 1e+22
96 77 1e+22
97 77 1e+22
98 77 1e+22
99 77 1e+22
100 77 1e+22
101 77 1e+22
102 77 1e+22
103 77 1e+22
104 77 1e+22
105 77 1e+22
106 77 1e+22
107 77 1e+22
108 77 1e+22
109 77 1e+22
110 77 1e+22
111 77 1e+22
112 77 1e+22
113 77 1e+22
114 77 1e+22
115 77 1e+22
116 77 1e+22
117 77 1e+22
118 77 1e+22
119 77 1e+22
120 77 1e+22
121 77 1e+22
122 77 1e+22
123 77 1e+22
124 77 1e+22
125 77 1e+22
63 78 9.95872e+21
64 78 9.71657e+21
65 78 8.34206e+21
66 78 5.86213e+21
67 78 4.00677e+21
68 78 3.06136e+21
69 78 2.61503e+21
70 78 2.51289e+21
71 78 2.48388e+21
72 78 2.53695e+21
73 78 2.6365e+21
74 78 2.68103e+21
75 78 2.71697e+21
76 78 2.84744e+21
77 78 2.93794e+21
78 78 2.99909e+21
79 78 3.42606e+21
80 78 4.57939e+21
81 78 5.96428e+21
82 78 7.96467e+21
83 78 9.67317e+21
84 78 1e+22
85 78 1e+22
86 78 1e+22
87 78 1e+22
88 78 1e+22
89 78 1e+22
90 78 1e+22
91 78 1e+22
92 78 1e+22
93 78 1e+22
94 78 1e+22
95 78 1e+22
96 78 1e+22
97 78 1e+22
98 78 1e+22
99 78 1e+22
100 78 1e+22
101 78 1e+22
102 78 1e+22
103 78 1e+22
104 78 1e+22
105 78 1e+22
106 78 1e+22
107 78 1e+22
108 78 1e+22
109 78 1e+22
110 78 1e+22
111 78 1e+22
112 78 1e+22
113 78 1e+22
114 78 1e+22
115 78 1e+22
116 78 1e+22
117 78 1e+22
118 78 1e+22
119 78 1e+22
120 78 1e+22
121 78 1e+22
122 78 1e+22
123 78 1e+22
124 78 1e+22
125 78 1e+22
63 79 9.60263e+21
64 79 8.83917e+21
65 79 7.02406e+21
66 79 5.20155e+21
67 79 4.66643e+21
68 79 4.4965e+21
69 79 4.32976e+21
70 79 4.30674e+21
71 79 4.40327e+21
72 79 4.33905e+21
73 79 4.21315e+21
74 79 3.89882e+21
75 79 3.75114e+21
76 79 3.80728e+21
77 79 3.74661e+21
78 79 3.72973e+21
79 79 4.60403e+21
80 79 6.8562e+21
81 79 8.83993e+21
82 79 9.72234e+21
83 79 1e+22
84 79 1e+22
85 79 1e+22
86 79 1e+22
87 79 1e+22
88 79 1e+22
89 79 1e+22
90 79 1e+22
91 79 1e+22
92 79 1e+22
93 79 1e+22
94 79 1e+22
95 79 1e+22
96 79 1e+22
97 79 1e+22
98 79 1e+22
99 79 1e+22
100 79 1e+22
101 79 1e+22
102 79 1e+22
103 79 1e+22
104 79 1e+22
105 79 1e+22
106 79 1e+22
107 79 1e+22
108 79 1e+22
109 79 1e+22
110 79 1e+22
111 79 1e+22
112 79 1e+22
113 79 1e+22
114 79 1e+22
115 79 1e+22
116 79 1e+22
117 79 1e+22
118 79 1e+22
119 79 1e+22
120 79 1e+22
121 79 1e+22
122 79 1e+22
123 79 1e+22
124 79 1e+22
125 79 1e+22
