0 41 1.38227e+20
1 41 1.38276e+20
2 41 1.38408e+20
3 41 1.38516e+20
4 41 1.38658e+20
5 41 1.38762e+20
6 41 1.38779e+20
7 41 1.38945e+20
8 41 1.3908e+20
9 41 1.39061e+20
10 41 1.39061e+20
11 41 1.39186e+20
12 41 1.39229e+20
13 41 1.39249e+20
14 41 1.39281e+20
15 41 1.39319e+20
16 41 1.39311e+20
17 41 1.39219e+20
18 41 1.39267e+20
19 41 1.39295e+20
20 41 1.39193e+20
21 41 1.3916e+20
22 41 1.39158e+20
23 41 1.39143e+20
24 41 1.3915e+20
25 41 1.39088e+20
26 41 1.38996e+20
27 41 1.38973e+20
28 41 1.38982e+20
29 41 1.38999e+20
30 41 1.38985e+20
31 41 1.38915e+20
32 41 1.38865e+20
33 41 1.38856e+20
34 41 1.38764e+20
35 41 1.3865e+20
36 41 1.38623e+20
37 41 1.38623e+20
38 41 1.3863e+20
39 41 1.38601e+20
40 41 1.3847e+20
41 41 1.38336e+20
42 41 1.38294e+20
43 41 1.38396e+20
44 41 1.38462e+20
45 41 1.38376e+20
46 41 1.38332e+20
47 41 1.38224e+20
48 41 1.3827e+20
49 41 1.38298e+20
50 41 1.38199e+20
51 41 1.38168e+20
52 41 1.38162e+20
53 41 1.38165e+20
54 41 1.38111e+20
55 41 1.38019e+20
56 41 1.38037e+20
57 41 1.38085e+20
58 41 1.38034e+20
59 41 1.38043e+20
60 41 1.38008e+20
61 41 1.3791e+20
62 41 1.37866e+20
0 42 1.41891e+20
1 42 1.4206e+20
2 42 1.42317e+20
3 42 1.42427e+20
4 42 1.42546e+20
5 42 1.42645e+20
6 42 1.42645e+20
7 42 1.42675e+20
8 42 1.42877e+20
9 42 1.42983e+20
10 42 1.42989e+20
11 42 1.43063e+20
12 42 1.43092e+20
13 42 1.43089e+20
14 42 1.43068e+20
15 42 1.43096e+20
16 42 1.43116e+20
17 42 1.43171e+20
18 42 1.43159e+20
19 42 1.43071e+20
20 42 1.43055e+20
21 42 1.43045e+20
22 42 1.43075e+20
23 42 1.4306e+20
24 42 1.4301e+20
25 42 1.42966e+20
26 42 1.42919e+20
27 42 1.42813e+20
28 42 1.42749e+20
29 42 1.42763e+20
30 42 1.42764e+20
31 42 1.4266e+20
32 42 1.42642e+20
33 42 1.42694e+20
34 42 1.42622e+20
35 42 1.4258e+20
36 42 1.42511e+20
37 42 1.42406e+20
38 42 1.42399e+20
39 42 1.42352e+20
40 42 1.42341e+20
41 42 1.42393e+20
42 42 1.42283e+20
43 42 1.42146e+20
44 42 1.42119e+20
45 42 1.42168e+20
46 42 1.42107e+20
47 42 1.42051e+20
48 42 1.42001e+20
49 42 1.41975e+20
50 42 1.42041e+20
51 42 1.41992e+20
52 42 1.42014e+20
53 42 1.42005e+20
54 42 1.41861e+20
55 42 1.41815e+20
56 42 1.4184e+20
57 42 1.41839e+20
58 42 1.418e+20
59 42 1.41771e+20
60 42 1.41858e+20
61 42 1.4187e+20
62 42 1.41667e+20
0 43 1.45877e+20
1 43 1.45985e+20
2 43 1.46083e+20
3 43 1.46249e+20
4 43 1.46485e+20
5 43 1.46566e+20
6 43 1.46663e+20
7 43 1.46689e+20
8 43 1.46718e+20
9 43 1.46838e+20
10 43 1.46955e+20
11 43 1.47009e+20
12 43 1.47005e+20
13 43 1.46995e+20
14 43 1.4703e+20
15 43 1.47108e+20
16 43 1.47148e+20
17 43 1.47129e+20
18 43 1.471e+20
19 43 1.47048e+20
20 43 1.47045e+20
21 43 1.47042e+20
22 43 1.47031e+20
23 43 1.47004e+20
24 43 1.46926e+20
25 43 1.46866e+20
26 43 1.46821e+20
27 43 1.46801e+20
28 43 1.46765e+20
29 43 1.4668e+20
30 43 1.46591e+20
31 43 1.46574e+20
32 43 1.46532e+20
33 43 1.46454e+20
34 43 1.46455e+20
35 43 1.46425e+20
36 43 1.46392e+20
37 43 1.46403e+20
38 43 1.46273e+20
39 43 1.46172e+20
40 43 1.46209e+20
41 43 1.46287e+20
42 43 1.46195e+20
43 43 1.46021e+20
44 43 1.4601e+20
45 43 1.45976e+20
46 43 1.46003e+20
47 43 1.46154e+20
48 43 1.4604e+20
49 43 1.45964e+20
50 43 1.45991e+20
51 43 1.45836e+20
52 43 1.45832e+20
53 43 1.45844e+20
54 43 1.45777e+20
55 43 1.45872e+20
56 43 1.45865e+20
57 43 1.45729e+20
58 43 1.45722e+20
59 43 1.45644e+20
60 43 1.456e+20
61 43 1.4564e+20
62 43 1.45651e+20
0 44 1.49935e+20
1 44 1.50152e+20
2 44 1.50104e+20
3 44 1.50234e+20
4 44 1.50451e+20
5 44 1.50581e+20
6 44 1.50711e+20
7 44 1.50828e+20
8 44 1.50874e+20
9 44 1.50912e+20
10 44 1.51036e+20
11 44 1.5113e+20
12 44 1.5122e+20
13 44 1.51195e+20
14 44 1.51119e+20
15 44 1.51139e+20
16 44 1.51146e+20
17 44 1.5112e+20
18 44 1.51099e+20
19 44 1.51057e+20
20 44 1.51047e+20
21 44 1.51042e+20
22 44 1.50961e+20
23 44 1.50976e+20
24 44 1.51003e+20
25 44 1.50922e+20
26 44 1.50835e+20
27 44 1.5084e+20
28 44 1.50785e+20
29 44 1.50689e+20
30 44 1.50652e+20
31 44 1.50638e+20
32 44 1.50504e+20
33 44 1.50344e+20
34 44 1.50355e+20
35 44 1.50366e+20
36 44 1.50338e+20
37 44 1.50387e+20
38 44 1.50357e+20
39 44 1.50262e+20
40 44 1.50169e+20
41 44 1.50102e+20
42 44 1.50092e+20
43 44 1.50083e+20
44 44 1.50049e+20
45 44 1.50007e+20
46 44 1.50015e+20
47 44 1.50049e+20
48 44 1.50017e+20
49 44 1.49916e+20
50 44 1.4992e+20
51 44 1.49819e+20
52 44 1.49715e+20
53 44 1.49823e+20
54 44 1.49847e+20
55 44 1.4987e+20
56 44 1.49841e+20
57 44 1.49695e+20
58 44 1.49641e+20
59 44 1.49687e+20
60 44 1.49715e+20
61 44 1.49666e+20
62 44 1.49661e+20
0 45 1.54091e+20
1 45 1.54282e+20
2 45 1.54442e+20
3 45 1.54529e+20
4 45 1.5458e+20
5 45 1.54834e+20
6 45 1.54929e+20
7 45 1.54988e+20
8 45 1.5504e+20
9 45 1.55097e+20
10 45 1.5525e+20
11 45 1.55294e+20
12 45 1.55345e+20
13 45 1.5536e+20
14 45 1.55353e+20
15 45 1.55306e+20
16 45 1.55268e+20
17 45 1.55305e+20
18 45 1.55246e+20
19 45 1.55251e+20
20 45 1.55228e+20
21 45 1.55158e+20
22 45 1.55189e+20
23 45 1.55119e+20
24 45 1.54992e+20
25 45 1.54939e+20
26 45 1.54884e+20
27 45 1.54845e+20
28 45 1.54834e+20
29 45 1.54791e+20
30 45 1.54743e+20
31 45 1.54681e+20
32 45 1.54623e+20
33 45 1.54608e+20
34 45 1.54553e+20
35 45 1.54504e+20
36 45 1.54417e+20
37 45 1.54262e+20
38 45 1.54329e+20
39 45 1.54388e+20
40 45 1.54325e+20
41 45 1.54329e+20
42 45 1.54332e+20
43 45 1.54299e+20
44 45 1.5417e+20
45 45 1.54139e+20
46 45 1.54123e+20
47 45 1.53966e+20
48 45 1.53993e+20
49 45 1.54052e+20
50 45 1.53984e+20
51 45 1.53986e+20
52 45 1.53978e+20
53 45 1.53967e+20
54 45 1.53975e+20
55 45 1.53843e+20
56 45 1.5378e+20
57 45 1.53873e+20
58 45 1.53859e+20
59 45 1.53851e+20
60 45 1.53815e+20
61 45 1.53781e+20
62 45 1.5379e+20
0 46 1.58365e+20
1 46 1.58283e+20
2 46 1.5846e+20
3 46 1.58764e+20
4 46 1.58915e+20
5 46 1.58972e+20
6 46 1.59083e+20
7 46 1.59194e+20
8 46 1.59276e+20
9 46 1.59372e+20
10 46 1.59413e+20
11 46 1.59436e+20
12 46 1.59472e+20
13 46 1.59555e+20
14 46 1.59617e+20
15 46 1.59635e+20
16 46 1.59663e+20
17 46 1.59616e+20
18 46 1.59578e+20
19 46 1.59567e+20
20 46 1.59495e+20
21 46 1.59438e+20
22 46 1.594e+20
23 46 1.59269e+20
24 46 1.59186e+20
25 46 1.59218e+20
26 46 1.59186e+20
27 46 1.59108e+20
28 46 1.59027e+20
29 46 1.5901e+20
30 46 1.58945e+20
31 46 1.58837e+20
32 46 1.58849e+20
33 46 1.5879e+20
34 46 1.58716e+20
35 46 1.58698e+20
36 46 1.58634e+20
37 46 1.58561e+20
38 46 1.58583e+20
39 46 1.58632e+20
40 46 1.58545e+20
41 46 1.58509e+20
42 46 1.58472e+20
43 46 1.58414e+20
44 46 1.58447e+20
45 46 1.58385e+20
46 46 1.58348e+20
47 46 1.58266e+20
48 46 1.58184e+20
49 46 1.58177e+20
50 46 1.58086e+20
51 46 1.58152e+20
52 46 1.58228e+20
53 46 1.58201e+20
54 46 1.58215e+20
55 46 1.58131e+20
56 46 1.581e+20
57 46 1.58156e+20
58 46 1.58144e+20
59 46 1.58142e+20
60 46 1.58025e+20
61 46 1.57896e+20
62 46 1.57965e+20
0 47 1.62577e+20
1 47 1.62631e+20
2 47 1.62865e+20
3 47 1.63043e+20
4 47 1.632e+20
5 47 1.6331e+20
6 47 1.63487e+20
7 47 1.6367e+20
8 47 1.6379e+20
9 47 1.6383e+20
10 47 1.63777e+20
11 47 1.63739e+20
12 47 1.63848e+20
13 47 1.63952e+20
14 47 1.63918e+20
15 47 1.63926e+20
16 47 1.63956e+20
17 47 1.63955e+20
18 47 1.6396e+20
19 47 1.6388e+20
20 47 1.63851e+20
21 47 1.63799e+20
22 47 1.63642e+20
23 47 1.63651e+20
24 47 1.63722e+20
25 47 1.63593e+20
26 47 1.63585e+20
27 47 1.63535e+20
28 47 1.63321e+20
29 47 1.63312e+20
30 47 1.63255e+20
31 47 1.63195e+20
32 47 1.63235e+20
33 47 1.63222e+20
34 47 1.63122e+20
35 47 1.62955e+20
36 47 1.62995e+20
37 47 1.63049e+20
38 47 1.6281e+20
39 47 1.62735e+20
40 47 1.6277e+20
41 47 1.62635e+20
42 47 1.62673e+20
43 47 1.62679e+20
44 47 1.62756e+20
45 47 1.62806e+20
46 47 1.62626e+20
47 47 1.62541e+20
48 47 1.62529e+20
49 47 1.62517e+20
50 47 1.62465e+20
51 47 1.62461e+20
52 47 1.62508e+20
53 47 1.62522e+20
54 47 1.6244e+20
55 47 1.6245e+20
56 47 1.62465e+20
57 47 1.62354e+20
58 47 1.62277e+20
59 47 1.62271e+20
60 47 1.62369e+20
61 47 1.62329e+20
62 47 1.62219e+20
0 48 1.6696e+20
1 48 1.67126e+20
2 48 1.67492e+20
3 48 1.67654e+20
4 48 1.6774e+20
5 48 1.67903e+20
6 48 1.67975e+20
7 48 1.68103e+20
8 48 1.68246e+20
9 48 1.68354e+20
10 48 1.68372e+20
11 48 1.68341e+20
12 48 1.6842e+20
13 48 1.6845e+20
14 48 1.68475e+20
15 48 1.68463e+20
16 48 1.6842e+20
17 48 1.68407e+20
18 48 1.68397e+20
19 48 1.68446e+20
20 48 1.6842e+20
21 48 1.68293e+20
22 48 1.68258e+20
23 48 1.68224e+20
24 48 1.6803e+20
25 48 1.67899e+20
26 48 1.67938e+20
27 48 1.67896e+20
28 48 1.67879e+20
29 48 1.67797e+20
30 48 1.67718e+20
31 48 1.67751e+20
32 48 1.6765e+20
33 48 1.67553e+20
34 48 1.67471e+20
35 48 1.6737e+20
36 48 1.67365e+20
37 48 1.67385e+20
38 48 1.67218e+20
39 48 1.67137e+20
40 48 1.67247e+20
41 48 1.67143e+20
42 48 1.67011e+20
43 48 1.67054e+20
44 48 1.67055e+20
45 48 1.67097e+20
46 48 1.67088e+20
47 48 1.66985e+20
48 48 1.66985e+20
49 48 1.66997e+20
50 48 1.67029e+20
51 48 1.67028e+20
52 48 1.66954e+20
53 48 1.66842e+20
54 48 1.66816e+20
55 48 1.66875e+20
56 48 1.66843e+20
57 48 1.66784e+20
58 48 1.66718e+20
59 48 1.66666e+20
60 48 1.66678e+20
61 48 1.66673e+20
62 48 1.66618e+20
0 49 1.71647e+20
1 49 1.71816e+20
2 49 1.71881e+20
3 49 1.72077e+20
4 49 1.7236e+20
5 49 1.72498e+20
6 49 1.72636e+20
7 49 1.72744e+20
8 49 1.72781e+20
9 49 1.72875e+20
10 49 1.73031e+20
11 49 1.73143e+20
12 49 1.73085e+20
13 49 1.73071e+20
14 49 1.73103e+20
15 49 1.73112e+20
16 49 1.73096e+20
17 49 1.73036e+20
18 49 1.72974e+20
19 49 1.72958e+20
20 49 1.72931e+20
21 49 1.72847e+20
22 49 1.72813e+20
23 49 1.72773e+20
24 49 1.72595e+20
25 49 1.7254e+20
26 49 1.72516e+20
27 49 1.72431e+20
28 49 1.72426e+20
29 49 1.72263e+20
30 49 1.72218e+20
31 49 1.72239e+20
32 49 1.72058e+20
33 49 1.71898e+20
34 49 1.71927e+20
35 49 1.72023e+20
36 49 1.71916e+20
37 49 1.71824e+20
38 49 1.71953e+20
39 49 1.71906e+20
40 49 1.71747e+20
41 49 1.71784e+20
42 49 1.71709e+20
43 49 1.71694e+20
44 49 1.71674e+20
45 49 1.71535e+20
46 49 1.71509e+20
47 49 1.71605e+20
48 49 1.7156e+20
49 49 1.71401e+20
50 49 1.71489e+20
51 49 1.71466e+20
52 49 1.71346e+20
53 49 1.71352e+20
54 49 1.71329e+20
55 49 1.71321e+20
56 49 1.71334e+20
57 49 1.71331e+20
58 49 1.71392e+20
59 49 1.71344e+20
60 49 1.71201e+20
61 49 1.71194e+20
62 49 1.71204e+20
0 50 1.76335e+20
1 50 1.7644e+20
2 50 1.76662e+20
3 50 1.76863e+20
4 50 1.7691e+20
5 50 1.77077e+20
6 50 1.77317e+20
7 50 1.77447e+20
8 50 1.77544e+20
9 50 1.77646e+20
10 50 1.77735e+20
11 50 1.77787e+20
12 50 1.77754e+20
13 50 1.77773e+20
14 50 1.77844e+20
15 50 1.7777e+20
16 50 1.7768e+20
17 50 1.77674e+20
18 50 1.77627e+20
19 50 1.77532e+20
20 50 1.77496e+20
21 50 1.77498e+20
22 50 1.77415e+20
23 50 1.77347e+20
24 50 1.77368e+20
25 50 1.77345e+20
26 50 1.7717e+20
27 50 1.77003e+20
28 50 1.76895e+20
29 50 1.76863e+20
30 50 1.76848e+20
31 50 1.76761e+20
32 50 1.76728e+20
33 50 1.76635e+20
34 50 1.76531e+20
35 50 1.76525e+20
36 50 1.76499e+20
37 50 1.76461e+20
38 50 1.76512e+20
39 50 1.76381e+20
40 50 1.76288e+20
41 50 1.76397e+20
42 50 1.76452e+20
43 50 1.76347e+20
44 50 1.76246e+20
45 50 1.76176e+20
46 50 1.76091e+20
47 50 1.76184e+20
48 50 1.76196e+20
49 50 1.76164e+20
50 50 1.76074e+20
51 50 1.75982e+20
52 50 1.76054e+20
53 50 1.76071e+20
54 50 1.75996e+20
55 50 1.7596e+20
56 50 1.75947e+20
57 50 1.759e+20
58 50 1.75938e+20
59 50 1.75905e+20
60 50 1.75858e+20
61 50 1.75917e+20
62 50 1.75955e+20
0 51 1.80978e+20
1 51 1.81153e+20
2 51 1.81514e+20
3 51 1.81737e+20
4 51 1.81837e+20
5 51 1.81983e+20
6 51 1.82131e+20
7 51 1.82233e+20
8 51 1.8234e+20
9 51 1.82468e+20
10 51 1.82484e+20
11 51 1.82506e+20
12 51 1.82641e+20
13 51 1.82674e+20
14 51 1.82648e+20
15 51 1.82626e+20
16 51 1.82601e+20
17 51 1.82546e+20
18 51 1.82499e+20
19 51 1.82468e+20
20 51 1.8232e+20
21 51 1.82196e+20
22 51 1.82098e+20
23 51 1.82012e+20
24 51 1.82023e+20
25 51 1.82e+20
26 51 1.81815e+20
27 51 1.81718e+20
28 51 1.81742e+20
29 51 1.81726e+20
30 51 1.81602e+20
31 51 1.81433e+20
32 51 1.81344e+20
33 51 1.81359e+20
34 51 1.81278e+20
35 51 1.81217e+20
36 51 1.81255e+20
37 51 1.81102e+20
38 51 1.81018e+20
39 51 1.81071e+20
40 51 1.81085e+20
41 51 1.81043e+20
42 51 1.80998e+20
43 51 1.8097e+20
44 51 1.80892e+20
45 51 1.80938e+20
46 51 1.81064e+20
47 51 1.80986e+20
48 51 1.80886e+20
49 51 1.80883e+20
50 51 1.80849e+20
51 51 1.80923e+20
52 51 1.80945e+20
53 51 1.80914e+20
54 51 1.8086e+20
55 51 1.80752e+20
56 51 1.80673e+20
57 51 1.80619e+20
58 51 1.80605e+20
59 51 1.80673e+20
60 51 1.80721e+20
61 51 1.80627e+20
62 51 1.80607e+20
0 52 1.86016e+20
1 52 1.86165e+20
2 52 1.86381e+20
3 52 1.86531e+20
4 52 1.8682e+20
5 52 1.87081e+20
6 52 1.87137e+20
7 52 1.87195e+20
8 52 1.87241e+20
9 52 1.87332e+20
10 52 1.87443e+20
11 52 1.87514e+20
12 52 1.87587e+20
13 52 1.87593e+20
14 52 1.87565e+20
15 52 1.87607e+20
16 52 1.87646e+20
17 52 1.87588e+20
18 52 1.87504e+20
19 52 1.87415e+20
20 52 1.87301e+20
21 52 1.87128e+20
22 52 1.87024e+20
23 52 1.8702e+20
24 52 1.86936e+20
25 52 1.86789e+20
26 52 1.86714e+20
27 52 1.86716e+20
28 52 1.867e+20
29 52 1.86518e+20
30 52 1.86299e+20
31 52 1.86197e+20
32 52 1.86088e+20
33 52 1.86142e+20
34 52 1.86187e+20
35 52 1.86073e+20
36 52 1.86121e+20
37 52 1.8608e+20
38 52 1.85953e+20
39 52 1.85974e+20
40 52 1.85939e+20
41 52 1.85895e+20
42 52 1.85931e+20
43 52 1.85978e+20
44 52 1.85911e+20
45 52 1.85851e+20
46 52 1.85877e+20
47 52 1.85821e+20
48 52 1.85778e+20
49 52 1.85707e+20
50 52 1.85687e+20
51 52 1.85756e+20
52 52 1.85775e+20
53 52 1.85703e+20
54 52 1.85619e+20
55 52 1.85664e+20
56 52 1.8568e+20
57 52 1.85697e+20
58 52 1.85662e+20
59 52 1.8562e+20
60 52 1.85616e+20
61 52 1.85498e+20
62 52 1.85419e+20
0 53 1.90879e+20
1 53 1.91077e+20
2 53 1.91272e+20
3 53 1.91585e+20
4 53 1.91782e+20
5 53 1.91985e+20
6 53 1.92163e+20
7 53 1.92262e+20
8 53 1.92454e+20
9 53 1.92462e+20
10 53 1.92503e+20
11 53 1.92619e+20
12 53 1.92548e+20
13 53 1.92652e+20
14 53 1.9273e+20
15 53 1.9264e+20
16 53 1.92633e+20
17 53 1.92577e+20
18 53 1.92488e+20
19 53 1.92393e+20
20 53 1.92387e+20
21 53 1.92388e+20
22 53 1.92279e+20
23 53 1.92063e+20
24 53 1.91954e+20
25 53 1.9191e+20
26 53 1.91743e+20
27 53 1.91569e+20
28 53 1.91448e+20
29 53 1.91375e+20
30 53 1.91298e+20
31 53 1.91276e+20
32 53 1.91306e+20
33 53 1.91241e+20
34 53 1.91194e+20
35 53 1.91105e+20
36 53 1.91055e+20
37 53 1.91136e+20
38 53 1.91093e+20
39 53 1.9097e+20
40 53 1.90918e+20
41 53 1.90904e+20
42 53 1.90953e+20
43 53 1.90959e+20
44 53 1.90919e+20
45 53 1.90876e+20
46 53 1.90797e+20
47 53 1.90718e+20
48 53 1.90749e+20
49 53 1.90903e+20
50 53 1.90816e+20
51 53 1.90636e+20
52 53 1.90617e+20
53 53 1.90561e+20
54 53 1.9069e+20
55 53 1.90735e+20
56 53 1.90636e+20
57 53 1.90691e+20
58 53 1.90638e+20
59 53 1.90577e+20
60 53 1.90597e+20
61 53 1.90602e+20
62 53 1.906e+20
0 54 1.96025e+20
1 54 1.96321e+20
2 54 1.96442e+20
3 54 1.96733e+20
4 54 1.96982e+20
5 54 1.96992e+20
6 54 1.97262e+20
7 54 1.97417e+20
8 54 1.97544e+20
9 54 1.97706e+20
10 54 1.97842e+20
11 54 1.97915e+20
12 54 1.97809e+20
13 54 1.97867e+20
14 54 1.97947e+20
15 54 1.97881e+20
16 54 1.97764e+20
17 54 1.9772e+20
18 54 1.97701e+20
19 54 1.97651e+20
20 54 1.97495e+20
21 54 1.9736e+20
22 54 1.97402e+20
23 54 1.97185e+20
24 54 1.96909e+20
25 54 1.96886e+20
26 54 1.96757e+20
27 54 1.96511e+20
28 54 1.96374e+20
29 54 1.96436e+20
30 54 1.96468e+20
31 54 1.96399e+20
32 54 1.96393e+20
33 54 1.96379e+20
34 54 1.96319e+20
35 54 1.963e+20
36 54 1.96151e+20
37 54 1.96116e+20
38 54 1.96182e+20
39 54 1.96108e+20
40 54 1.96077e+20
41 54 1.95981e+20
42 54 1.95918e+20
43 54 1.95893e+20
44 54 1.95914e+20
45 54 1.9594e+20
46 54 1.95845e+20
47 54 1.95788e+20
48 54 1.9585e+20
49 54 1.95955e+20
50 54 1.95949e+20
51 54 1.95834e+20
52 54 1.95734e+20
53 54 1.95772e+20
54 54 1.95821e+20
55 54 1.95723e+20
56 54 1.95685e+20
57 54 1.95642e+20
58 54 1.956e+20
59 54 1.95634e+20
60 54 1.95633e+20
61 54 1.95627e+20
62 54 1.95691e+20
0 55 2.0145e+20
1 55 2.01593e+20
2 55 2.01819e+20
3 55 2.02091e+20
4 55 2.0235e+20
5 55 2.02491e+20
6 55 2.02599e+20
7 55 2.02821e+20
8 55 2.02959e+20
9 55 2.031e+20
10 55 2.03201e+20
11 55 2.03221e+20
12 55 2.03328e+20
13 55 2.03252e+20
14 55 2.03232e+20
15 55 2.03203e+20
16 55 2.03095e+20
17 55 2.0315e+20
18 55 2.03081e+20
19 55 2.02902e+20
20 55 2.02718e+20
21 55 2.02651e+20
22 55 2.02605e+20
23 55 2.0245e+20
24 55 2.02272e+20
25 55 2.02068e+20
26 55 2.01911e+20
27 55 2.01835e+20
28 55 2.01748e+20
29 55 2.01673e+20
30 55 2.01612e+20
31 55 2.01576e+20
32 55 2.01538e+20
33 55 2.01443e+20
34 55 2.01452e+20
35 55 2.01462e+20
36 55 2.01359e+20
37 55 2.01382e+20
38 55 2.01352e+20
39 55 2.01326e+20
40 55 2.01344e+20
41 55 2.01297e+20
42 55 2.01163e+20
43 55 2.01106e+20
44 55 2.01185e+20
45 55 2.0116e+20
46 55 2.01116e+20
47 55 2.0118e+20
48 55 2.01102e+20
49 55 2.00925e+20
50 55 2.01021e+20
51 55 2.01077e+20
52 55 2.01075e+20
53 55 2.01037e+20
54 55 2.00908e+20
55 55 2.00973e+20
56 55 2.01047e+20
57 55 2.00985e+20
58 55 2.00982e+20
59 55 2.00918e+20
60 55 2.00803e+20
61 55 2.0075e+20
62 55 2.00734e+20
0 56 2.0672e+20
1 56 2.06775e+20
2 56 2.07206e+20
3 56 2.07501e+20
4 56 2.07721e+20
5 56 2.08007e+20
6 56 2.08119e+20
7 56 2.08336e+20
8 56 2.08506e+20
9 56 2.0861e+20
10 56 2.0869e+20
11 56 2.08724e+20
12 56 2.08836e+20
13 56 2.0877e+20
14 56 2.08653e+20
15 56 2.08648e+20
16 56 2.08642e+20
17 56 2.08554e+20
18 56 2.08443e+20
19 56 2.0824e+20
20 56 2.08076e+20
21 56 2.08109e+20
22 56 2.07925e+20
23 56 2.07725e+20
24 56 2.07674e+20
25 56 2.0747e+20
26 56 2.07216e+20
27 56 2.07214e+20
28 56 2.07241e+20
29 56 2.07002e+20
30 56 2.06896e+20
31 56 2.06941e+20
32 56 2.06905e+20
33 56 2.06825e+20
34 56 2.06807e+20
35 56 2.06831e+20
36 56 2.06783e+20
37 56 2.06604e+20
38 56 2.06464e+20
39 56 2.06619e+20
40 56 2.06652e+20
41 56 2.06613e+20
42 56 2.0662e+20
43 56 2.066e+20
44 56 2.06592e+20
45 56 2.06569e+20
46 56 2.06552e+20
47 56 2.06482e+20
48 56 2.0641e+20
49 56 2.06392e+20
50 56 2.06432e+20
51 56 2.06429e+20
52 56 2.06466e+20
53 56 2.06436e+20
54 56 2.06379e+20
55 56 2.06378e+20
56 56 2.06311e+20
57 56 2.06334e+20
58 56 2.06386e+20
59 56 2.06378e+20
60 56 2.06366e+20
61 56 2.06354e+20
62 56 2.06264e+20
0 57 2.12234e+20
1 57 2.12454e+20
2 57 2.12747e+20
3 57 2.13065e+20
4 57 2.13279e+20
5 57 2.13425e+20
6 57 2.13749e+20
7 57 2.13976e+20
8 57 2.14051e+20
9 57 2.14207e+20
10 57 2.14176e+20
11 57 2.14231e+20
12 57 2.14331e+20
13 57 2.14274e+20
14 57 2.14291e+20
15 57 2.1428e+20
16 57 2.1418e+20
17 57 2.14028e+20
18 57 2.13924e+20
19 57 2.13814e+20
20 57 2.13642e+20
21 57 2.13418e+20
22 57 2.13262e+20
23 57 2.13155e+20
24 57 2.12974e+20
25 57 2.12901e+20
26 57 2.12862e+20
27 57 2.1266e+20
28 57 2.1245e+20
29 57 2.12401e+20
30 57 2.12478e+20
31 57 2.12479e+20
32 57 2.12345e+20
33 57 2.12346e+20
34 57 2.12308e+20
35 57 2.1229e+20
36 57 2.12281e+20
37 57 2.12133e+20
38 57 2.12111e+20
39 57 2.12117e+20
40 57 2.1215e+20
41 57 2.12146e+20
42 57 2.12036e+20
43 57 2.12003e+20
44 57 2.11999e+20
45 57 2.12026e+20
46 57 2.12036e+20
47 57 2.11969e+20
48 57 2.12001e+20
49 57 2.12011e+20
50 57 2.11908e+20
51 57 2.11913e+20
52 57 2.11936e+20
53 57 2.12016e+20
54 57 2.12039e+20
55 57 2.11953e+20
56 57 2.11875e+20
57 57 2.1184e+20
58 57 2.11811e+20
59 57 2.11741e+20
60 57 2.11757e+20
61 57 2.11826e+20
62 57 2.11841e+20
0 58 2.17892e+20
1 58 2.18159e+20
2 58 2.18368e+20
3 58 2.18691e+20
4 58 2.18977e+20
5 58 2.19111e+20
6 58 2.193e+20
7 58 2.19626e+20
8 58 2.19841e+20
9 58 2.19856e+20
10 58 2.19865e+20
11 58 2.19948e+20
12 58 2.20089e+20
13 58 2.20129e+20
14 58 2.20084e+20
15 58 2.20032e+20
16 58 2.19943e+20
17 58 2.19771e+20
18 58 2.19545e+20
19 58 2.19583e+20
20 58 2.19511e+20
21 58 2.19074e+20
22 58 2.18776e+20
23 58 2.18627e+20
24 58 2.18547e+20
25 58 2.18404e+20
26 58 2.18404e+20
27 58 2.18268e+20
28 58 2.17959e+20
29 58 2.18036e+20
30 58 2.18052e+20
31 58 2.17966e+20
32 58 2.17991e+20
33 58 2.18003e+20
34 58 2.17931e+20
35 58 2.17833e+20
36 58 2.17845e+20
37 58 2.17866e+20
38 58 2.17854e+20
39 58 2.1772e+20
40 58 2.17635e+20
41 58 2.17676e+20
42 58 2.17632e+20
43 58 2.17633e+20
44 58 2.17662e+20
45 58 2.17615e+20
46 58 2.17628e+20
47 58 2.17665e+20
48 58 2.17573e+20
49 58 2.17561e+20
50 58 2.17619e+20
51 58 2.17585e+20
52 58 2.17591e+20
53 58 2.17571e+20
54 58 2.17494e+20
55 58 2.17516e+20
56 58 2.17587e+20
57 58 2.17517e+20
58 58 2.17441e+20
59 58 2.17396e+20
60 58 2.17352e+20
61 58 2.17362e+20
62 58 2.17392e+20
0 59 2.23674e+20
1 59 2.23853e+20
2 59 2.2424e+20
3 59 2.24458e+20
4 59 2.24673e+20
5 59 2.2505e+20
6 59 2.2517e+20
7 59 2.25229e+20
8 59 2.25457e+20
9 59 2.25666e+20
10 59 2.2596e+20
11 59 2.26023e+20
12 59 2.25913e+20
13 59 2.25999e+20
14 59 2.25935e+20
15 59 2.259e+20
16 59 2.25828e+20
17 59 2.25562e+20
18 59 2.25433e+20
19 59 2.25334e+20
20 59 2.25152e+20
21 59 2.24909e+20
22 59 2.24624e+20
23 59 2.24454e+20
24 59 2.24222e+20
25 59 2.23862e+20
26 59 2.23826e+20
27 59 2.24019e+20
28 59 2.2407e+20
29 59 2.23992e+20
30 59 2.23883e+20
31 59 2.23683e+20
32 59 2.23654e+20
33 59 2.2369e+20
34 59 2.23605e+20
35 59 2.23535e+20
36 59 2.2355e+20
37 59 2.23515e+20
38 59 2.23502e+20
39 59 2.23517e+20
40 59 2.23377e+20
41 59 2.23388e+20
42 59 2.23566e+20
43 59 2.23545e+20
44 59 2.23424e+20
45 59 2.23339e+20
46 59 2.23285e+20
47 59 2.23265e+20
48 59 2.23301e+20
49 59 2.23332e+20
50 59 2.23332e+20
51 59 2.23344e+20
52 59 2.23352e+20
53 59 2.23299e+20
54 59 2.23173e+20
55 59 2.23187e+20
56 59 2.23335e+20
57 59 2.23313e+20
58 59 2.23281e+20
59 59 2.2334e+20
60 59 2.23335e+20
61 59 2.23298e+20
62 59 2.23234e+20
0 60 2.29535e+20
1 60 2.2989e+20
2 60 2.30285e+20
3 60 2.3046e+20
4 60 2.30603e+20
5 60 2.3102e+20
6 60 2.31497e+20
7 60 2.31501e+20
8 60 2.31548e+20
9 60 2.3161e+20
10 60 2.31811e+20
11 60 2.31989e+20
12 60 2.3193e+20
13 60 2.31967e+20
14 60 2.31907e+20
15 60 2.31783e+20
16 60 2.31684e+20
17 60 2.31618e+20
18 60 2.31534e+20
19 60 2.31206e+20
20 60 2.30976e+20
21 60 2.30802e+20
22 60 2.30501e+20
23 60 2.30277e+20
24 60 2.29934e+20
25 60 2.29861e+20
26 60 2.29944e+20
27 60 2.299e+20
28 60 2.29879e+20
29 60 2.2976e+20
30 60 2.29699e+20
31 60 2.29674e+20
32 60 2.29512e+20
33 60 2.29494e+20
34 60 2.2953e+20
35 60 2.29445e+20
36 60 2.29413e+20
37 60 2.29376e+20
38 60 2.29407e+20
39 60 2.29443e+20
40 60 2.29406e+20
41 60 2.29352e+20
42 60 2.29342e+20
43 60 2.29297e+20
44 60 2.29263e+20
45 60 2.29287e+20
46 60 2.29267e+20
47 60 2.29334e+20
48 60 2.29363e+20
49 60 2.2925e+20
50 60 2.29156e+20
51 60 2.29274e+20
52 60 2.29295e+20
53 60 2.29244e+20
54 60 2.2929e+20
55 60 2.29237e+20
56 60 2.29183e+20
57 60 2.29231e+20
58 60 2.2922e+20
59 60 2.29169e+20
60 60 2.29193e+20
61 60 2.29156e+20
62 60 2.29121e+20
0 61 2.35556e+20
1 61 2.35973e+20
2 61 2.36396e+20
3 61 2.36681e+20
4 61 2.36919e+20
5 61 2.37051e+20
6 61 2.37257e+20
7 61 2.37721e+20
8 61 2.37907e+20
9 61 2.37888e+20
10 61 2.37975e+20
11 61 2.38091e+20
12 61 2.38162e+20
13 61 2.38136e+20
14 61 2.38129e+20
15 61 2.37977e+20
16 61 2.37803e+20
17 61 2.37743e+20
18 61 2.37581e+20
19 61 2.37231e+20
20 61 2.3694e+20
21 61 2.36666e+20
22 61 2.36323e+20
23 61 2.36018e+20
24 61 2.35889e+20
25 61 2.3604e+20
26 61 2.36052e+20
27 61 2.35889e+20
28 61 2.35807e+20
29 61 2.35648e+20
30 61 2.35467e+20
31 61 2.35552e+20
32 61 2.35681e+20
33 61 2.35614e+20
34 61 2.35543e+20
35 61 2.35528e+20
36 61 2.35501e+20
37 61 2.35468e+20
38 61 2.35463e+20
39 61 2.35499e+20
40 61 2.35485e+20
41 61 2.35409e+20
42 61 2.3538e+20
43 61 2.35385e+20
44 61 2.35328e+20
45 61 2.35342e+20
46 61 2.35432e+20
47 61 2.3547e+20
48 61 2.35399e+20
49 61 2.35349e+20
50 61 2.35307e+20
51 61 2.35333e+20
52 61 2.35362e+20
53 61 2.35288e+20
54 61 2.35343e+20
55 61 2.35358e+20
56 61 2.35233e+20
57 61 2.35215e+20
58 61 2.35207e+20
59 61 2.35274e+20
60 61 2.35211e+20
61 61 2.35171e+20
62 61 2.35184e+20
0 62 2.41874e+20
1 62 2.42124e+20
2 62 2.42387e+20
3 62 2.42809e+20
4 62 2.43222e+20
5 62 2.43428e+20
6 62 2.43599e+20
7 62 2.4388e+20
8 62 2.44133e+20
9 62 2.44312e+20
10 62 2.44295e+20
11 62 2.44301e+20
12 62 2.44329e+20
13 62 2.44257e+20
14 62 2.444e+20
15 62 2.44391e+20
16 62 2.44133e+20
17 62 2.43936e+20
18 62 2.4363e+20
19 62 2.43228e+20
20 62 2.42872e+20
21 62 2.42657e+20
22 62 2.42402e+20
23 62 2.42148e+20
24 62 2.42172e+20
25 62 2.4208e+20
26 62 2.41932e+20
27 62 2.41939e+20
28 62 2.41985e+20
29 62 2.41914e+20
30 62 2.41738e+20
31 62 2.41625e+20
32 62 2.41552e+20
33 62 2.41578e+20
34 62 2.41667e+20
35 62 2.41674e+20
36 62 2.41643e+20
37 62 2.41685e+20
38 62 2.41678e+20
39 62 2.4162e+20
40 62 2.4159e+20
41 62 2.41652e+20
42 62 2.41738e+20
43 62 2.41634e+20
44 62 2.41568e+20
45 62 2.4167e+20
46 62 2.41704e+20
47 62 2.41621e+20
48 62 2.41619e+20
49 62 2.41671e+20
50 62 2.41708e+20
51 62 2.41616e+20
52 62 2.41472e+20
53 62 2.41527e+20
54 62 2.41526e+20
55 62 2.41517e+20
56 62 2.41499e+20
57 62 2.41417e+20
58 62 2.41455e+20
59 62 2.41505e+20
60 62 2.41469e+20
61 62 2.41398e+20
62 62 2.41368e+20
0 63 2.48415e+20
1 63 2.48478e+20
2 63 2.48721e+20
3 63 2.49052e+20
4 63 2.49528e+20
5 63 2.49902e+20
6 63 2.50216e+20
7 63 2.5037e+20
8 63 2.505e+20
9 63 2.50743e+20
10 63 2.50828e+20
11 63 2.50815e+20
12 63 2.50867e+20
13 63 2.50883e+20
14 63 2.50742e+20
15 63 2.50658e+20
16 63 2.50573e+20
17 63 2.50274e+20
18 63 2.49832e+20
19 63 2.49557e+20
20 63 2.49245e+20
21 63 2.48864e+20
22 63 2.48677e+20
23 63 2.48565e+20
24 63 2.48559e+20
25 63 2.4837e+20
26 63 2.48242e+20
27 63 2.48256e+20
28 63 2.48098e+20
29 63 2.48099e+20
30 63 2.48238e+20
31 63 2.48146e+20
32 63 2.4789e+20
33 63 2.47804e+20
34 63 2.47845e+20
35 63 2.47941e+20
36 63 2.47953e+20
37 63 2.47914e+20
38 63 2.47913e+20
39 63 2.47929e+20
40 63 2.47935e+20
41 63 2.47928e+20
42 63 2.47885e+20
43 63 2.47918e+20
44 63 2.48073e+20
45 63 2.48068e+20
46 63 2.47898e+20
47 63 2.47776e+20
48 63 2.47866e+20
49 63 2.47968e+20
50 63 2.48107e+20
51 63 2.4815e+20
52 63 2.47947e+20
53 63 2.47897e+20
54 63 2.48e+20
55 63 2.47961e+20
56 63 2.47921e+20
57 63 2.47941e+20
58 63 2.47879e+20
59 63 2.47753e+20
60 63 2.47807e+20
61 63 2.47781e+20
62 63 2.47714e+20
0 64 2.55064e+20
1 64 2.55191e+20
2 64 2.55452e+20
3 64 2.55726e+20
4 64 2.56024e+20
5 64 2.56408e+20
6 64 2.56609e+20
7 64 2.5684e+20
8 64 2.57042e+20
9 64 2.57215e+20
10 64 2.57344e+20
11 64 2.5737e+20
12 64 2.57348e+20
13 64 2.57466e+20
14 64 2.57318e+20
15 64 2.57099e+20
16 64 2.57129e+20
17 64 2.56805e+20
18 64 2.56553e+20
19 64 2.56231e+20
20 64 2.55668e+20
21 64 2.55214e+20
22 64 2.5502e+20
23 64 2.54999e+20
24 64 2.54904e+20
25 64 2.54765e+20
26 64 2.54622e+20
27 64 2.54599e+20
28 64 2.54466e+20
29 64 2.54387e+20
30 64 2.54482e+20
31 64 2.54541e+20
32 64 2.54604e+20
33 64 2.54463e+20
34 64 2.5434e+20
35 64 2.54404e+20
36 64 2.54419e+20
37 64 2.54343e+20
38 64 2.54331e+20
39 64 2.54399e+20
40 64 2.54412e+20
41 64 2.54397e+20
42 64 2.54379e+20
43 64 2.54458e+20
44 64 2.54505e+20
45 64 2.54418e+20
46 64 2.54325e+20
47 64 2.54329e+20
48 64 2.54346e+20
49 64 2.54276e+20
50 64 2.5425e+20
51 64 2.54353e+20
52 64 2.54468e+20
53 64 2.5439e+20
54 64 2.5441e+20
55 64 2.54531e+20
56 64 2.54477e+20
57 64 2.54442e+20
58 64 2.54391e+20
59 64 2.54303e+20
60 64 2.54274e+20
61 64 2.54341e+20
62 64 2.54287e+20
0 65 2.61596e+20
1 65 2.61779e+20
2 65 2.62163e+20
3 65 2.62563e+20
4 65 2.62807e+20
5 65 2.63055e+20
6 65 2.63297e+20
7 65 2.63502e+20
8 65 2.63751e+20
9 65 2.63909e+20
10 65 2.6396e+20
11 65 2.64078e+20
12 65 2.64092e+20
13 65 2.6404e+20
14 65 2.6399e+20
15 65 2.63894e+20
16 65 2.63717e+20
17 65 2.63498e+20
18 65 2.63153e+20
19 65 2.62621e+20
20 65 2.62105e+20
21 65 2.61811e+20
22 65 2.61649e+20
23 65 2.61453e+20
24 65 2.61389e+20
25 65 2.61321e+20
26 65 2.61276e+20
27 65 2.61183e+20
28 65 2.61209e+20
29 65 2.61444e+20
30 65 2.61488e+20
31 65 2.61364e+20
32 65 2.61361e+20
33 65 2.61433e+20
34 65 2.61654e+20
35 65 2.6159e+20
36 65 2.61187e+20
37 65 2.61223e+20
38 65 2.61204e+20
39 65 2.61118e+20
40 65 2.61316e+20
41 65 2.61466e+20
42 65 2.61423e+20
43 65 2.61447e+20
44 65 2.61325e+20
45 65 2.61271e+20
46 65 2.61474e+20
47 65 2.61496e+20
48 65 2.61428e+20
49 65 2.6141e+20
50 65 2.61291e+20
51 65 2.61191e+20
52 65 2.61232e+20
53 65 2.61465e+20
54 65 2.61419e+20
55 65 2.61287e+20
56 65 2.61322e+20
57 65 2.61029e+20
58 65 2.61082e+20
59 65 2.61274e+20
60 65 2.61458e+20
61 65 2.61572e+20
62 65 2.61759e+20
0 66 2.68335e+20
1 66 2.68689e+20
2 66 2.69257e+20
3 66 2.69541e+20
4 66 2.69812e+20
5 66 2.70041e+20
6 66 2.70281e+20
7 66 2.70461e+20
8 66 2.70598e+20
9 66 2.7074e+20
10 66 2.70896e+20
11 66 2.71116e+20
12 66 2.71239e+20
13 66 2.71048e+20
14 66 2.70904e+20
15 66 2.70862e+20
16 66 2.70515e+20
17 66 2.70235e+20
18 66 2.69757e+20
19 66 2.6925e+20
20 66 2.69272e+20
21 66 2.69973e+20
22 66 2.71886e+20
23 66 2.74294e+20
24 66 2.75695e+20
25 66 2.77647e+20
26 66 2.79448e+20
27 66 2.7935e+20
28 66 2.8124e+20
29 66 2.83464e+20
30 66 2.81904e+20
31 66 2.80813e+20
32 66 2.80961e+20
33 66 2.81825e+20
34 66 2.82153e+20
35 66 2.81311e+20
36 66 2.82743e+20
37 66 2.82807e+20
38 66 2.81223e+20
39 66 2.82956e+20
40 66 2.82991e+20
41 66 2.8086e+20
42 66 2.80897e+20
43 66 2.80066e+20
44 66 2.79971e+20
45 66 2.80901e+20
46 66 2.80543e+20
47 66 2.81002e+20
48 66 2.79846e+20
49 66 2.7747e+20
50 66 2.78068e+20
51 66 2.78578e+20
52 66 2.78776e+20
53 66 2.80283e+20
54 66 2.81412e+20
55 66 2.82047e+20
56 66 2.81248e+20
57 66 2.79657e+20
58 66 2.78813e+20
59 66 2.78961e+20
60 66 2.7954e+20
61 66 2.80679e+20
62 66 2.83422e+20
0 67 1.37828e+20
1 67 1.40131e+20
2 67 1.42815e+20
3 67 2.09985e+20
4 67 2.76606e+20
5 67 2.7687e+20
6 67 2.77087e+20
7 67 2.77436e+20
8 67 2.77556e+20
9 67 2.77619e+20
10 67 2.77853e+20
11 67 2.78057e+20
12 67 2.78138e+20
13 67 2.77873e+20
14 67 2.77747e+20
15 67 2.77688e+20
16 67 2.7746e+20
17 67 2.77125e+20
18 67 2.35726e+20
19 67 1.68013e+20
20 67 1.40858e+20
21 67 1.5094e+20
22 67 3.1092e+20
23 67 4.87556e+20
24 67 5.10093e+20
25 67 5.08034e+20
26 67 5.56227e+20
27 67 5.82899e+20
28 67 7.42623e+20
29 67 8.43803e+20
30 67 6.5975e+20
31 67 5.71049e+20
32 67 5.89392e+20
33 67 6.01801e+20
34 67 6.45825e+20
35 67 6.97482e+20
36 67 5.93651e+20
37 67 4.68506e+20
38 67 5.05472e+20
39 67 6.20671e+20
40 67 7.04979e+20
41 67 7.05998e+20
42 67 7.42063e+20
43 67 6.60576e+20
44 67 5.7306e+20
45 67 6.03959e+20
46 67 6.01015e+20
47 67 6.36156e+20
48 67 5.96515e+20
49 67 5.80487e+20
50 67 6.41162e+20
51 67 7.20619e+20
52 67 7.1304e+20
53 67 6.34376e+20
54 67 5.91451e+20
55 67 5.45096e+20
56 67 6.05982e+20
57 67 6.64419e+20
58 67 7.57104e+20
59 67 7.25701e+20
60 67 5.78453e+20
61 67 6.83185e+20
62 67 8.46947e+20
0 68 2.416e+18
1 68 4.47546e+18
2 68 6.95875e+18
3 68 7.41674e+19
4 68 1.40997e+20
5 68 1.41656e+20
6 68 1.42861e+20
7 68 1.43779e+20
8 68 1.43624e+20
9 68 1.44929e+20
10 68 1.45427e+20
11 68 1.45262e+20
12 68 1.52172e+20
13 68 1.52445e+20
14 68 1.45256e+20
15 68 1.43621e+20
16 68 1.42678e+20
17 68 1.41623e+20
18 68 1.00041e+20
19 68 3.24009e+19
20 68 5.53777e+18
21 68 5.52494e+19
22 68 2.7124e+21
23 68 5.34563e+21
24 68 5.36675e+21
25 68 5.36272e+21
26 68 5.40917e+21
27 68 5.43591e+21
28 68 5.59375e+21
29 68 5.69299e+21
30 68 5.51063e+21
31 68 5.42285e+21
32 68 5.44094e+21
33 68 5.45254e+21
34 68 5.49642e+21
35 68 5.54892e+21
36 68 5.44332e+21
37 68 5.31812e+21
38 68 5.35664e+21
39 68 5.47006e+21
40 68 5.55455e+21
41 68 5.55778e+21
42 68 5.59368e+21
43 68 5.51309e+21
44 68 5.42561e+21
45 68 5.45547e+21
46 68 5.45308e+21
47 68 5.48768e+21
48 68 5.4492e+21
49 68 5.4357e+21
50 68 5.49572e+21
51 68 5.57456e+21
52 68 5.56668e+21
53 68 5.48674e+21
54 68 5.44271e+21
55 68 5.39547e+21
56 68 5.4572e+21
57 68 5.51701e+21
58 68 5.61055e+21
59 68 5.57921e+21
60 68 5.43161e+21
61 68 5.53528e+21
62 68 5.69651e+21
0 69 1.0314e+18
1 69 1.0689e+18
2 69 1.12992e+18
3 69 1.2024e+18
4 69 1.50988e+18
5 69 2.12051e+18
6 69 3.3009e+18
7 69 3.88759e+18
8 69 3.65359e+18
9 69 4.88975e+18
10 69 5.29248e+18
11 69 5.10364e+18
12 69 1.19985e+19
13 69 1.24788e+19
14 69 5.32455e+18
15 69 3.67296e+18
16 69 2.75503e+18
17 69 1.88392e+18
18 69 1.51679e+18
19 69 1.87281e+18
20 69 1.48459e+19
21 69 2.55449e+21
22 69 7.54081e+21
23 69 1e+22
24 69 1e+22
25 69 1e+22
26 69 1e+22
27 69 1e+22
28 69 1e+22
29 69 1e+22
30 69 1e+22
31 69 1e+22
32 69 1e+22
33 69 1e+22
34 69 1e+22
35 69 1e+22
36 69 1e+22
37 69 1e+22
38 69 1e+22
39 69 1e+22
40 69 1e+22
41 69 1e+22
42 69 1e+22
43 69 1e+22
44 69 1e+22
45 69 1e+22
46 69 1e+22
47 69 1e+22
48 69 1e+22
49 69 1e+22
50 69 1e+22
51 69 1e+22
52 69 1e+22
53 69 1e+22
54 69 1e+22
55 69 1e+22
56 69 1e+22
57 69 1e+22
58 69 1e+22
59 69 1e+22
60 69 1e+22
61 69 1e+22
62 69 1e+22
0 70 1e+18
1 70 1e+18
2 70 1e+18
3 70 1e+18
4 70 1.00087e+18
5 70 1.01673e+18
6 70 1.03668e+18
7 70 1.04603e+18
8 70 1.05249e+18
9 70 1.05529e+18
10 70 1.08257e+18
11 70 1.09429e+18
12 70 1.1059e+18
13 70 1.11509e+18
14 70 1.08941e+18
15 70 1.06164e+18
16 70 1.0256e+18
17 70 1.01381e+18
18 70 1.21658e+18
19 70 9.04285e+18
20 70 2.52111e+21
21 70 7.51278e+21
22 70 1e+22
23 70 1e+22
24 70 1e+22
25 70 1e+22
26 70 1e+22
27 70 1e+22
28 70 1e+22
29 70 1e+22
30 70 1e+22
31 70 1e+22
32 70 1e+22
33 70 1e+22
34 70 1e+22
35 70 1e+22
36 70 1e+22
37 70 1e+22
38 70 1e+22
39 70 1e+22
40 70 1e+22
41 70 1e+22
42 70 1e+22
43 70 1e+22
44 70 1e+22
45 70 1e+22
46 70 1e+22
47 70 1e+22
48 70 1e+22
49 70 1e+22
50 70 1e+22
51 70 1e+22
52 70 1e+22
53 70 1e+22
54 70 1e+22
55 70 1e+22
56 70 1e+22
57 70 1e+22
58 70 1e+22
59 70 1e+22
60 70 1e+22
61 70 1e+22
62 70 1e+22
0 71 1e+18
1 71 1e+18
2 71 1e+18
3 71 1e+18
4 71 1e+18
5 71 1e+18
6 71 1e+18
7 71 1e+18
8 71 1e+18
9 71 1e+18
10 71 1e+18
11 71 1e+18
12 71 1e+18
13 71 1e+18
14 71 1e+18
15 71 1e+18
16 71 1.00152e+18
17 71 1.20998e+18
18 71 7.4168e+18
19 71 2.51424e+21
20 71 7.50754e+21
21 71 1e+22
22 71 1e+22
23 71 1e+22
24 71 1e+22
25 71 1e+22
26 71 1e+22
27 71 1e+22
28 71 1e+22
29 71 1e+22
30 71 1e+22
31 71 1e+22
32 71 1e+22
33 71 1e+22
34 71 1e+22
35 71 1e+22
36 71 1e+22
37 71 1e+22
38 71 1e+22
39 71 1e+22
40 71 1e+22
41 71 1e+22
42 71 1e+22
43 71 1e+22
44 71 1e+22
45 71 1e+22
46 71 1e+22
47 71 1e+22
48 71 1e+22
49 71 1e+22
50 71 1e+22
51 71 1e+22
52 71 1e+22
53 71 1e+22
54 71 1e+22
55 71 1e+22
56 71 1e+22
57 71 1e+22
58 71 1e+22
59 71 1e+22
60 71 1e+22
61 71 1e+22
62 71 1e+22
0 72 1e+18
1 72 1e+18
2 72 1e+18
3 72 1e+18
4 72 1e+18
5 72 1e+18
6 72 1e+18
7 72 1e+18
8 72 1e+18
9 72 1e+18
10 72 1e+18
11 72 1e+18
12 72 1e+18
13 72 1e+18
14 72 1e+18
15 72 1.00562e+18
16 72 1.16139e+18
17 72 2.8415e+18
18 72 7.52991e+20
19 72 5.75081e+21
20 72 1e+22
21 72 1e+22
22 72 1e+22
23 72 1e+22
24 72 1e+22
25 72 1e+22
26 72 1e+22
27 72 1e+22
28 72 1e+22
29 72 1e+22
30 72 1e+22
31 72 1e+22
32 72 1e+22
33 72 1e+22
34 72 1e+22
35 72 1e+22
36 72 1e+22
37 72 1e+22
38 72 1e+22
39 72 1e+22
40 72 1e+22
41 72 1e+22
42 72 1e+22
43 72 1e+22
44 72 1e+22
45 72 1e+22
46 72 1e+22
47 72 1e+22
48 72 1e+22
49 72 1e+22
50 72 1e+22
51 72 1e+22
52 72 1e+22
53 72 1e+22
54 72 1e+22
55 72 1e+22
56 72 1e+22
57 72 1e+22
58 72 1e+22
59 72 1e+22
60 72 1e+22
61 72 1e+22
62 72 1e+22
0 73 1e+18
1 73 1e+18
2 73 1e+18
3 73 1e+18
4 73 1e+18
5 73 1e+18
6 73 1e+18
7 73 1e+18
8 73 1e+18
9 73 1e+18
10 73 1e+18
11 73 1e+18
12 73 1e+18
13 73 1e+18
14 73 1.00543e+18
15 73 1.23368e+18
16 73 5.20269e+18
17 73 2.50621e+21
18 73 5.74628e+21
19 73 8.24454e+21
20 73 1e+22
21 73 1e+22
22 73 1e+22
23 73 1e+22
24 73 1e+22
25 73 1e+22
26 73 1e+22
27 73 1e+22
28 73 1e+22
29 73 1e+22
30 73 1e+22
31 73 1e+22
32 73 1e+22
33 73 1e+22
34 73 1e+22
35 73 1e+22
36 73 1e+22
37 73 1e+22
38 73 1e+22
39 73 1e+22
40 73 1e+22
41 73 1e+22
42 73 1e+22
43 73 1e+22
44 73 1e+22
45 73 1e+22
46 73 1e+22
47 73 1e+22
48 73 1e+22
49 73 1e+22
50 73 1e+22
51 73 1e+22
52 73 1e+22
53 73 1e+22
54 73 1e+22
55 73 1e+22
56 73 1e+22
57 73 1e+22
58 73 1e+22
59 73 1e+22
60 73 1e+22
61 73 1e+22
62 73 1e+22
0 74 1e+18
1 74 1e+18
2 74 1e+18
3 74 1e+18
4 74 1e+18
5 74 1e+18
6 74 1e+18
7 74 1e+18
8 74 1e+18
9 74 1e+18
10 74 1e+18
11 74 1e+18
12 74 1.00085e+18
13 74 1.03101e+18
14 74 1.29074e+18
15 74 4.30716e+18
16 74 2.50762e+21
17 74 7.50407e+21
18 74 1e+22
19 74 1e+22
20 74 1e+22
21 74 1e+22
22 74 1e+22
23 74 1e+22
24 74 1e+22
25 74 1e+22
26 74 1e+22
27 74 1e+22
28 74 1e+22
29 74 1e+22
30 74 1e+22
31 74 1e+22
32 74 1e+22
33 74 1e+22
34 74 1e+22
35 74 1e+22
36 74 1e+22
37 74 1e+22
38 74 1e+22
39 74 1e+22
40 74 1e+22
41 74 1e+22
42 74 1e+22
43 74 1e+22
44 74 1e+22
45 74 1e+22
46 74 1e+22
47 74 1e+22
48 74 1e+22
49 74 1e+22
50 74 1e+22
51 74 1e+22
52 74 1e+22
53 74 1e+22
54 74 1e+22
55 74 1e+22
56 74 1e+22
57 74 1e+22
58 74 1e+22
59 74 1e+22
60 74 1e+22
61 74 1e+22
62 74 1e+22
0 75 1e+18
1 75 1e+18
2 75 1e+18
3 75 1e+18
4 75 1e+18
5 75 1e+18
6 75 1e+18
7 75 1e+18
8 75 1e+18
9 75 1e+18
10 75 1.00212e+18
11 75 1.03366e+18
12 75 1.12906e+18
13 75 1.69717e+18
14 75 1.4983e+19
15 75 2.51696e+21
16 75 7.50307e+21
17 75 1e+22
18 75 1e+22
19 75 1e+22
20 75 1e+22
21 75 1e+22
22 75 1e+22
23 75 1e+22
24 75 1e+22
25 75 1e+22
26 75 1e+22
27 75 1e+22
28 75 1e+22
29 75 1e+22
30 75 1e+22
31 75 1e+22
32 75 1e+22
33 75 1e+22
34 75 1e+22
35 75 1e+22
36 75 1e+22
37 75 1e+22
38 75 1e+22
39 75 1e+22
40 75 1e+22
41 75 1e+22
42 75 1e+22
43 75 1e+22
44 75 1e+22
45 75 1e+22
46 75 1e+22
47 75 1e+22
48 75 1e+22
49 75 1e+22
50 75 1e+22
51 75 1e+22
52 75 1e+22
53 75 1e+22
54 75 1e+22
55 75 1e+22
56 75 1e+22
57 75 1e+22
58 75 1e+22
59 75 1e+22
60 75 1e+22
61 75 1e+22
62 75 1e+22
0 76 1e+18
1 76 1e+18
2 76 1e+18
3 76 1e+18
4 76 1e+18
5 76 1e+18
6 76 1e+18
7 76 1.00185e+18
8 76 1.0119e+18
9 76 1.06505e+18
10 76 1.20061e+18
11 76 1.62828e+18
12 76 6.6635e+18
13 76 4.46296e+19
14 76 2.55233e+21
15 76 7.51338e+21
16 76 1e+22
17 76 1e+22
18 76 1e+22
19 76 1e+22
20 76 1e+22
21 76 1e+22
22 76 1e+22
23 76 1e+22
24 76 1e+22
25 76 1e+22
26 76 1e+22
27 76 1e+22
28 76 1e+22
29 76 1e+22
30 76 1e+22
31 76 1e+22
32 76 1e+22
33 76 1e+22
34 76 1e+22
35 76 1e+22
36 76 1e+22
37 76 1e+22
38 76 1e+22
39 76 1e+22
40 76 1e+22
41 76 1e+22
42 76 1e+22
43 76 1e+22
44 76 1e+22
45 76 1e+22
46 76 1e+22
47 76 1e+22
48 76 1e+22
49 76 1e+22
50 76 1e+22
51 76 1e+22
52 76 1e+22
53 76 1e+22
54 76 1e+22
55 76 1e+22
56 76 1e+22
57 76 1e+22
58 76 1e+22
59 76 1e+22
60 76 1e+22
61 76 1e+22
62 76 1e+22
0 77 1.05788e+18
1 77 1.05166e+18
2 77 1.05474e+18
3 77 1.06708e+18
4 77 1.06424e+18
5 77 1.09199e+18
6 77 1.12148e+18
7 77 1.19345e+18
8 77 1.41623e+18
9 77 2.01186e+18
10 77 4.87922e+18
11 77 9.52591e+19
12 77 2.59694e+21
13 77 5.04346e+21
14 77 7.53813e+21
15 77 1e+22
16 77 1e+22
17 77 1e+22
18 77 1e+22
19 77 1e+22
20 77 1e+22
21 77 1e+22
22 77 1e+22
23 77 1e+22
24 77 1e+22
25 77 1e+22
26 77 1e+22
27 77 1e+22
28 77 1e+22
29 77 1e+22
30 77 1e+22
31 77 1e+22
32 77 1e+22
33 77 1e+22
34 77 1e+22
35 77 1e+22
36 77 1e+22
37 77 1e+22
38 77 1e+22
39 77 1e+22
40 77 1e+22
41 77 1e+22
42 77 1e+22
43 77 1e+22
44 77 1e+22
45 77 1e+22
46 77 1e+22
47 77 1e+22
48 77 1e+22
49 77 1e+22
50 77 1e+22
51 77 1e+22
52 77 1e+22
53 77 1e+22
54 77 1e+22
55 77 1e+22
56 77 1e+22
57 77 1e+22
58 77 1e+22
59 77 1e+22
60 77 1e+22
61 77 1e+22
62 77 1e+22
0 78 2.73481e+18
1 78 2.63286e+18
2 78 2.74821e+18
3 78 2.8601e+18
4 78 2.91966e+18
5 78 2.99146e+18
6 78 3.72941e+18
7 78 7.22457e+18
8 78 1.58139e+19
9 78 7.44277e+19
10 78 9.81329e+20
11 78 3.50857e+21
12 78 7.59091e+21
13 78 1e+22
14 78 1e+22
15 78 1e+22
16 78 1e+22
17 78 1e+22
18 78 1e+22
19 78 1e+22
20 78 1e+22
21 78 1e+22
22 78 1e+22
23 78 1e+22
24 78 1e+22
25 78 1e+22
26 78 1e+22
27 78 1e+22
28 78 1e+22
29 78 1e+22
30 78 1e+22
31 78 1e+22
32 78 1e+22
33 78 1e+22
34 78 1e+22
35 78 1e+22
36 78 1e+22
37 78 1e+22
38 78 1e+22
39 78 1e+22
40 78 1e+22
41 78 1e+22
42 78 1e+22
43 78 1e+22
44 78 1e+22
45 78 1e+22
46 78 1e+22
47 78 1e+22
48 78 1e+22
49 78 1e+22
50 78 1e+22
51 78 1e+22
52 78 1e+22
53 78 1e+22
54 78 1e+22
55 78 1e+22
56 78 1e+22
57 78 1e+22
58 78 1e+22
59 78 1e+22
60 78 1e+22
61 78 1e+22
62 78 1e+22
0 79 8.9936e+19
1 79 1.1282e+20
2 79 1.35038e+20
3 79 1.40162e+20
4 79 1.26473e+20
5 79 2.09895e+20
6 79 2.61101e+20
7 79 4.05862e+20
8 79 2.80263e+21
9 79 5.07298e+21
10 79 5.97715e+21
11 79 8.4144e+21
12 79 1e+22
13 79 1e+22
14 79 1e+22
15 79 1e+22
16 79 1e+22
17 79 1e+22
18 79 1e+22
19 79 1e+22
20 79 1e+22
21 79 1e+22
22 79 1e+22
23 79 1e+22
24 79 1e+22
25 79 1e+22
26 79 1e+22
27 79 1e+22
28 79 1e+22
29 79 1e+22
30 79 1e+22
31 79 1e+22
32 79 1e+22
33 79 1e+22
34 79 1e+22
35 79 1e+22
36 79 1e+22
37 79 1e+22
38 79 1e+22
39 79 1e+22
40 79 1e+22
41 79 1e+22
42 79 1e+22
43 79 1e+22
44 79 1e+22
45 79 1e+22
46 79 1e+22
47 79 1e+22
48 79 1e+22
49 79 1e+22
50 79 1e+22
51 79 1e+22
52 79 1e+22
53 79 1e+22
54 79 1e+22
55 79 1e+22
56 79 1e+22
57 79 1e+22
58 79 1e+22
59 79 1e+22
60 79 1e+22
61 79 1e+22
62 79 1e+22
