63 41 1.37942e+20
64 41 1.37934e+20
65 41 1.37815e+20
66 41 1.37749e+20
67 41 1.37782e+20
68 41 1.37866e+20
69 41 1.37768e+20
70 41 1.37679e+20
71 41 1.37757e+20
72 41 1.37639e+20
73 41 1.37529e+20
74 41 1.37575e+20
75 41 1.37509e+20
76 41 1.3746e+20
77 41 1.37484e+20
78 41 1.37449e+20
79 41 1.37428e+20
80 41 1.37343e+20
81 41 1.37251e+20
82 41 1.37286e+20
83 41 1.37318e+20
84 41 1.37252e+20
85 41 1.37162e+20
86 41 1.37134e+20
87 41 1.37115e+20
88 41 1.37079e+20
89 41 1.37093e+20
90 41 1.37073e+20
91 41 1.36922e+20
92 41 1.36867e+20
93 41 1.3693e+20
94 41 1.36884e+20
95 41 1.36886e+20
96 41 1.36924e+20
97 41 1.36873e+20
98 41 1.36894e+20
99 41 1.36961e+20
100 41 1.36969e+20
101 41 1.36944e+20
102 41 1.37091e+20
103 41 1.37277e+20
104 41 1.37265e+20
105 41 1.37331e+20
106 41 1.37414e+20
107 41 1.37475e+20
108 41 1.3759e+20
109 41 1.37581e+20
110 41 1.37634e+20
111 41 1.37711e+20
112 41 1.37741e+20
113 41 1.37789e+20
114 41 1.37854e+20
115 41 1.37867e+20
116 41 1.37821e+20
117 41 1.37861e+20
118 41 1.38006e+20
119 41 1.38035e+20
120 41 1.37926e+20
121 41 1.37901e+20
122 41 1.37926e+20
123 41 1.37957e+20
124 41 1.38028e+20
125 41 1.3804e+20
63 42 1.4158e+20
64 42 1.41653e+20
65 42 1.41742e+20
66 42 1.41678e+20
67 42 1.41577e+20
68 42 1.41581e+20
69 42 1.41475e+20
70 42 1.41475e+20
71 42 1.415e+20
72 42 1.41435e+20
73 42 1.4144e+20
74 42 1.414e+20
75 42 1.41317e+20
76 42 1.41266e+20
77 42 1.41249e+20
78 42 1.41213e+20
79 42 1.41221e+20
80 42 1.41185e+20
81 42 1.41134e+20
82 42 1.41113e+20
83 42 1.41108e+20
84 42 1.41075e+20
85 42 1.41047e+20
86 42 1.40998e+20
87 42 1.40858e+20
88 42 1.40731e+20
89 42 1.40725e+20
90 42 1.40784e+20
91 42 1.40739e+20
92 42 1.40677e+20
93 42 1.40662e+20
94 42 1.40694e+20
95 42 1.40631e+20
96 42 1.40595e+20
97 42 1.40634e+20
98 42 1.40657e+20
99 42 1.40696e+20
100 42 1.4073e+20
101 42 1.40832e+20
102 42 1.40893e+20
103 42 1.40893e+20
104 42 1.40975e+20
105 42 1.4107e+20
106 42 1.41123e+20
107 42 1.41208e+20
108 42 1.41392e+20
109 42 1.41488e+20
110 42 1.41472e+20
111 42 1.41493e+20
112 42 1.41419e+20
113 42 1.41504e+20
114 42 1.41663e+20
115 42 1.41638e+20
116 42 1.41634e+20
117 42 1.41657e+20
118 42 1.41723e+20
119 42 1.41766e+20
120 42 1.41792e+20
121 42 1.41774e+20
122 42 1.41696e+20
123 42 1.41737e+20
124 42 1.41749e+20
125 42 1.41715e+20
63 43 1.45653e+20
64 43 1.4556e+20
65 43 1.4552e+20
66 43 1.45558e+20
67 43 1.4552e+20
68 43 1.4541e+20
69 43 1.45417e+20
70 43 1.45383e+20
71 43 1.45236e+20
72 43 1.4529e+20
73 43 1.45302e+20
74 43 1.45203e+20
75 43 1.45188e+20
76 43 1.45176e+20
77 43 1.45107e+20
78 43 1.45084e+20
79 43 1.45102e+20
80 43 1.45041e+20
81 43 1.45015e+20
82 43 1.44916e+20
83 43 1.4484e+20
84 43 1.44851e+20
85 43 1.44837e+20
86 43 1.44746e+20
87 43 1.44636e+20
88 43 1.4467e+20
89 43 1.44647e+20
90 43 1.44526e+20
91 43 1.44528e+20
92 43 1.44649e+20
93 43 1.44602e+20
94 43 1.44468e+20
95 43 1.44442e+20
96 43 1.44426e+20
97 43 1.44511e+20
98 43 1.44534e+20
99 43 1.44491e+20
100 43 1.44587e+20
101 43 1.44708e+20
102 43 1.44788e+20
103 43 1.44843e+20
104 43 1.44921e+20
105 43 1.45048e+20
106 43 1.45122e+20
107 43 1.45091e+20
108 43 1.45165e+20
109 43 1.4535e+20
110 43 1.45432e+20
111 43 1.45376e+20
112 43 1.45426e+20
113 43 1.45493e+20
114 43 1.45467e+20
115 43 1.45587e+20
116 43 1.4563e+20
117 43 1.45594e+20
118 43 1.45643e+20
119 43 1.45625e+20
120 43 1.45667e+20
121 43 1.45722e+20
122 43 1.45741e+20
123 43 1.4577e+20
124 43 1.45774e+20
125 43 1.45808e+20
63 44 1.49744e+20
64 44 1.49683e+20
65 44 1.49517e+20
66 44 1.49442e+20
67 44 1.4952e+20
68 44 1.49423e+20
69 44 1.49357e+20
70 44 1.49385e+20
71 44 1.49341e+20
72 44 1.4935e+20
73 44 1.49266e+20
74 44 1.49225e+20
75 44 1.49194e+20
76 44 1.49162e+20
77 44 1.4909e+20
78 44 1.49014e+20
79 44 1.48977e+20
80 44 1.48938e+20
81 44 1.48875e+20
82 44 1.48801e+20
83 44 1.48779e+20
84 44 1.4877e+20
85 44 1.48673e+20
86 44 1.48603e+20
87 44 1.48614e+20
88 44 1.48601e+20
89 44 1.48542e+20
90 44 1.48503e+20
91 44 1.48488e+20
92 44 1.4853e+20
93 44 1.48501e+20
94 44 1.48377e+20
95 44 1.48373e+20
96 44 1.48343e+20
97 44 1.48334e+20
98 44 1.48418e+20
99 44 1.48509e+20
100 44 1.48584e+20
101 44 1.48636e+20
102 44 1.48693e+20
103 44 1.48793e+20
104 44 1.48912e+20
105 44 1.49012e+20
106 44 1.49148e+20
107 44 1.49212e+20
108 44 1.4926e+20
109 44 1.49294e+20
110 44 1.49339e+20
111 44 1.49467e+20
112 44 1.49523e+20
113 44 1.4952e+20
114 44 1.49595e+20
115 44 1.49677e+20
116 44 1.49708e+20
117 44 1.49749e+20
118 44 1.49775e+20
119 44 1.49719e+20
120 44 1.49676e+20
121 44 1.4977e+20
122 44 1.49851e+20
123 44 1.49849e+20
124 44 1.49857e+20
125 44 1.49849e+20
63 45 1.53708e+20
64 45 1.53715e+20
65 45 1.53726e+20
66 45 1.53687e+20
67 45 1.5363e+20
68 45 1.53601e+20
69 45 1.53592e+20
70 45 1.5352e+20
71 45 1.53517e+20
72 45 1.53436e+20
73 45 1.53415e+20
74 45 1.5341e+20
75 45 1.5325e+20
76 45 1.53172e+20
77 45 1.53095e+20
78 45 1.53071e+20
79 45 1.53086e+20
80 45 1.53055e+20
81 45 1.52998e+20
82 45 1.5299e+20
83 45 1.52974e+20
84 45 1.52897e+20
85 45 1.52847e+20
86 45 1.52769e+20
87 45 1.52751e+20
88 45 1.52739e+20
89 45 1.52607e+20
90 45 1.52591e+20
91 45 1.52618e+20
92 45 1.52492e+20
93 45 1.52417e+20
94 45 1.52415e+20
95 45 1.52386e+20
96 45 1.5238e+20
97 45 1.52551e+20
98 45 1.53178e+20
99 45 1.53691e+20
100 45 1.53764e+20
101 45 1.53557e+20
102 45 1.53143e+20
103 45 1.52975e+20
104 45 1.53036e+20
105 45 1.53101e+20
106 45 1.53244e+20
107 45 1.53419e+20
108 45 1.53421e+20
109 45 1.53524e+20
110 45 1.53588e+20
111 45 1.5357e+20
112 45 1.53609e+20
113 45 1.53671e+20
114 45 1.53776e+20
115 45 1.53747e+20
116 45 1.53755e+20
117 45 1.53846e+20
118 45 1.53804e+20
119 45 1.53738e+20
120 45 1.53765e+20
121 45 1.53859e+20
122 45 1.53911e+20
123 45 1.53813e+20
124 45 1.53761e+20
125 45 1.5378e+20
63 46 1.57892e+20
64 46 1.5787e+20
65 46 1.57899e+20
66 46 1.57847e+20
67 46 1.57805e+20
68 46 1.57822e+20
69 46 1.57828e+20
70 46 1.57768e+20
71 46 1.57652e+20
72 46 1.57546e+20
73 46 1.57541e+20
74 46 1.57524e+20
75 46 1.57462e+20
76 46 1.57438e+20
77 46 1.57435e+20
78 46 1.57374e+20
79 46 1.57311e+20
80 46 1.57216e+20
81 46 1.57156e+20
82 46 1.57113e+20
83 46 1.57079e+20
84 46 1.57036e+20
85 46 1.57023e+20
86 46 1.56946e+20
87 46 1.56855e+20
88 46 1.56851e+20
89 46 1.5683e+20
90 46 1.56708e+20
91 46 1.56622e+20
92 46 1.56579e+20
93 46 1.565e+20
94 46 1.56481e+20
95 46 1.56684e+20
96 46 1.57306e+20
97 46 1.5877e+20
98 46 1.61384e+20
99 46 1.6377e+20
100 46 1.63392e+20
101 46 1.60751e+20
102 46 1.58485e+20
103 46 1.57405e+20
104 46 1.57185e+20
105 46 1.57325e+20
106 46 1.57508e+20
107 46 1.57647e+20
108 46 1.57692e+20
109 46 1.57833e+20
110 46 1.57947e+20
111 46 1.57868e+20
112 46 1.57881e+20
113 46 1.57978e+20
114 46 1.58032e+20
115 46 1.58054e+20
116 46 1.5798e+20
117 46 1.57964e+20
118 46 1.58025e+20
119 46 1.58027e+20
120 46 1.58073e+20
121 46 1.58129e+20
122 46 1.5805e+20
123 46 1.57988e+20
124 46 1.58014e+20
125 46 1.58041e+20
63 47 1.62198e+20
64 47 1.62168e+20
65 47 1.62236e+20
66 47 1.6218e+20
67 47 1.62118e+20
68 47 1.62101e+20
69 47 1.61967e+20
70 47 1.61954e+20
71 47 1.61901e+20
72 47 1.61858e+20
73 47 1.618e+20
74 47 1.61745e+20
75 47 1.61795e+20
76 47 1.61759e+20
77 47 1.61675e+20
78 47 1.61621e+20
79 47 1.61532e+20
80 47 1.61456e+20
81 47 1.61417e+20
82 47 1.61405e+20
83 47 1.61377e+20
84 47 1.6127e+20
85 47 1.612e+20
86 47 1.61195e+20
87 47 1.61117e+20
88 47 1.61063e+20
89 47 1.61097e+20
90 47 1.61043e+20
91 47 1.60905e+20
92 47 1.60795e+20
93 47 1.60869e+20
94 47 1.6136e+20
95 47 1.62622e+20
96 47 1.65768e+20
97 47 1.71825e+20
98 47 1.83335e+20
99 47 2.11757e+20
100 47 2.06932e+20
101 47 1.74594e+20
102 47 1.64963e+20
103 47 1.61731e+20
104 47 1.6144e+20
105 47 1.61616e+20
106 47 1.61717e+20
107 47 1.61914e+20
108 47 1.62134e+20
109 47 1.62144e+20
110 47 1.62103e+20
111 47 1.6216e+20
112 47 1.62222e+20
113 47 1.62289e+20
114 47 1.62312e+20
115 47 1.62343e+20
116 47 1.62379e+20
117 47 1.62358e+20
118 47 1.62412e+20
119 47 1.625e+20
120 47 1.62484e+20
121 47 1.62381e+20
122 47 1.62398e+20
123 47 1.62561e+20
124 47 1.6246e+20
125 47 1.62394e+20
63 48 1.66687e+20
64 48 1.66615e+20
65 48 1.66529e+20
66 48 1.66612e+20
67 48 1.66532e+20
68 48 1.66458e+20
69 48 1.66496e+20
70 48 1.6646e+20
71 48 1.66402e+20
72 48 1.66316e+20
73 48 1.6622e+20
74 48 1.66213e+20
75 48 1.66209e+20
76 48 1.66113e+20
77 48 1.66001e+20
78 48 1.65939e+20
79 48 1.65939e+20
80 48 1.65909e+20
81 48 1.65841e+20
82 48 1.65768e+20
83 48 1.65652e+20
84 48 1.65678e+20
85 48 1.65652e+20
86 48 1.65581e+20
87 48 1.65585e+20
88 48 1.65565e+20
89 48 1.6547e+20
90 48 1.65355e+20
91 48 1.65313e+20
92 48 1.65518e+20
93 48 1.66575e+20
94 48 1.69505e+20
95 48 1.74671e+20
96 48 1.89577e+20
97 48 2.38461e+20
98 48 4.0225e+20
99 48 7.96934e+20
100 48 6.48898e+20
101 48 2.05309e+20
102 48 1.7242e+20
103 48 1.66419e+20
104 48 1.65882e+20
105 48 1.66081e+20
106 48 1.6623e+20
107 48 1.66421e+20
108 48 1.6649e+20
109 48 1.66538e+20
110 48 1.6655e+20
111 48 1.66619e+20
112 48 1.66705e+20
113 48 1.66675e+20
114 48 1.66672e+20
115 48 1.66741e+20
116 48 1.66824e+20
117 48 1.66862e+20
118 48 1.66917e+20
119 48 1.66837e+20
120 48 1.66806e+20
121 48 1.66836e+20
122 48 1.66908e+20
123 48 1.66934e+20
124 48 1.66889e+20
125 48 1.66941e+20
63 49 1.71216e+20
64 49 1.7121e+20
65 49 1.71078e+20
66 49 1.71028e+20
67 49 1.71077e+20
68 49 1.71097e+20
69 49 1.71032e+20
70 49 1.70994e+20
71 49 1.70982e+20
72 49 1.70825e+20
73 49 1.70757e+20
74 49 1.70704e+20
75 49 1.70653e+20
76 49 1.70626e+20
77 49 1.70605e+20
78 49 1.70612e+20
79 49 1.70552e+20
80 49 1.70498e+20
81 49 1.70461e+20
82 49 1.70357e+20
83 49 1.70212e+20
84 49 1.70172e+20
85 49 1.70189e+20
86 49 1.70127e+20
87 49 1.70074e+20
88 49 1.69968e+20
89 49 1.6982e+20
90 49 1.69924e+20
91 49 1.70676e+20
92 49 1.72831e+20
93 49 1.7844e+20
94 49 1.92799e+20
95 49 2.46414e+20
96 49 4.33494e+20
97 49 1.66637e+21
98 49 4.08897e+21
99 49 4.44712e+21
100 49 1.89162e+21
101 49 2.49706e+20
102 49 1.80287e+20
103 49 1.71374e+20
104 49 1.70351e+20
105 49 1.70757e+20
106 49 1.70973e+20
107 49 1.71009e+20
108 49 1.71017e+20
109 49 1.71047e+20
110 49 1.71145e+20
111 49 1.71269e+20
112 49 1.71339e+20
113 49 1.71318e+20
114 49 1.71297e+20
115 49 1.71326e+20
116 49 1.71411e+20
117 49 1.71407e+20
118 49 1.71382e+20
119 49 1.71444e+20
120 49 1.71411e+20
121 49 1.71331e+20
122 49 1.71303e+20
123 49 1.71285e+20
124 49 1.71422e+20
125 49 1.71486e+20
63 50 1.7586e+20
64 50 1.75745e+20
65 50 1.75758e+20
66 50 1.75775e+20
67 50 1.75834e+20
68 50 1.75807e+20
69 50 1.75646e+20
70 50 1.75572e+20
71 50 1.75583e+20
72 50 1.75573e+20
73 50 1.75561e+20
74 50 1.75416e+20
75 50 1.75259e+20
76 50 1.75268e+20
77 50 1.75228e+20
78 50 1.75151e+20
79 50 1.75086e+20
80 50 1.75075e+20
81 50 1.75042e+20
82 50 1.74968e+20
83 50 1.75001e+20
84 50 1.74911e+20
85 50 1.74779e+20
86 50 1.74772e+20
87 50 1.74602e+20
88 50 1.74442e+20
89 50 1.7479e+20
90 50 1.76133e+20
91 50 1.80708e+20
92 50 1.91244e+20
93 50 2.26246e+20
94 50 3.8959e+20
95 50 1.23187e+21
96 50 3.70115e+21
97 50 6.5184e+21
98 50 8.78667e+21
99 50 7.34784e+21
100 50 2.52259e+21
101 50 2.75591e+20
102 50 1.90163e+20
103 50 1.76666e+20
104 50 1.74901e+20
105 50 1.75386e+20
106 50 1.756e+20
107 50 1.75551e+20
108 50 1.75681e+20
109 50 1.75795e+20
110 50 1.75882e+20
111 50 1.75888e+20
112 50 1.75903e+20
113 50 1.76061e+20
114 50 1.76128e+20
115 50 1.76062e+20
116 50 1.76049e+20
117 50 1.76067e+20
118 50 1.75984e+20
119 50 1.76075e+20
120 50 1.76147e+20
121 50 1.76054e+20
122 50 1.7602e+20
123 50 1.76005e+20
124 50 1.76002e+20
125 50 1.7597e+20
63 51 1.80608e+20
64 51 1.80561e+20
65 51 1.8053e+20
66 51 1.80504e+20
67 51 1.80441e+20
68 51 1.80384e+20
69 51 1.80419e+20
70 51 1.80391e+20
71 51 1.80358e+20
72 51 1.80378e+20
73 51 1.8025e+20
74 51 1.80142e+20
75 51 1.80119e+20
76 51 1.80081e+20
77 51 1.80011e+20
78 51 1.79851e+20
79 51 1.79787e+20
80 51 1.79799e+20
81 51 1.79725e+20
82 51 1.79686e+20
83 51 1.79662e+20
84 51 1.79596e+20
85 51 1.79503e+20
86 51 1.79412e+20
87 51 1.79567e+20
88 51 1.807e+20
89 51 1.83991e+20
90 51 1.91351e+20
91 51 2.17817e+20
92 51 3.01726e+20
93 51 1.09265e+21
94 51 3.61608e+21
95 51 6.07704e+21
96 51 8.37151e+21
97 51 1e+22
98 51 1e+22
99 51 6.98667e+21
100 51 2.17293e+21
101 51 2.96705e+20
102 51 2.02774e+20
103 51 1.81996e+20
104 51 1.79702e+20
105 51 1.80166e+20
106 51 1.8033e+20
107 51 1.80503e+20
108 51 1.80586e+20
109 51 1.80635e+20
110 51 1.80769e+20
111 51 1.80835e+20
112 51 1.80807e+20
113 51 1.80738e+20
114 51 1.80838e+20
115 51 1.80965e+20
116 51 1.80851e+20
117 51 1.80795e+20
118 51 1.80847e+20
119 51 1.80805e+20
120 51 1.80817e+20
121 51 1.80934e+20
122 51 1.80973e+20
123 51 1.80933e+20
124 51 1.80843e+20
125 51 1.80725e+20
63 52 1.8542e+20
64 52 1.85486e+20
65 52 1.85498e+20
66 52 1.8536e+20
67 52 1.85268e+20
68 52 1.85288e+20
69 52 1.85297e+20
70 52 1.85274e+20
71 52 1.85249e+20
72 52 1.85134e+20
73 52 1.85021e+20
74 52 1.85041e+20
75 52 1.84988e+20
76 52 1.84877e+20
77 52 1.84888e+20
78 52 1.84811e+20
79 52 1.84688e+20
80 52 1.84654e+20
81 52 1.84598e+20
82 52 1.84578e+20
83 52 1.84491e+20
84 52 1.84401e+20
85 52 1.84474e+20
86 52 1.84866e+20
87 52 1.87098e+20
88 52 1.94557e+20
89 52 2.23198e+20
90 52 3.33963e+20
91 52 1.02001e+21
92 52 3.33155e+21
93 52 5.85416e+21
94 52 8.33181e+21
95 52 1e+22
96 52 1e+22
97 52 1e+22
98 52 1e+22
99 52 6.78313e+21
100 52 2.00906e+21
101 52 3.45415e+20
102 52 2.14899e+20
103 52 1.87403e+20
104 52 1.84563e+20
105 52 1.8519e+20
106 52 1.85305e+20
107 52 1.85498e+20
108 52 1.85552e+20
109 52 1.85564e+20
110 52 1.85736e+20
111 52 1.85874e+20
112 52 1.85889e+20
113 52 1.85784e+20
114 52 1.85728e+20
115 52 1.85779e+20
116 52 1.85845e+20
117 52 1.8585e+20
118 52 1.85769e+20
119 52 1.85778e+20
120 52 1.85777e+20
121 52 1.85719e+20
122 52 1.85624e+20
123 52 1.8561e+20
124 52 1.85731e+20
125 52 1.85769e+20
63 53 1.9053e+20
64 53 1.9042e+20
65 53 1.90351e+20
66 53 1.90332e+20
67 53 1.90362e+20
68 53 1.90317e+20
69 53 1.90257e+20
70 53 1.90234e+20
71 53 1.90211e+20
72 53 1.90179e+20
73 53 1.90176e+20
74 53 1.90108e+20
75 53 1.89974e+20
76 53 1.89891e+20
77 53 1.89863e+20
78 53 1.89821e+20
79 53 1.89699e+20
80 53 1.89624e+20
81 53 1.89599e+20
82 53 1.8955e+20
83 53 1.8945e+20
84 53 1.89755e+20
85 53 1.91307e+20
86 53 1.96412e+20
87 53 2.15561e+20
88 53 3.34271e+20
89 53 1.2743e+21
90 53 3.27106e+21
91 53 5.45359e+21
92 53 8.13226e+21
93 53 9.8943e+21
94 53 1e+22
95 53 1e+22
96 53 1e+22
97 53 1e+22
98 53 1e+22
99 53 6.78384e+21
100 53 2.06211e+21
101 53 4.06538e+20
102 53 2.27059e+20
103 53 1.93362e+20
104 53 1.89495e+20
105 53 1.90169e+20
106 53 1.9045e+20
107 53 1.90485e+20
108 53 1.90636e+20
109 53 1.90742e+20
110 53 1.90709e+20
111 53 1.90725e+20
112 53 1.90814e+20
113 53 1.90955e+20
114 53 1.9095e+20
115 53 1.90842e+20
116 53 1.90892e+20
117 53 1.90945e+20
118 53 1.90805e+20
119 53 1.90788e+20
120 53 1.90829e+20
121 53 1.90713e+20
122 53 1.90679e+20
123 53 1.90654e+20
124 53 1.90703e+20
125 53 1.90831e+20
63 54 1.95738e+20
64 54 1.95662e+20
65 54 1.95561e+20
66 54 1.95514e+20
67 54 1.95476e+20
68 54 1.95417e+20
69 54 1.95472e+20
70 54 1.95452e+20
71 54 1.95341e+20
72 54 1.95278e+20
73 54 1.95181e+20
74 54 1.951e+20
75 54 1.95088e+20
76 54 1.95003e+20
77 54 1.94866e+20
78 54 1.94886e+20
79 54 1.94884e+20
80 54 1.94725e+20
81 54 1.94626e+20
82 54 1.94781e+20
83 54 1.95749e+20
84 54 1.99778e+20
85 54 2.11562e+20
86 54 2.59077e+20
87 54 5.86035e+20
88 54 2.30435e+21
89 54 5.34825e+21
90 54 8.03853e+21
91 54 9.55761e+21
92 54 1e+22
93 54 1e+22
94 54 1e+22
95 54 1e+22
96 54 1e+22
97 54 1e+22
98 54 1e+22
99 54 6.85816e+21
100 54 2.19049e+21
101 54 4.73171e+20
102 54 2.43667e+20
103 54 1.99979e+20
104 54 1.94645e+20
105 54 1.95252e+20
106 54 1.95549e+20
107 54 1.95666e+20
108 54 1.95914e+20
109 54 1.96066e+20
110 54 1.95994e+20
111 54 1.96e+20
112 54 1.96092e+20
113 54 1.96059e+20
114 54 1.95974e+20
115 54 1.96007e+20
116 54 1.96033e+20
117 54 1.95925e+20
118 54 1.95948e+20
119 54 1.95995e+20
120 54 1.95912e+20
121 54 1.95881e+20
122 54 1.95882e+20
123 54 1.95988e+20
124 54 1.95924e+20
125 54 1.9576e+20
63 55 2.00815e+20
64 55 2.00885e+20
65 55 2.00906e+20
66 55 2.00834e+20
67 55 2.00715e+20
68 55 2.00648e+20
69 55 2.0067e+20
70 55 2.00684e+20
71 55 2.00548e+20
72 55 2.00504e+20
73 55 2.00479e+20
74 55 2.0038e+20
75 55 2.0031e+20
76 55 2.00299e+20
77 55 2.00202e+20
78 55 2.00012e+20
79 55 1.99902e+20
80 55 1.99923e+20
81 55 2.00515e+20
82 55 2.03377e+20
83 55 2.11644e+20
84 55 2.50057e+20
85 55 4.36124e+20
86 55 1.51417e+21
87 55 4.0897e+21
88 55 7.07234e+21
89 55 9.20195e+21
90 55 1e+22
91 55 1e+22
92 55 1e+22
93 55 1e+22
94 55 1e+22
95 55 1e+22
96 55 1e+22
97 55 1e+22
98 55 1e+22
99 55 7.27112e+21
100 55 2.68582e+21
101 55 5.70515e+20
102 55 2.62794e+20
103 55 2.06652e+20
104 55 1.99944e+20
105 55 2.00703e+20
106 55 2.00963e+20
107 55 2.01073e+20
108 55 2.0112e+20
109 55 2.01244e+20
110 55 2.01356e+20
111 55 2.01424e+20
112 55 2.01496e+20
113 55 2.01344e+20
114 55 2.01256e+20
115 55 2.01265e+20
116 55 2.01217e+20
117 55 2.01174e+20
118 55 2.01199e+20
119 55 2.01236e+20
120 55 2.01159e+20
121 55 2.01169e+20
122 55 2.01121e+20
123 55 2.01101e+20
124 55 2.01142e+20
125 55 2.01101e+20
63 56 2.06171e+20
64 56 2.06144e+20
65 56 2.0611e+20
66 56 2.0615e+20
67 56 2.06155e+20
68 56 2.06087e+20
69 56 2.05996e+20
70 56 2.05913e+20
71 56 2.05912e+20
72 56 2.05924e+20
73 56 2.05816e+20
74 56 2.05625e+20
75 56 2.05569e+20
76 56 2.0555e+20
77 56 2.05414e+20
78 56 2.0534e+20
79 56 2.05555e+20
80 56 2.06963e+20
81 56 2.12664e+20
82 56 2.37795e+20
83 56 3.67961e+20
84 56 1.33561e+21
85 56 3.83111e+21
86 56 6.3575e+21
87 56 8.62325e+21
88 56 1e+22
89 56 1e+22
90 56 1e+22
91 56 1e+22
92 56 1e+22
93 56 1e+22
94 56 1e+22
95 56 1e+22
96 56 1e+22
97 56 1e+22
98 56 1e+22
99 56 7.71809e+21
100 56 3.21366e+21
101 56 6.63424e+20
102 56 2.79576e+20
103 56 2.14007e+20
104 56 2.05311e+20
105 56 2.0622e+20
106 56 2.06489e+20
107 56 2.06684e+20
108 56 2.06746e+20
109 56 2.06797e+20
110 56 2.06891e+20
111 56 2.06908e+20
112 56 2.06825e+20
113 56 2.06758e+20
114 56 2.0674e+20
115 56 2.06642e+20
116 56 2.06587e+20
117 56 2.06651e+20
118 56 2.06606e+20
119 56 2.06468e+20
120 56 2.06516e+20
121 56 2.0653e+20
122 56 2.06512e+20
123 56 2.0646e+20
124 56 2.06467e+20
125 56 2.06536e+20
63 57 2.11793e+20
64 57 2.11762e+20
65 57 2.1174e+20
66 57 2.11725e+20
67 57 2.11708e+20
68 57 2.11679e+20
69 57 2.11583e+20
70 57 2.11539e+20
71 57 2.11475e+20
72 57 2.11374e+20
73 57 2.11297e+20
74 57 2.11113e+20
75 57 2.10979e+20
76 57 2.10912e+20
77 57 2.10984e+20
78 57 2.12008e+20
79 57 2.15417e+20
80 57 2.31154e+20
81 57 2.93034e+20
82 57 9.82263e+20
83 57 3.48036e+21
84 57 6.17771e+21
85 57 8.50878e+21
86 57 1e+22
87 57 1e+22
88 57 1e+22
89 57 1e+22
90 57 1e+22
91 57 1e+22
92 57 1e+22
93 57 1e+22
94 57 1e+22
95 57 1e+22
96 57 1e+22
97 57 1e+22
98 57 1e+22
99 57 7.77078e+21
100 57 3.30265e+21
101 57 7.08757e+20
102 57 2.90655e+20
103 57 2.18668e+20
104 57 2.10667e+20
105 57 2.11758e+20
106 57 2.11982e+20
107 57 2.12113e+20
108 57 2.12448e+20
109 57 2.12478e+20
110 57 2.12411e+20
111 57 2.12453e+20
112 57 2.12406e+20
113 57 2.12385e+20
114 57 2.12245e+20
115 57 2.12118e+20
116 57 2.12058e+20
117 57 2.12043e+20
118 57 2.12003e+20
119 57 2.11977e+20
120 57 2.11996e+20
121 57 2.11997e+20
122 57 2.1203e+20
123 57 2.12026e+20
124 57 2.12026e+20
125 57 2.12053e+20
63 58 2.17415e+20
64 58 2.17417e+20
65 58 2.17384e+20
66 58 2.17289e+20
67 58 2.17205e+20
68 58 2.17153e+20
69 58 2.17109e+20
70 58 2.1716e+20
71 58 2.17124e+20
72 58 2.17001e+20
73 58 2.16935e+20
74 58 2.16827e+20
75 58 2.16914e+20
76 58 2.17314e+20
77 58 2.19752e+20
78 58 2.30068e+20
79 58 2.88525e+20
80 58 6.09268e+20
81 58 2.56413e+21
82 58 5.35993e+21
83 58 8.22429e+21
84 58 9.98865e+21
85 58 1e+22
86 58 1e+22
87 58 1e+22
88 58 1e+22
89 58 1e+22
90 58 1e+22
91 58 1e+22
92 58 1e+22
93 58 1e+22
94 58 1e+22
95 58 1e+22
96 58 1e+22
97 58 1e+22
98 58 1e+22
99 58 7.57321e+21
100 58 3.07279e+21
101 58 6.71387e+20
102 58 2.85604e+20
103 58 2.21578e+20
104 58 2.16371e+20
105 58 2.17343e+20
106 58 2.17728e+20
107 58 2.1805e+20
108 58 2.18152e+20
109 58 2.18273e+20
110 58 2.18356e+20
111 58 2.18126e+20
112 58 2.17983e+20
113 58 2.17941e+20
114 58 2.17874e+20
115 58 2.17816e+20
116 58 2.17661e+20
117 58 2.17582e+20
118 58 2.17562e+20
119 58 2.17638e+20
120 58 2.17546e+20
121 58 2.17428e+20
122 58 2.1756e+20
123 58 2.17575e+20
124 58 2.17609e+20
125 58 2.17624e+20
63 59 2.23122e+20
64 59 2.23045e+20
65 59 2.23038e+20
66 59 2.22983e+20
67 59 2.22878e+20
68 59 2.22874e+20
69 59 2.22901e+20
70 59 2.22804e+20
71 59 2.22753e+20
72 59 2.2269e+20
73 59 2.22675e+20
74 59 2.2319e+20
75 59 2.24747e+20
76 59 2.31031e+20
77 59 2.55306e+20
78 59 3.90525e+20
79 59 1.9332e+21
80 59 4.55088e+21
81 59 7.38177e+21
82 59 9.51077e+21
83 59 1e+22
84 59 1e+22
85 59 1e+22
86 59 1e+22
87 59 1e+22
88 59 1e+22
89 59 1e+22
90 59 1e+22
91 59 1e+22
92 59 1e+22
93 59 1e+22
94 59 1e+22
95 59 1e+22
96 59 1e+22
97 59 1e+22
98 59 7.50266e+21
99 59 3.69544e+21
100 59 1.42279e+21
101 59 3.19846e+20
102 59 2.0659e+20
103 59 2.28746e+20
104 59 2.23906e+20
105 59 2.23891e+20
106 59 2.24102e+20
107 59 2.24387e+20
108 59 2.24475e+20
109 59 2.24505e+20
110 59 2.24553e+20
111 59 2.24494e+20
112 59 2.24358e+20
113 59 2.24373e+20
114 59 2.24596e+20
115 59 2.24644e+20
116 59 2.24522e+20
117 59 2.24257e+20
118 59 2.244e+20
119 59 2.2448e+20
120 59 2.24258e+20
121 59 2.24292e+20
122 59 2.24211e+20
123 59 2.24548e+20
124 59 2.24999e+20
125 59 2.24602e+20
63 60 2.29112e+20
64 60 2.2907e+20
65 60 2.29088e+20
66 60 2.29074e+20
67 60 2.29034e+20
68 60 2.28934e+20
69 60 2.28794e+20
70 60 2.28708e+20
71 60 2.28692e+20
72 60 2.28802e+20
73 60 2.29955e+20
74 60 2.37111e+20
75 60 2.65979e+20
76 60 3.67597e+20
77 60 1.18831e+21
78 60 3.63205e+21
79 60 6.73406e+21
80 60 9.0671e+21
81 60 1e+22
82 60 1e+22
83 60 1e+22
84 60 1e+22
85 60 1e+22
86 60 1e+22
87 60 1e+22
88 60 1e+22
89 60 1e+22
90 60 1e+22
91 60 1e+22
92 60 1e+22
93 60 1e+22
94 60 1e+22
95 60 1e+22
96 60 7.53235e+21
97 60 5.03382e+21
98 60 2.5046e+21
99 60 4.72212e+18
100 60 2.94874e+18
101 60 1.06343e+19
102 60 7.09401e+19
103 60 1.34074e+20
104 60 1.91387e+20
105 60 2.36181e+20
106 60 2.342e+20
107 60 2.3354e+20
108 60 2.33437e+20
109 60 2.33768e+20
110 60 2.33892e+20
111 60 2.35785e+20
112 60 2.38254e+20
113 60 2.08625e+20
114 60 1.6867e+20
115 60 2.02932e+20
116 60 2.45162e+20
117 60 2.43834e+20
118 60 2.44685e+20
119 60 2.44355e+20
120 60 2.43024e+20
121 60 2.42561e+20
122 60 2.44142e+20
123 60 2.44157e+20
124 60 2.42345e+20
125 60 2.41961e+20
63 61 2.35179e+20
64 61 2.35222e+20
65 61 2.3513e+20
66 61 2.3511e+20
67 61 2.35088e+20
68 61 2.35054e+20
69 61 2.34946e+20
70 61 2.35155e+20
71 61 2.36178e+20
72 61 2.39428e+20
73 61 2.54696e+20
74 61 3.45462e+20
75 61 9.42301e+20
76 61 3.21109e+21
77 61 5.86584e+21
78 61 8.36364e+21
79 61 9.97834e+21
80 61 1e+22
81 61 1e+22
82 61 1e+22
83 61 1e+22
84 61 1e+22
85 61 1e+22
86 61 1e+22
87 61 1e+22
88 61 1e+22
89 61 1e+22
90 61 1e+22
91 61 1e+22
92 61 1e+22
93 61 1e+22
94 61 7.70421e+21
95 61 5.20855e+21
96 61 2.53733e+21
97 61 3.47684e+19
98 61 2.49764e+18
99 61 1.24551e+18
100 61 1.03515e+18
101 61 1.32389e+18
102 61 3.34889e+18
103 61 1.79888e+19
104 61 7.82168e+19
105 61 1.2457e+20
106 61 1.24725e+20
107 61 1.2573e+20
108 61 1.25997e+20
109 61 1.25495e+20
110 61 1.23225e+20
111 61 1.234e+20
112 61 1.25551e+20
113 61 9.58412e+19
114 61 5.69862e+19
115 61 3.74967e+20
116 61 6.47634e+20
117 61 5.49794e+20
118 61 5.45844e+20
119 61 5.95128e+20
120 61 5.99807e+20
121 61 5.4952e+20
122 61 5.3615e+20
123 61 5.19574e+20
124 61 4.98881e+20
125 61 4.99988e+20
63 62 2.41325e+20
64 62 2.41307e+20
65 62 2.4125e+20
66 62 2.41133e+20
67 62 2.41126e+20
68 62 2.41396e+20
69 62 2.42491e+20
70 62 2.45411e+20
71 62 2.56241e+20
72 62 3.08889e+20
73 62 5.83771e+20
74 62 2.91626e+21
75 62 5.65287e+21
76 62 7.96413e+21
77 62 9.82013e+21
78 62 1e+22
79 62 1e+22
80 62 1e+22
81 62 1e+22
82 62 1e+22
83 62 1e+22
84 62 1e+22
85 62 1e+22
86 62 1e+22
87 62 1e+22
88 62 1e+22
89 62 1e+22
90 62 1e+22
91 62 1e+22
92 62 1e+22
93 62 7.51003e+21
94 62 2.71583e+21
95 62 2.10606e+20
96 62 5.73559e+18
97 62 1.47923e+18
98 62 1.05508e+18
99 62 1.00399e+18
100 62 1e+18
101 62 1.00641e+18
102 62 1.04457e+18
103 62 1.15869e+18
104 62 1.56076e+18
105 62 2.78521e+18
106 62 4.92991e+18
107 62 6.54984e+18
108 62 7.08845e+18
109 62 6.15041e+18
110 62 3.60651e+18
111 62 2.29923e+18
112 62 2.68161e+18
113 62 6.72503e+18
114 62 4.16825e+19
115 62 2.82089e+21
116 62 5.51671e+21
117 62 5.41997e+21
118 62 5.41534e+21
119 62 5.46506e+21
120 62 5.47087e+21
121 62 5.42117e+21
122 62 5.40613e+21
123 62 5.38983e+21
124 62 5.37135e+21
125 62 5.37251e+21
63 63 2.47717e+20
64 63 2.47644e+20
65 63 2.47688e+20
66 63 2.47838e+20
67 63 2.48402e+20
68 63 2.50736e+20
69 63 2.60164e+20
70 63 3.21444e+20
71 63 6.16197e+20
72 63 2.25796e+21
73 63 4.66206e+21
74 63 7.69449e+21
75 63 9.86179e+21
76 63 1e+22
77 63 1e+22
78 63 1e+22
79 63 1e+22
80 63 1e+22
81 63 1e+22
82 63 1e+22
83 63 1e+22
84 63 1e+22
85 63 1e+22
86 63 1e+22
87 63 1e+22
88 63 1e+22
89 63 1e+22
90 63 1e+22
91 63 7.52986e+21
92 63 5.03361e+21
93 63 2.51489e+21
94 63 1.31667e+19
95 63 2.76413e+18
96 63 1.27162e+18
97 63 1.03104e+18
98 63 1.00065e+18
99 63 1e+18
100 63 1e+18
101 63 1e+18
102 63 1e+18
103 63 1e+18
104 63 1.00416e+18
105 63 1.02866e+18
106 63 1.08076e+18
107 63 1.1092e+18
108 63 1.12133e+18
109 63 1.21528e+18
110 63 1.42857e+18
111 63 5.90126e+18
112 63 2.50602e+21
113 63 5.00544e+21
114 63 5.03908e+21
115 63 7.53454e+21
116 63 1e+22
117 63 1e+22
118 63 1e+22
119 63 1e+22
120 63 1e+22
121 63 1e+22
122 63 1e+22
123 63 1e+22
124 63 1e+22
125 63 1e+22
63 64 2.54151e+20
64 64 2.54266e+20
65 64 2.54938e+20
66 64 2.56659e+20
67 64 2.69393e+20
68 64 3.39412e+20
69 64 4.92906e+20
70 64 1.44331e+21
71 64 4.00588e+21
72 64 7.07244e+21
73 64 9.2159e+21
74 64 1e+22
75 64 1e+22
76 64 1e+22
77 64 1e+22
78 64 1e+22
79 64 1e+22
80 64 1e+22
81 64 1e+22
82 64 1e+22
83 64 1e+22
84 64 1e+22
85 64 1e+22
86 64 1e+22
87 64 1e+22
88 64 1e+22
89 64 7.73382e+21
90 64 5.24359e+21
91 64 2.54189e+21
92 64 3.68641e+19
93 64 6.38832e+18
94 64 2.3503e+18
95 64 1.24363e+18
96 64 1.02695e+18
97 64 1.01172e+18
98 64 1.01444e+18
99 64 1.00423e+18
100 64 1.00001e+18
101 64 1e+18
102 64 1e+18
103 64 1e+18
104 64 1e+18
105 64 1.00359e+18
106 64 1.03466e+18
107 64 1.31126e+18
108 64 1.7846e+18
109 64 6.19937e+18
110 64 2.50569e+21
111 64 5.00514e+21
112 64 7.50464e+21
113 64 1e+22
114 64 1e+22
115 64 1e+22
116 64 1e+22
117 64 1e+22
118 64 1e+22
119 64 1e+22
120 64 1e+22
121 64 1e+22
122 64 1e+22
123 64 1e+22
124 64 1e+22
125 64 1e+22
63 65 2.62326e+20
64 65 2.6432e+20
65 65 2.69469e+20
66 65 2.82514e+20
67 65 3.8582e+20
68 65 1.80031e+21
69 65 4.28287e+21
70 65 6.24801e+21
71 65 8.52572e+21
72 65 1e+22
73 65 1e+22
74 65 1e+22
75 65 1e+22
76 65 1e+22
77 65 1e+22
78 65 1e+22
79 65 1e+22
80 65 1e+22
81 65 1e+22
82 65 1e+22
83 65 1e+22
84 65 1e+22
85 65 1e+22
86 65 1e+22
87 65 7.95992e+21
88 65 5.48976e+21
89 65 2.77055e+21
90 65 2.52748e+20
91 65 1.54225e+19
92 65 5.09208e+18
93 65 2.67104e+18
94 65 1.59253e+18
95 65 1.1625e+18
96 65 1.08768e+18
97 65 1.16332e+18
98 65 1.17683e+18
99 65 1.07303e+18
100 65 1.00475e+18
101 65 1.00025e+18
102 65 1.00158e+18
103 65 1.0055e+18
104 65 1.03498e+18
105 65 1.19925e+18
106 65 2.40136e+18
107 65 2.50226e+21
108 65 5.00126e+21
109 65 5.00558e+21
110 65 7.50485e+21
111 65 1e+22
112 65 1e+22
113 65 1e+22
114 65 1e+22
115 65 1e+22
116 65 1e+22
117 65 1e+22
118 65 1e+22
119 65 1e+22
120 65 1e+22
121 65 1e+22
122 65 1e+22
123 65 1e+22
124 65 1e+22
125 65 1e+22
63 66 2.896e+20
64 66 3.08248e+20
65 66 4.44416e+20
66 66 7.36343e+20
67 66 2.49254e+21
68 66 5.96617e+21
69 66 8.92672e+21
70 66 1e+22
71 66 1e+22
72 66 1e+22
73 66 1e+22
74 66 1e+22
75 66 1e+22
76 66 1e+22
77 66 1e+22
78 66 1e+22
79 66 1e+22
80 66 1e+22
81 66 1e+22
82 66 1e+22
83 66 1e+22
84 66 1e+22
85 66 1e+22
86 66 7.61402e+21
87 66 3.0894e+21
88 66 5.0946e+20
89 66 4.34126e+19
90 66 1.30083e+19
91 66 5.82199e+18
92 66 3.62775e+18
93 66 2.54712e+18
94 66 1.94072e+18
95 66 1.6565e+18
96 66 1.59004e+18
97 66 1.69326e+18
98 66 1.65671e+18
99 66 1.39399e+18
100 66 1.18941e+18
101 66 1.11536e+18
102 66 1.18895e+18
103 66 1.4208e+18
104 66 2.32382e+18
105 66 1.09609e+19
106 66 2.51087e+21
107 66 7.50145e+21
108 66 1e+22
109 66 1e+22
110 66 1e+22
111 66 1e+22
112 66 1e+22
113 66 1e+22
114 66 1e+22
115 66 1e+22
116 66 1e+22
117 66 1e+22
118 66 1e+22
119 66 1e+22
120 66 1e+22
121 66 1e+22
122 66 1e+22
123 66 1e+22
124 66 1e+22
125 66 1e+22
63 67 1.00307e+21
64 67 1.17743e+21
65 67 3.32853e+21
66 67 5.58465e+21
67 67 7.24988e+21
68 67 9.37688e+21
69 67 1e+22
70 67 1e+22
71 67 1e+22
72 67 1e+22
73 67 1e+22
74 67 1e+22
75 67 1e+22
76 67 1e+22
77 67 1e+22
78 67 1e+22
79 67 1e+22
80 67 1e+22
81 67 1e+22
82 67 1e+22
83 67 8.77215e+21
84 67 6.57068e+21
85 67 5.33004e+21
86 67 2.65407e+21
87 67 1.42294e+20
88 67 2.67979e+19
89 67 1.14744e+19
90 67 7.40213e+18
91 67 5.42177e+18
92 67 4.49248e+18
93 67 3.82279e+18
94 67 3.25557e+18
95 67 2.87738e+18
96 67 2.77577e+18
97 67 2.83699e+18
98 67 2.75625e+18
99 67 2.3858e+18
100 67 2.1165e+18
101 67 2.37697e+18
102 67 3.69181e+18
103 67 2.72577e+20
104 67 2.77148e+21
105 67 5.01027e+21
106 67 7.50901e+21
107 67 1e+22
108 67 1e+22
109 67 1e+22
110 67 1e+22
111 67 1e+22
112 67 1e+22
113 67 1e+22
114 67 1e+22
115 67 1e+22
116 67 1e+22
117 67 1e+22
118 67 1e+22
119 67 1e+22
120 67 1e+22
121 67 1e+22
122 67 1e+22
123 67 1e+22
124 67 1e+22
125 67 1e+22
63 68 5.84711e+21
64 68 6.00469e+21
65 68 8.02415e+21
66 68 9.99987e+21
67 68 1e+22
68 68 1e+22
69 68 1e+22
70 68 1e+22
71 68 1e+22
72 68 1e+22
73 68 1e+22
74 68 1e+22
75 68 1e+22
76 68 1e+22
77 68 1e+22
78 68 1e+22
79 68 1e+22
80 68 1e+22
81 68 1e+22
82 68 8.0057e+21
83 68 4.32245e+21
84 68 1.62953e+21
85 68 3.52447e+20
86 68 5.31906e+19
87 68 2.14309e+19
88 68 1.37753e+19
89 68 1.06091e+19
90 68 8.94007e+18
91 68 7.95611e+18
92 68 7.23756e+18
93 68 6.50926e+18
94 68 5.65538e+18
95 68 5.13356e+18
96 68 5.03101e+18
97 68 4.97419e+18
98 68 5.04936e+18
99 68 6.29953e+18
100 68 8.92616e+18
101 68 6.45173e+20
102 68 3.14192e+21
103 68 5.27166e+21
104 68 7.7697e+21
105 68 1e+22
106 68 1e+22
107 68 1e+22
108 68 1e+22
109 68 1e+22
110 68 1e+22
111 68 1e+22
112 68 1e+22
113 68 1e+22
114 68 1e+22
115 68 1e+22
116 68 1e+22
117 68 1e+22
118 68 1e+22
119 68 1e+22
120 68 1e+22
121 68 1e+22
122 68 1e+22
123 68 1e+22
124 68 1e+22
125 68 1e+22
63 69 1e+22
64 69 1e+22
65 69 1e+22
66 69 1e+22
67 69 1e+22
68 69 1e+22
69 69 1e+22
70 69 1e+22
71 69 1e+22
72 69 1e+22
73 69 1e+22
74 69 1e+22
75 69 1e+22
76 69 1e+22
77 69 1e+22
78 69 1e+22
79 69 1e+22
80 69 9.06321e+21
81 69 6.66013e+21
82 69 3.13203e+21
83 69 5.92389e+20
84 69 8.00621e+19
85 69 3.71932e+19
86 69 2.48214e+19
87 69 1.88598e+19
88 69 1.62861e+19
89 69 1.50615e+19
90 69 1.40576e+19
91 69 1.31446e+19
92 69 1.20483e+19
93 69 1.09335e+19
94 69 1.00694e+19
95 69 9.44756e+18
96 69 9.34743e+18
97 69 1.41231e+19
98 69 2.65301e+19
99 69 1.87148e+20
100 69 2.67447e+21
101 69 5.64341e+21
102 69 8.13891e+21
103 69 1e+22
104 69 1e+22
105 69 1e+22
106 69 1e+22
107 69 1e+22
108 69 1e+22
109 69 1e+22
110 69 1e+22
111 69 1e+22
112 69 1e+22
113 69 1e+22
114 69 1e+22
115 69 1e+22
116 69 1e+22
117 69 1e+22
118 69 1e+22
119 69 1e+22
120 69 1e+22
121 69 1e+22
122 69 1e+22
123 69 1e+22
124 69 1e+22
125 69 1e+22
63 70 1e+22
64 70 1e+22
65 70 1e+22
66 70 1e+22
67 70 1e+22
68 70 1e+22
69 70 1e+22
70 70 1e+22
71 70 1e+22
72 70 1e+22
73 70 1e+22
74 70 1e+22
75 70 1e+22
76 70 1e+22
77 70 1e+22
78 70 8.74009e+21
79 70 6.47513e+21
80 70 4.33197e+21
81 70 1.71117e+21
82 70 1.56465e+20
83 70 6.52481e+19
84 70 4.05691e+19
85 70 3.24127e+19
86 70 2.83809e+19
87 70 2.6739e+19
88 70 2.60845e+19
89 70 2.50452e+19
90 70 2.35967e+19
91 70 2.19325e+19
92 70 2.03383e+19
93 70 1.91919e+19
94 70 1.89158e+19
95 70 2.47017e+19
96 70 3.99424e+19
97 70 1.0276e+21
98 70 3.51826e+21
99 70 5.18241e+21
100 70 7.66697e+21
101 70 1e+22
102 70 1e+22
103 70 1e+22
104 70 1e+22
105 70 1e+22
106 70 1e+22
107 70 1e+22
108 70 1e+22
109 70 1e+22
110 70 1e+22
111 70 1e+22
112 70 1e+22
113 70 1e+22
114 70 1e+22
115 70 1e+22
116 70 1e+22
117 70 1e+22
118 70 1e+22
119 70 1e+22
120 70 1e+22
121 70 1e+22
122 70 1e+22
123 70 1e+22
124 70 1e+22
125 70 1e+22
63 71 1e+22
64 71 1e+22
65 71 1e+22
66 71 1e+22
67 71 1e+22
68 71 1e+22
69 71 1e+22
70 71 1e+22
71 71 1e+22
72 71 1e+22
73 71 1e+22
74 71 1e+22
75 71 1e+22
76 71 9.95652e+21
77 71 7.77853e+21
78 71 4.12367e+21
79 71 1.56306e+21
80 71 3.13096e+20
81 71 8.43475e+19
82 71 6.00585e+19
83 71 5.18804e+19
84 71 4.74438e+19
85 71 4.5484e+19
86 71 4.506e+19
87 71 4.54073e+19
88 71 4.4994e+19
89 71 4.30442e+19
90 71 4.01917e+19
91 71 3.79559e+19
92 71 3.6797e+19
93 71 3.86704e+19
94 71 8.22289e+19
95 71 1.97459e+21
96 71 4.43454e+21
97 71 6.01666e+21
98 71 8.49502e+21
99 71 1e+22
100 71 1e+22
101 71 1e+22
102 71 1e+22
103 71 1e+22
104 71 1e+22
105 71 1e+22
106 71 1e+22
107 71 1e+22
108 71 1e+22
109 71 1e+22
110 71 1e+22
111 71 1e+22
112 71 1e+22
113 71 1e+22
114 71 1e+22
115 71 1e+22
116 71 1e+22
117 71 1e+22
118 71 1e+22
119 71 1e+22
120 71 1e+22
121 71 1e+22
122 71 1e+22
123 71 1e+22
124 71 1e+22
125 71 1e+22
63 72 1e+22
64 72 1e+22
65 72 1e+22
66 72 1e+22
67 72 1e+22
68 72 1e+22
69 72 1e+22
70 72 1e+22
71 72 1e+22
72 72 1e+22
73 72 1e+22
74 72 9.94044e+21
75 72 7.83759e+21
76 72 5.48276e+21
77 72 2.95129e+21
78 72 4.56234e+20
79 72 1.41455e+20
80 72 9.27014e+19
81 72 8.07114e+19
82 72 7.78712e+19
83 72 7.81498e+19
84 72 7.89156e+19
85 72 7.89094e+19
86 72 7.90778e+19
87 72 7.83242e+19
88 72 7.58639e+19
89 72 7.3223e+19
90 72 7.08329e+19
91 72 8.14951e+19
92 72 2.74113e+20
93 72 5.22236e+20
94 72 2.84993e+21
95 72 6.95604e+21
96 72 9.40069e+21
97 72 1e+22
98 72 1e+22
99 72 1e+22
100 72 1e+22
101 72 1e+22
102 72 1e+22
103 72 1e+22
104 72 1e+22
105 72 1e+22
106 72 1e+22
107 72 1e+22
108 72 1e+22
109 72 1e+22
110 72 1e+22
111 72 1e+22
112 72 1e+22
113 72 1e+22
114 72 1e+22
115 72 1e+22
116 72 1e+22
117 72 1e+22
118 72 1e+22
119 72 1e+22
120 72 1e+22
121 72 1e+22
122 72 1e+22
123 72 1e+22
124 72 1e+22
125 72 1e+22
63 73 1e+22
64 73 1e+22
65 73 1e+22
66 73 1e+22
67 73 1e+22
68 73 1e+22
69 73 1e+22
70 73 1e+22
71 73 1e+22
72 73 1e+22
73 73 8.93042e+21
74 73 6.72325e+21
75 73 3.26518e+21
76 73 6.53692e+20
77 73 2.66739e+20
78 73 1.5369e+20
79 73 1.33785e+20
80 73 1.31844e+20
81 73 1.35832e+20
82 73 1.39838e+20
83 73 1.41488e+20
84 73 1.40373e+20
85 73 1.38434e+20
86 73 1.36382e+20
87 73 1.33633e+20
88 73 1.39071e+20
89 73 1.81823e+20
90 73 3.17322e+20
91 73 1.7633e+21
92 73 4.27099e+21
93 73 5.49592e+21
94 73 7.7801e+21
95 73 1e+22
96 73 1e+22
97 73 1e+22
98 73 1e+22
99 73 1e+22
100 73 1e+22
101 73 1e+22
102 73 1e+22
103 73 1e+22
104 73 1e+22
105 73 1e+22
106 73 1e+22
107 73 1e+22
108 73 1e+22
109 73 1e+22
110 73 1e+22
111 73 1e+22
112 73 1e+22
113 73 1e+22
114 73 1e+22
115 73 1e+22
116 73 1e+22
117 73 1e+22
118 73 1e+22
119 73 1e+22
120 73 1e+22
121 73 1e+22
122 73 1e+22
123 73 1e+22
124 73 1e+22
125 73 1e+22
63 74 1e+22
64 74 1e+22
65 74 1e+22
66 74 1e+22
67 74 1e+22
68 74 1e+22
69 74 1e+22
70 74 1e+22
71 74 9.21172e+21
72 74 7.12416e+21
73 74 4.5009e+21
74 74 2.02994e+21
75 74 5.90343e+20
76 74 2.67434e+20
77 74 2.30131e+20
78 74 2.26645e+20
79 74 2.35312e+20
80 74 2.47987e+20
81 74 2.56921e+20
82 74 2.56891e+20
83 74 2.53914e+20
84 74 2.47792e+20
85 74 2.45714e+20
86 74 2.59657e+20
87 74 3.47042e+20
88 74 7.53748e+20
89 74 3.12882e+21
90 74 5.27175e+21
91 74 6.70602e+21
92 74 9.02085e+21
93 74 1e+22
94 74 1e+22
95 74 1e+22
96 74 1e+22
97 74 1e+22
98 74 1e+22
99 74 1e+22
100 74 1e+22
101 74 1e+22
102 74 1e+22
103 74 1e+22
104 74 1e+22
105 74 1e+22
106 74 1e+22
107 74 1e+22
108 74 1e+22
109 74 1e+22
110 74 1e+22
111 74 1e+22
112 74 1e+22
113 74 1e+22
114 74 1e+22
115 74 1e+22
116 74 1e+22
117 74 1e+22
118 74 1e+22
119 74 1e+22
120 74 1e+22
121 74 1e+22
122 74 1e+22
123 74 1e+22
124 74 1e+22
125 74 1e+22
63 75 1e+22
64 75 1e+22
65 75 1e+22
66 75 1e+22
67 75 1e+22
68 75 1e+22
69 75 9.94026e+21
70 75 8.40091e+21
71 75 5.59773e+21
72 75 2.72288e+21
73 75 8.75108e+20
74 75 4.99501e+20
75 75 4.09605e+20
76 75 4.02822e+20
77 75 4.16648e+20
78 75 4.37972e+20
79 75 4.56662e+20
80 75 4.63634e+20
81 75 4.6515e+20
82 75 4.65694e+20
83 75 4.63155e+20
84 75 4.97416e+20
85 75 6.89759e+20
86 75 1.34548e+21
87 75 3.24046e+21
88 75 5.3112e+21
89 75 7.99298e+21
90 75 1e+22
91 75 1e+22
92 75 1e+22
93 75 1e+22
94 75 1e+22
95 75 1e+22
96 75 1e+22
97 75 1e+22
98 75 1e+22
99 75 1e+22
100 75 1e+22
101 75 1e+22
102 75 1e+22
103 75 1e+22
104 75 1e+22
105 75 1e+22
106 75 1e+22
107 75 1e+22
108 75 1e+22
109 75 1e+22
110 75 1e+22
111 75 1e+22
112 75 1e+22
113 75 1e+22
114 75 1e+22
115 75 1e+22
116 75 1e+22
117 75 1e+22
118 75 1e+22
119 75 1e+22
120 75 1e+22
121 75 1e+22
122 75 1e+22
123 75 1e+22
124 75 1e+22
125 75 1e+22
63 76 1e+22
64 76 1e+22
65 76 1e+22
66 76 1e+22
67 76 9.96126e+21
68 76 9.28059e+21
69 76 7.50184e+21
70 76 4.45742e+21
71 76 1.94887e+21
72 76 1.07591e+21
73 76 7.5683e+20
74 76 7.11979e+20
75 76 7.30197e+20
76 76 7.71103e+20
77 76 8.20308e+20
78 76 8.56777e+20
79 76 8.81628e+20
80 76 8.85937e+20
81 76 8.67944e+20
82 76 9.13896e+20
83 76 1.158e+21
84 76 2.62266e+21
85 76 4.79241e+21
86 76 6.17149e+21
87 76 7.97764e+21
88 76 9.64917e+21
89 76 1e+22
90 76 1e+22
91 76 1e+22
92 76 1e+22
93 76 1e+22
94 76 1e+22
95 76 1e+22
96 76 1e+22
97 76 1e+22
98 76 1e+22
99 76 1e+22
100 76 1e+22
101 76 1e+22
102 76 1e+22
103 76 1e+22
104 76 1e+22
105 76 1e+22
106 76 1e+22
107 76 1e+22
108 76 1e+22
109 76 1e+22
110 76 1e+22
111 76 1e+22
112 76 1e+22
113 76 1e+22
114 76 1e+22
115 76 1e+22
116 76 1e+22
117 76 1e+22
118 76 1e+22
119 76 1e+22
120 76 1e+22
121 76 1e+22
122 76 1e+22
123 76 1e+22
124 76 1e+22
125 76 1e+22
63 77 1e+22
64 77 1e+22
65 77 9.99241e+21
66 77 9.21237e+21
67 77 7.72206e+21
68 77 5.97919e+21
69 77 3.68846e+21
70 77 1.96631e+21
71 77 1.44152e+21
72 77 1.35228e+21
73 77 1.34393e+21
74 77 1.37514e+21
75 77 1.43736e+21
76 77 1.52978e+21
77 77 1.62387e+21
78 77 1.68047e+21
79 77 1.70383e+21
80 77 1.78956e+21
81 77 2.13761e+21
82 77 3.72069e+21
83 77 5.53725e+21
84 77 7.28349e+21
85 77 9.26098e+21
86 77 1e+22
87 77 1e+22
88 77 1e+22
89 77 1e+22
90 77 1e+22
91 77 1e+22
92 77 1e+22
93 77 1e+22
94 77 1e+22
95 77 1e+22
96 77 1e+22
97 77 1e+22
98 77 1e+22
99 77 1e+22
100 77 1e+22
101 77 1e+22
102 77 1e+22
103 77 1e+22
104 77 1e+22
105 77 1e+22
106 77 1e+22
107 77 1e+22
108 77 1e+22
109 77 1e+22
110 77 1e+22
111 77 1e+22
112 77 1e+22
113 77 1e+22
114 77 1e+22
115 77 1e+22
116 77 1e+22
117 77 1e+22
118 77 1e+22
119 77 1e+22
120 77 1e+22
121 77 1e+22
122 77 1e+22
123 77 1e+22
124 77 1e+22
125 77 1e+22
63 78 9.9987e+21
64 78 9.9413e+21
65 78 9.45949e+21
66 78 7.35888e+21
67 78 4.83706e+21
68 78 3.5643e+21
69 78 2.91869e+21
70 78 2.69269e+21
71 78 2.62837e+21
72 78 2.6305e+21
73 78 2.71124e+21
74 78 2.78227e+21
75 78 2.81392e+21
76 78 2.9013e+21
77 78 3.04448e+21
78 78 3.10949e+21
79 78 3.46794e+21
80 78 4.68293e+21
81 78 6.2049e+21
82 78 8.1017e+21
83 78 9.68055e+21
84 78 1e+22
85 78 1e+22
86 78 1e+22
87 78 1e+22
88 78 1e+22
89 78 1e+22
90 78 1e+22
91 78 1e+22
92 78 1e+22
93 78 1e+22
94 78 1e+22
95 78 1e+22
96 78 1e+22
97 78 1e+22
98 78 1e+22
99 78 1e+22
100 78 1e+22
101 78 1e+22
102 78 1e+22
103 78 1e+22
104 78 1e+22
105 78 1e+22
106 78 1e+22
107 78 1e+22
108 78 1e+22
109 78 1e+22
110 78 1e+22
111 78 1e+22
112 78 1e+22
113 78 1e+22
114 78 1e+22
115 78 1e+22
116 78 1e+22
117 78 1e+22
118 78 1e+22
119 78 1e+22
120 78 1e+22
121 78 1e+22
122 78 1e+22
123 78 1e+22
124 78 1e+22
125 78 1e+22
63 79 9.9488e+21
64 79 9.46337e+21
65 79 8.41919e+21
66 79 6.46927e+21
67 79 4.95413e+21
68 79 4.61045e+21
69 79 4.43179e+21
70 79 4.3614e+21
71 79 4.3755e+21
72 79 4.43752e+21
73 79 4.30644e+21
74 79 3.99855e+21
75 79 3.69081e+21
76 79 3.65002e+21
77 79 3.74895e+21
78 79 3.67338e+21
79 79 4.2874e+21
80 79 6.47168e+21
81 79 8.73197e+21
82 79 9.75879e+21
83 79 9.99947e+21
84 79 1e+22
85 79 1e+22
86 79 1e+22
87 79 1e+22
88 79 1e+22
89 79 1e+22
90 79 1e+22
91 79 1e+22
92 79 1e+22
93 79 1e+22
94 79 1e+22
95 79 1e+22
96 79 1e+22
97 79 1e+22
98 79 1e+22
99 79 1e+22
100 79 1e+22
101 79 1e+22
102 79 1e+22
103 79 1e+22
104 79 1e+22
105 79 1e+22
106 79 1e+22
107 79 1e+22
108 79 1e+22
109 79 1e+22
110 79 1e+22
111 79 1e+22
112 79 1e+22
113 79 1e+22
114 79 1e+22
115 79 1e+22
116 79 1e+22
117 79 1e+22
118 79 1e+22
119 79 1e+22
120 79 1e+22
121 79 1e+22
122 79 1e+22
123 79 1e+22
124 79 1e+22
125 79 1e+22
