63 0 4.3117e+19
64 0 4.30784e+19
65 0 4.31177e+19
66 0 4.31439e+19
67 0 4.31374e+19
68 0 4.31315e+19
69 0 4.31404e+19
70 0 4.31155e+19
71 0 4.30984e+19
72 0 4.31003e+19
73 0 4.30879e+19
74 0 4.30756e+19
75 0 4.30665e+19
76 0 4.30785e+19
77 0 4.31238e+19
78 0 4.31629e+19
79 0 4.31161e+19
80 0 4.31007e+19
81 0 4.31607e+19
82 0 4.31411e+19
83 0 4.30718e+19
84 0 4.30629e+19
85 0 4.30756e+19
86 0 4.31226e+19
87 0 4.31452e+19
88 0 4.31216e+19
89 0 4.31443e+19
90 0 4.31291e+19
91 0 4.30993e+19
92 0 4.3095e+19
93 0 4.30923e+19
94 0 4.30933e+19
95 0 4.30712e+19
96 0 4.30589e+19
97 0 4.30815e+19
98 0 4.307e+19
99 0 4.3078e+19
100 0 4.31031e+19
101 0 4.31038e+19
102 0 4.31019e+19
103 0 4.31128e+19
104 0 4.31176e+19
105 0 4.31066e+19
106 0 4.31416e+19
107 0 4.30895e+19
108 0 4.30507e+19
109 0 4.3082e+19
110 0 4.30781e+19
111 0 4.31039e+19
112 0 4.31145e+19
113 0 4.30866e+19
114 0 4.30768e+19
115 0 4.3104e+19
116 0 4.31342e+19
117 0 4.31204e+19
118 0 4.31031e+19
119 0 4.31048e+19
120 0 4.31133e+19
121 0 4.31206e+19
122 0 4.31196e+19
123 0 4.31083e+19
124 0 4.30705e+19
125 0 4.30757e+19
63 1 4.41789e+19
64 1 4.41675e+19
65 1 4.41917e+19
66 1 4.41845e+19
67 1 4.41918e+19
68 1 4.42002e+19
69 1 4.41802e+19
70 1 4.41856e+19
71 1 4.41782e+19
72 1 4.41575e+19
73 1 4.41583e+19
74 1 4.4203e+19
75 1 4.42272e+19
76 1 4.42073e+19
77 1 4.41863e+19
78 1 4.41789e+19
79 1 4.42025e+19
80 1 4.42011e+19
81 1 4.41937e+19
82 1 4.41824e+19
83 1 4.41615e+19
84 1 4.41634e+19
85 1 4.41554e+19
86 1 4.41357e+19
87 1 4.4169e+19
88 1 4.41767e+19
89 1 4.41591e+19
90 1 4.41754e+19
91 1 4.41793e+19
92 1 4.41752e+19
93 1 4.418e+19
94 1 4.41928e+19
95 1 4.42121e+19
96 1 4.422e+19
97 1 4.41881e+19
98 1 4.41744e+19
99 1 4.41867e+19
100 1 4.41758e+19
101 1 4.4176e+19
102 1 4.41884e+19
103 1 4.42018e+19
104 1 4.41809e+19
105 1 4.4177e+19
106 1 4.41883e+19
107 1 4.41603e+19
108 1 4.41645e+19
109 1 4.41751e+19
110 1 4.41814e+19
111 1 4.4179e+19
112 1 4.41923e+19
113 1 4.41843e+19
114 1 4.4145e+19
115 1 4.41846e+19
116 1 4.42034e+19
117 1 4.41929e+19
118 1 4.42074e+19
119 1 4.42128e+19
120 1 4.42032e+19
121 1 4.41825e+19
122 1 4.41714e+19
123 1 4.41787e+19
124 1 4.41642e+19
125 1 4.41748e+19
63 2 4.55327e+19
64 2 4.55476e+19
65 2 4.54943e+19
66 2 4.55024e+19
67 2 4.55549e+19
68 2 4.55275e+19
69 2 4.55154e+19
70 2 4.55391e+19
71 2 4.55405e+19
72 2 4.55255e+19
73 2 4.55066e+19
74 2 4.54991e+19
75 2 4.54923e+19
76 2 4.5514e+19
77 2 4.55093e+19
78 2 4.54946e+19
79 2 4.55153e+19
80 2 4.55145e+19
81 2 4.54815e+19
82 2 4.54692e+19
83 2 4.5492e+19
84 2 4.55053e+19
85 2 4.55332e+19
86 2 4.55409e+19
87 2 4.55047e+19
88 2 4.54917e+19
89 2 4.54933e+19
90 2 4.54946e+19
91 2 4.54861e+19
92 2 4.54841e+19
93 2 4.5491e+19
94 2 4.54952e+19
95 2 4.55047e+19
96 2 4.55012e+19
97 2 4.54831e+19
98 2 4.55156e+19
99 2 4.55163e+19
100 2 4.54723e+19
101 2 4.54765e+19
102 2 4.54968e+19
103 2 4.55039e+19
104 2 4.54882e+19
105 2 4.54895e+19
106 2 4.55016e+19
107 2 4.55264e+19
108 2 4.55339e+19
109 2 4.55071e+19
110 2 4.55057e+19
111 2 4.5492e+19
112 2 4.54918e+19
113 2 4.55049e+19
114 2 4.54945e+19
115 2 4.54957e+19
116 2 4.5513e+19
117 2 4.55288e+19
118 2 4.55184e+19
119 2 4.55304e+19
120 2 4.55357e+19
121 2 4.55027e+19
122 2 4.55084e+19
123 2 4.55237e+19
124 2 4.55183e+19
125 2 4.55051e+19
63 3 4.69013e+19
64 3 4.68839e+19
65 3 4.68687e+19
66 3 4.68718e+19
67 3 4.68677e+19
68 3 4.68578e+19
69 3 4.68849e+19
70 3 4.68808e+19
71 3 4.68628e+19
72 3 4.68935e+19
73 3 4.68937e+19
74 3 4.68637e+19
75 3 4.68422e+19
76 3 4.68614e+19
77 3 4.68697e+19
78 3 4.6858e+19
79 3 4.68626e+19
80 3 4.68592e+19
81 3 4.68535e+19
82 3 4.68814e+19
83 3 4.69045e+19
84 3 4.68828e+19
85 3 4.68576e+19
86 3 4.68698e+19
87 3 4.68761e+19
88 3 4.68867e+19
89 3 4.68955e+19
90 3 4.68766e+19
91 3 4.68614e+19
92 3 4.68493e+19
93 3 4.68577e+19
94 3 4.687e+19
95 3 4.68736e+19
96 3 4.68586e+19
97 3 4.68467e+19
98 3 4.68511e+19
99 3 4.68656e+19
100 3 4.68612e+19
101 3 4.6861e+19
102 3 4.68832e+19
103 3 4.68652e+19
104 3 4.68694e+19
105 3 4.68888e+19
106 3 4.68939e+19
107 3 4.68745e+19
108 3 4.68516e+19
109 3 4.68573e+19
110 3 4.68587e+19
111 3 4.68642e+19
112 3 4.68664e+19
113 3 4.68823e+19
114 3 4.68926e+19
115 3 4.68665e+19
116 3 4.68647e+19
117 3 4.68827e+19
118 3 4.68669e+19
119 3 4.68538e+19
120 3 4.68548e+19
121 3 4.68637e+19
122 3 4.68684e+19
123 3 4.68676e+19
124 3 4.6891e+19
125 3 4.68864e+19
63 4 4.82706e+19
64 4 4.82626e+19
65 4 4.83168e+19
66 4 4.83338e+19
67 4 4.82895e+19
68 4 4.82704e+19
69 4 4.82794e+19
70 4 4.82653e+19
71 4 4.82571e+19
72 4 4.82729e+19
73 4 4.82866e+19
74 4 4.83048e+19
75 4 4.83103e+19
76 4 4.82815e+19
77 4 4.82704e+19
78 4 4.8272e+19
79 4 4.82878e+19
80 4 4.83054e+19
81 4 4.83007e+19
82 4 4.82979e+19
83 4 4.83046e+19
84 4 4.82882e+19
85 4 4.82517e+19
86 4 4.82456e+19
87 4 4.82513e+19
88 4 4.82468e+19
89 4 4.82739e+19
90 4 4.83138e+19
91 4 4.82985e+19
92 4 4.8267e+19
93 4 4.82621e+19
94 4 4.82551e+19
95 4 4.82582e+19
96 4 4.82732e+19
97 4 4.82647e+19
98 4 4.82525e+19
99 4 4.83048e+19
100 4 4.83263e+19
101 4 4.82835e+19
102 4 4.82726e+19
103 4 4.82734e+19
104 4 4.82917e+19
105 4 4.82886e+19
106 4 4.82706e+19
107 4 4.82502e+19
108 4 4.82431e+19
109 4 4.8277e+19
110 4 4.82884e+19
111 4 4.82929e+19
112 4 4.82834e+19
113 4 4.82977e+19
114 4 4.83297e+19
115 4 4.83278e+19
116 4 4.83016e+19
117 4 4.82728e+19
118 4 4.82747e+19
119 4 4.82891e+19
120 4 4.82822e+19
121 4 4.82834e+19
122 4 4.82845e+19
123 4 4.82689e+19
124 4 4.82724e+19
125 4 4.82708e+19
63 5 4.97426e+19
64 5 4.97514e+19
65 5 4.97385e+19
66 5 4.97431e+19
67 5 4.97469e+19
68 5 4.97612e+19
69 5 4.97318e+19
70 5 4.97011e+19
71 5 4.97385e+19
72 5 4.97302e+19
73 5 4.97338e+19
74 5 4.97608e+19
75 5 4.97569e+19
76 5 4.97222e+19
77 5 4.97263e+19
78 5 4.97417e+19
79 5 4.97082e+19
80 5 4.97101e+19
81 5 4.97348e+19
82 5 4.97181e+19
83 5 4.97149e+19
84 5 4.97256e+19
85 5 4.97168e+19
86 5 4.97078e+19
87 5 4.97166e+19
88 5 4.97231e+19
89 5 4.97038e+19
90 5 4.96985e+19
91 5 4.97011e+19
92 5 4.97057e+19
93 5 4.97104e+19
94 5 4.97106e+19
95 5 4.97081e+19
96 5 4.97175e+19
97 5 4.97098e+19
98 5 4.96888e+19
99 5 4.96911e+19
100 5 4.97197e+19
101 5 4.9717e+19
102 5 4.96807e+19
103 5 4.96923e+19
104 5 4.97107e+19
105 5 4.97026e+19
106 5 4.96876e+19
107 5 4.96993e+19
108 5 4.97179e+19
109 5 4.9725e+19
110 5 4.97062e+19
111 5 4.97019e+19
112 5 4.97147e+19
113 5 4.97199e+19
114 5 4.97369e+19
115 5 4.97308e+19
116 5 4.97089e+19
117 5 4.96965e+19
118 5 4.96938e+19
119 5 4.96872e+19
120 5 4.96971e+19
121 5 4.97077e+19
122 5 4.97161e+19
123 5 4.97318e+19
124 5 4.97309e+19
125 5 4.97033e+19
63 6 5.12292e+19
64 6 5.1227e+19
65 6 5.11949e+19
66 6 5.11742e+19
67 6 5.12067e+19
68 6 5.12298e+19
69 6 5.12047e+19
70 6 5.11835e+19
71 6 5.12003e+19
72 6 5.11832e+19
73 6 5.11877e+19
74 6 5.12028e+19
75 6 5.11833e+19
76 6 5.11762e+19
77 6 5.11915e+19
78 6 5.12025e+19
79 6 5.11701e+19
80 6 5.1155e+19
81 6 5.11912e+19
82 6 5.12083e+19
83 6 5.11904e+19
84 6 5.1173e+19
85 6 5.11837e+19
86 6 5.11996e+19
87 6 5.11993e+19
88 6 5.12245e+19
89 6 5.12042e+19
90 6 5.11524e+19
91 6 5.11845e+19
92 6 5.12145e+19
93 6 5.11986e+19
94 6 5.12057e+19
95 6 5.12013e+19
96 6 5.11723e+19
97 6 5.1194e+19
98 6 5.11923e+19
99 6 5.11417e+19
100 6 5.11551e+19
101 6 5.11784e+19
102 6 5.11699e+19
103 6 5.11608e+19
104 6 5.11384e+19
105 6 5.11487e+19
106 6 5.11897e+19
107 6 5.11995e+19
108 6 5.11975e+19
109 6 5.11885e+19
110 6 5.1196e+19
111 6 5.12161e+19
112 6 5.12054e+19
113 6 5.12204e+19
114 6 5.12044e+19
115 6 5.11798e+19
116 6 5.11786e+19
117 6 5.11714e+19
118 6 5.12142e+19
119 6 5.12164e+19
120 6 5.11911e+19
121 6 5.11876e+19
122 6 5.11989e+19
123 6 5.12091e+19
124 6 5.11974e+19
125 6 5.12272e+19
63 7 5.27513e+19
64 7 5.27437e+19
65 7 5.27555e+19
66 7 5.27519e+19
67 7 5.2721e+19
68 7 5.27122e+19
69 7 5.27472e+19
70 7 5.27501e+19
71 7 5.27143e+19
72 7 5.27085e+19
73 7 5.272e+19
74 7 5.27006e+19
75 7 5.26922e+19
76 7 5.27123e+19
77 7 5.27188e+19
78 7 5.27243e+19
79 7 5.27221e+19
80 7 5.27252e+19
81 7 5.27279e+19
82 7 5.27138e+19
83 7 5.26981e+19
84 7 5.27126e+19
85 7 5.27373e+19
86 7 5.27186e+19
87 7 5.27168e+19
88 7 5.27107e+19
89 7 5.27035e+19
90 7 5.2717e+19
91 7 5.2695e+19
92 7 5.26804e+19
93 7 5.26892e+19
94 7 5.2694e+19
95 7 5.26827e+19
96 7 5.2689e+19
97 7 5.27233e+19
98 7 5.27127e+19
99 7 5.27069e+19
100 7 5.27304e+19
101 7 5.27136e+19
102 7 5.26847e+19
103 7 5.26887e+19
104 7 5.26947e+19
105 7 5.2715e+19
106 7 5.27329e+19
107 7 5.2702e+19
108 7 5.26998e+19
109 7 5.27105e+19
110 7 5.27071e+19
111 7 5.27119e+19
112 7 5.27207e+19
113 7 5.27277e+19
114 7 5.2692e+19
115 7 5.27148e+19
116 7 5.27775e+19
117 7 5.27522e+19
118 7 5.2767e+19
119 7 5.27871e+19
120 7 5.27541e+19
121 7 5.27425e+19
122 7 5.2751e+19
123 7 5.27324e+19
124 7 5.27444e+19
125 7 5.27953e+19
63 8 5.43253e+19
64 8 5.43333e+19
65 8 5.43214e+19
66 8 5.43225e+19
67 8 5.42872e+19
68 8 5.42916e+19
69 8 5.43077e+19
70 8 5.43315e+19
71 8 5.43312e+19
72 8 5.43119e+19
73 8 5.43081e+19
74 8 5.43126e+19
75 8 5.43161e+19
76 8 5.43025e+19
77 8 5.42978e+19
78 8 5.42929e+19
79 8 5.43187e+19
80 8 5.43211e+19
81 8 5.42754e+19
82 8 5.42829e+19
83 8 5.42847e+19
84 8 5.42755e+19
85 8 5.42794e+19
86 8 5.42598e+19
87 8 5.42693e+19
88 8 5.42686e+19
89 8 5.4255e+19
90 8 5.42746e+19
91 8 5.42846e+19
92 8 5.42626e+19
93 8 5.42565e+19
94 8 5.42646e+19
95 8 5.42622e+19
96 8 5.42594e+19
97 8 5.42528e+19
98 8 5.42816e+19
99 8 5.42924e+19
100 8 5.42478e+19
101 8 5.4252e+19
102 8 5.42619e+19
103 8 5.42625e+19
104 8 5.42853e+19
105 8 5.42961e+19
106 8 5.43031e+19
107 8 5.42864e+19
108 8 5.42752e+19
109 8 5.42938e+19
110 8 5.42637e+19
111 8 5.42371e+19
112 8 5.42531e+19
113 8 5.42917e+19
114 8 5.43485e+19
115 8 5.43232e+19
116 8 5.42908e+19
117 8 5.4307e+19
118 8 5.4297e+19
119 8 5.42779e+19
120 8 5.42858e+19
121 8 5.43151e+19
122 8 5.43045e+19
123 8 5.42954e+19
124 8 5.43407e+19
125 8 5.43352e+19
63 9 5.5897e+19
64 9 5.59327e+19
65 9 5.59291e+19
66 9 5.5933e+19
67 9 5.59327e+19
68 9 5.59303e+19
69 9 5.59018e+19
70 9 5.58984e+19
71 9 5.59363e+19
72 9 5.5928e+19
73 9 5.58916e+19
74 9 5.58924e+19
75 9 5.58969e+19
76 9 5.58948e+19
77 9 5.59188e+19
78 9 5.59092e+19
79 9 5.58844e+19
80 9 5.58747e+19
81 9 5.58735e+19
82 9 5.58771e+19
83 9 5.58675e+19
84 9 5.58835e+19
85 9 5.58751e+19
86 9 5.58639e+19
87 9 5.58629e+19
88 9 5.58579e+19
89 9 5.5856e+19
90 9 5.58411e+19
91 9 5.58839e+19
92 9 5.59238e+19
93 9 5.58911e+19
94 9 5.58706e+19
95 9 5.58817e+19
96 9 5.58695e+19
97 9 5.58345e+19
98 9 5.58417e+19
99 9 5.58606e+19
100 9 5.58208e+19
101 9 5.58157e+19
102 9 5.58739e+19
103 9 5.58891e+19
104 9 5.58974e+19
105 9 5.58819e+19
106 9 5.58669e+19
107 9 5.58997e+19
108 9 5.58962e+19
109 9 5.58693e+19
110 9 5.58992e+19
111 9 5.58898e+19
112 9 5.58532e+19
113 9 5.59161e+19
114 9 5.59761e+19
115 9 5.59222e+19
116 9 5.58448e+19
117 9 5.58844e+19
118 9 5.58956e+19
119 9 5.5871e+19
120 9 5.5898e+19
121 9 5.58924e+19
122 9 5.58849e+19
123 9 5.59034e+19
124 9 5.58767e+19
125 9 5.58872e+19
63 10 5.75714e+19
64 10 5.75602e+19
65 10 5.75734e+19
66 10 5.75891e+19
67 10 5.75969e+19
68 10 5.75789e+19
69 10 5.75819e+19
70 10 5.75719e+19
71 10 5.75545e+19
72 10 5.75803e+19
73 10 5.75805e+19
74 10 5.7545e+19
75 10 5.75144e+19
76 10 5.75772e+19
77 10 5.7597e+19
78 10 5.75484e+19
79 10 5.75144e+19
80 10 5.74817e+19
81 10 5.75117e+19
82 10 5.75202e+19
83 10 5.75256e+19
84 10 5.75365e+19
85 10 5.75067e+19
86 10 5.75152e+19
87 10 5.75349e+19
88 10 5.7522e+19
89 10 5.75274e+19
90 10 5.7519e+19
91 10 5.74923e+19
92 10 5.74916e+19
93 10 5.74863e+19
94 10 5.75023e+19
95 10 5.75052e+19
96 10 5.74915e+19
97 10 5.74845e+19
98 10 5.74984e+19
99 10 5.75373e+19
100 10 5.75278e+19
101 10 5.74974e+19
102 10 5.75072e+19
103 10 5.75216e+19
104 10 5.75366e+19
105 10 5.75581e+19
106 10 5.75075e+19
107 10 5.7498e+19
108 10 5.75227e+19
109 10 5.75135e+19
110 10 5.75443e+19
111 10 5.75134e+19
112 10 5.7505e+19
113 10 5.75093e+19
114 10 5.7496e+19
115 10 5.75083e+19
116 10 5.75514e+19
117 10 5.75807e+19
118 10 5.7554e+19
119 10 5.75568e+19
120 10 5.75797e+19
121 10 5.7574e+19
122 10 5.75655e+19
123 10 5.75748e+19
124 10 5.75884e+19
125 10 5.75943e+19
63 11 5.9292e+19
64 11 5.92839e+19
65 11 5.92669e+19
66 11 5.92631e+19
67 11 5.92612e+19
68 11 5.92628e+19
69 11 5.92644e+19
70 11 5.92997e+19
71 11 5.92748e+19
72 11 5.92448e+19
73 11 5.92725e+19
74 11 5.92782e+19
75 11 5.9298e+19
76 11 5.92926e+19
77 11 5.92592e+19
78 11 5.92402e+19
79 11 5.92626e+19
80 11 5.92785e+19
81 11 5.92491e+19
82 11 5.92296e+19
83 11 5.92278e+19
84 11 5.92124e+19
85 11 5.92334e+19
86 11 5.92424e+19
87 11 5.9216e+19
88 11 5.92211e+19
89 11 5.92299e+19
90 11 5.92072e+19
91 11 5.91837e+19
92 11 5.91808e+19
93 11 5.91846e+19
94 11 5.91824e+19
95 11 5.91881e+19
96 11 5.92421e+19
97 11 5.92713e+19
98 11 5.92661e+19
99 11 5.92369e+19
100 11 5.92305e+19
101 11 5.92533e+19
102 11 5.9225e+19
103 11 5.91755e+19
104 11 5.91632e+19
105 11 5.92029e+19
106 11 5.92442e+19
107 11 5.92489e+19
108 11 5.92293e+19
109 11 5.92156e+19
110 11 5.92067e+19
111 11 5.92445e+19
112 11 5.92633e+19
113 11 5.92552e+19
114 11 5.9236e+19
115 11 5.92285e+19
116 11 5.92574e+19
117 11 5.92335e+19
118 11 5.92365e+19
119 11 5.92632e+19
120 11 5.92733e+19
121 11 5.92784e+19
122 11 5.92625e+19
123 11 5.92733e+19
124 11 5.9323e+19
125 11 5.93069e+19
63 12 6.10766e+19
64 12 6.10709e+19
65 12 6.10412e+19
66 12 6.09976e+19
67 12 6.09874e+19
68 12 6.10039e+19
69 12 6.09967e+19
70 12 6.10028e+19
71 12 6.10005e+19
72 12 6.09687e+19
73 12 6.09618e+19
74 12 6.09735e+19
75 12 6.10189e+19
76 12 6.09852e+19
77 12 6.09513e+19
78 12 6.09827e+19
79 12 6.09832e+19
80 12 6.10017e+19
81 12 6.0988e+19
82 12 6.09599e+19
83 12 6.09569e+19
84 12 6.09484e+19
85 12 6.09752e+19
86 12 6.09817e+19
87 12 6.0984e+19
88 12 6.09682e+19
89 12 6.0923e+19
90 12 6.09203e+19
91 12 6.09316e+19
92 12 6.0953e+19
93 12 6.09651e+19
94 12 6.09241e+19
95 12 6.09274e+19
96 12 6.09789e+19
97 12 6.0987e+19
98 12 6.09381e+19
99 12 6.0893e+19
100 12 6.09227e+19
101 12 6.09603e+19
102 12 6.09689e+19
103 12 6.09707e+19
104 12 6.09507e+19
105 12 6.09333e+19
106 12 6.09516e+19
107 12 6.09847e+19
108 12 6.09728e+19
109 12 6.09396e+19
110 12 6.09554e+19
111 12 6.10142e+19
112 12 6.10239e+19
113 12 6.09996e+19
114 12 6.09875e+19
115 12 6.0981e+19
116 12 6.09854e+19
117 12 6.09592e+19
118 12 6.09414e+19
119 12 6.09934e+19
120 12 6.09955e+19
121 12 6.0963e+19
122 12 6.09845e+19
123 12 6.10012e+19
124 12 6.09564e+19
125 12 6.09675e+19
63 13 6.28369e+19
64 13 6.28319e+19
65 13 6.28423e+19
66 13 6.28365e+19
67 13 6.28629e+19
68 13 6.28314e+19
69 13 6.27817e+19
70 13 6.27619e+19
71 13 6.27931e+19
72 13 6.28203e+19
73 13 6.2793e+19
74 13 6.27587e+19
75 13 6.27582e+19
76 13 6.27691e+19
77 13 6.27378e+19
78 13 6.27387e+19
79 13 6.27501e+19
80 13 6.27437e+19
81 13 6.27277e+19
82 13 6.27332e+19
83 13 6.27879e+19
84 13 6.27809e+19
85 13 6.27189e+19
86 13 6.27203e+19
87 13 6.2755e+19
88 13 6.27311e+19
89 13 6.2685e+19
90 13 6.27038e+19
91 13 6.27314e+19
92 13 6.27169e+19
93 13 6.27264e+19
94 13 6.27345e+19
95 13 6.27318e+19
96 13 6.26958e+19
97 13 6.26732e+19
98 13 6.26674e+19
99 13 6.26673e+19
100 13 6.26997e+19
101 13 6.27235e+19
102 13 6.27208e+19
103 13 6.27476e+19
104 13 6.27418e+19
105 13 6.27067e+19
106 13 6.27022e+19
107 13 6.2707e+19
108 13 6.27101e+19
109 13 6.27519e+19
110 13 6.276e+19
111 13 6.27213e+19
112 13 6.27741e+19
113 13 6.27658e+19
114 13 6.27587e+19
115 13 6.27605e+19
116 13 6.27734e+19
117 13 6.28279e+19
118 13 6.2814e+19
119 13 6.28044e+19
120 13 6.27586e+19
121 13 6.2787e+19
122 13 6.28253e+19
123 13 6.2778e+19
124 13 6.27769e+19
125 13 6.27876e+19
63 14 6.46686e+19
64 14 6.46437e+19
65 14 6.46383e+19
66 14 6.46911e+19
67 14 6.47163e+19
68 14 6.46787e+19
69 14 6.4656e+19
70 14 6.4635e+19
71 14 6.46243e+19
72 14 6.46269e+19
73 14 6.46223e+19
74 14 6.46331e+19
75 14 6.46245e+19
76 14 6.46057e+19
77 14 6.45796e+19
78 14 6.4556e+19
79 14 6.4617e+19
80 14 6.46351e+19
81 14 6.46006e+19
82 14 6.46055e+19
83 14 6.46197e+19
84 14 6.46401e+19
85 14 6.46435e+19
86 14 6.46111e+19
87 14 6.45423e+19
88 14 6.45609e+19
89 14 6.46351e+19
90 14 6.46111e+19
91 14 6.4562e+19
92 14 6.45513e+19
93 14 6.45443e+19
94 14 6.45668e+19
95 14 6.45815e+19
96 14 6.45772e+19
97 14 6.45772e+19
98 14 6.45522e+19
99 14 6.45443e+19
100 14 6.45926e+19
101 14 6.46092e+19
102 14 6.45708e+19
103 14 6.45691e+19
104 14 6.45886e+19
105 14 6.4534e+19
106 14 6.45499e+19
107 14 6.46012e+19
108 14 6.46006e+19
109 14 6.46041e+19
110 14 6.4601e+19
111 14 6.46141e+19
112 14 6.45988e+19
113 14 6.46184e+19
114 14 6.4626e+19
115 14 6.46009e+19
116 14 6.45979e+19
117 14 6.46595e+19
118 14 6.46752e+19
119 14 6.46462e+19
120 14 6.46396e+19
121 14 6.46248e+19
122 14 6.46338e+19
123 14 6.46248e+19
124 14 6.46773e+19
125 14 6.46752e+19
63 15 6.65839e+19
64 15 6.65513e+19
65 15 6.65424e+19
66 15 6.65321e+19
67 15 6.65186e+19
68 15 6.65223e+19
69 15 6.65335e+19
70 15 6.65358e+19
71 15 6.65161e+19
72 15 6.65353e+19
73 15 6.65632e+19
74 15 6.65547e+19
75 15 6.65276e+19
76 15 6.65466e+19
77 15 6.65601e+19
78 15 6.65228e+19
79 15 6.64942e+19
80 15 6.64727e+19
81 15 6.64946e+19
82 15 6.64877e+19
83 15 6.64106e+19
84 15 6.63857e+19
85 15 6.64382e+19
86 15 6.64482e+19
87 15 6.64484e+19
88 15 6.64774e+19
89 15 6.65023e+19
90 15 6.65194e+19
91 15 6.65049e+19
92 15 6.64915e+19
93 15 6.64539e+19
94 15 6.64407e+19
95 15 6.64481e+19
96 15 6.64458e+19
97 15 6.64548e+19
98 15 6.6467e+19
99 15 6.64621e+19
100 15 6.6466e+19
101 15 6.64611e+19
102 15 6.64598e+19
103 15 6.64895e+19
104 15 6.64905e+19
105 15 6.64883e+19
106 15 6.65239e+19
107 15 6.65299e+19
108 15 6.65249e+19
109 15 6.64876e+19
110 15 6.6479e+19
111 15 6.65127e+19
112 15 6.6454e+19
113 15 6.64536e+19
114 15 6.64816e+19
115 15 6.65075e+19
116 15 6.65282e+19
117 15 6.64966e+19
118 15 6.64849e+19
119 15 6.64836e+19
120 15 6.65184e+19
121 15 6.65406e+19
122 15 6.6555e+19
123 15 6.65601e+19
124 15 6.65461e+19
125 15 6.65221e+19
63 16 6.85089e+19
64 16 6.85324e+19
65 16 6.85349e+19
66 16 6.85011e+19
67 16 6.84609e+19
68 16 6.84592e+19
69 16 6.85016e+19
70 16 6.85278e+19
71 16 6.85018e+19
72 16 6.84966e+19
73 16 6.85018e+19
74 16 6.84375e+19
75 16 6.83979e+19
76 16 6.84544e+19
77 16 6.84973e+19
78 16 6.84641e+19
79 16 6.84138e+19
80 16 6.83889e+19
81 16 6.83825e+19
82 16 6.83995e+19
83 16 6.84135e+19
84 16 6.84213e+19
85 16 6.83762e+19
86 16 6.83644e+19
87 16 6.83934e+19
88 16 6.83605e+19
89 16 6.83535e+19
90 16 6.83803e+19
91 16 6.83851e+19
92 16 6.83726e+19
93 16 6.83637e+19
94 16 6.83505e+19
95 16 6.83659e+19
96 16 6.83766e+19
97 16 6.84102e+19
98 16 6.84177e+19
99 16 6.83779e+19
100 16 6.83608e+19
101 16 6.83459e+19
102 16 6.83674e+19
103 16 6.84063e+19
104 16 6.84152e+19
105 16 6.84366e+19
106 16 6.84302e+19
107 16 6.83879e+19
108 16 6.83761e+19
109 16 6.84086e+19
110 16 6.8418e+19
111 16 6.83955e+19
112 16 6.84159e+19
113 16 6.84024e+19
114 16 6.84038e+19
115 16 6.84368e+19
116 16 6.84643e+19
117 16 6.84662e+19
118 16 6.84533e+19
119 16 6.84111e+19
120 16 6.84097e+19
121 16 6.84862e+19
122 16 6.85172e+19
123 16 6.84972e+19
124 16 6.84771e+19
125 16 6.84925e+19
63 17 7.05423e+19
64 17 7.05315e+19
65 17 7.05068e+19
66 17 7.05105e+19
67 17 7.0487e+19
68 17 7.04798e+19
69 17 7.05224e+19
70 17 7.0534e+19
71 17 7.04775e+19
72 17 7.04027e+19
73 17 7.04157e+19
74 17 7.04303e+19
75 17 7.03862e+19
76 17 7.03655e+19
77 17 7.03968e+19
78 17 7.04192e+19
79 17 7.04414e+19
80 17 7.04474e+19
81 17 7.04057e+19
82 17 7.03835e+19
83 17 7.04075e+19
84 17 7.04572e+19
85 17 7.04499e+19
86 17 7.04254e+19
87 17 7.04063e+19
88 17 7.04082e+19
89 17 7.04078e+19
90 17 7.03884e+19
91 17 7.03684e+19
92 17 7.03173e+19
93 17 7.03222e+19
94 17 7.03451e+19
95 17 7.0374e+19
96 17 7.03768e+19
97 17 7.03362e+19
98 17 7.03747e+19
99 17 7.0414e+19
100 17 7.03653e+19
101 17 7.03505e+19
102 17 7.03843e+19
103 17 7.03572e+19
104 17 7.03747e+19
105 17 7.0384e+19
106 17 7.03801e+19
107 17 7.04075e+19
108 17 7.03867e+19
109 17 7.03965e+19
110 17 7.04137e+19
111 17 7.04158e+19
112 17 7.04433e+19
113 17 7.04546e+19
114 17 7.04345e+19
115 17 7.04234e+19
116 17 7.0439e+19
117 17 7.04365e+19
118 17 7.04283e+19
119 17 7.04322e+19
120 17 7.04621e+19
121 17 7.04543e+19
122 17 7.04468e+19
123 17 7.04543e+19
124 17 7.04518e+19
125 17 7.0446e+19
63 18 7.25727e+19
64 18 7.2557e+19
65 18 7.25603e+19
66 18 7.25545e+19
67 18 7.25416e+19
68 18 7.25224e+19
69 18 7.24766e+19
70 18 7.24873e+19
71 18 7.25062e+19
72 18 7.246e+19
73 18 7.24599e+19
74 18 7.24926e+19
75 18 7.2497e+19
76 18 7.24858e+19
77 18 7.24703e+19
78 18 7.24839e+19
79 18 7.2477e+19
80 18 7.24705e+19
81 18 7.2484e+19
82 18 7.2454e+19
83 18 7.24233e+19
84 18 7.24339e+19
85 18 7.24519e+19
86 18 7.24168e+19
87 18 7.24253e+19
88 18 7.2454e+19
89 18 7.24105e+19
90 18 7.24043e+19
91 18 7.2395e+19
92 18 7.23847e+19
93 18 7.24596e+19
94 18 7.24571e+19
95 18 7.2385e+19
96 18 7.23419e+19
97 18 7.23382e+19
98 18 7.23987e+19
99 18 7.24631e+19
100 18 7.2477e+19
101 18 7.24673e+19
102 18 7.24632e+19
103 18 7.24117e+19
104 18 7.24156e+19
105 18 7.24317e+19
106 18 7.24482e+19
107 18 7.24589e+19
108 18 7.24456e+19
109 18 7.24381e+19
110 18 7.24345e+19
111 18 7.24497e+19
112 18 7.2441e+19
113 18 7.24903e+19
114 18 7.24744e+19
115 18 7.2472e+19
116 18 7.24623e+19
117 18 7.24304e+19
118 18 7.2484e+19
119 18 7.25425e+19
120 18 7.25459e+19
121 18 7.25018e+19
122 18 7.24868e+19
123 18 7.24974e+19
124 18 7.25096e+19
125 18 7.25009e+19
63 19 7.46462e+19
64 19 7.46454e+19
65 19 7.46599e+19
66 19 7.46359e+19
67 19 7.46101e+19
68 19 7.46298e+19
69 19 7.46167e+19
70 19 7.45904e+19
71 19 7.45962e+19
72 19 7.46194e+19
73 19 7.45977e+19
74 19 7.45889e+19
75 19 7.46251e+19
76 19 7.46134e+19
77 19 7.45651e+19
78 19 7.4546e+19
79 19 7.45261e+19
80 19 7.45036e+19
81 19 7.45231e+19
82 19 7.45634e+19
83 19 7.45739e+19
84 19 7.45679e+19
85 19 7.45727e+19
86 19 7.45475e+19
87 19 7.44804e+19
88 19 7.44365e+19
89 19 7.44652e+19
90 19 7.44719e+19
91 19 7.44921e+19
92 19 7.45615e+19
93 19 7.45629e+19
94 19 7.44999e+19
95 19 7.44586e+19
96 19 7.45186e+19
97 19 7.45895e+19
98 19 7.45453e+19
99 19 7.45068e+19
100 19 7.45349e+19
101 19 7.45345e+19
102 19 7.45351e+19
103 19 7.45755e+19
104 19 7.45887e+19
105 19 7.45688e+19
106 19 7.45333e+19
107 19 7.45092e+19
108 19 7.45408e+19
109 19 7.45575e+19
110 19 7.456e+19
111 19 7.45623e+19
112 19 7.45259e+19
113 19 7.45593e+19
114 19 7.46112e+19
115 19 7.46168e+19
116 19 7.46034e+19
117 19 7.45884e+19
118 19 7.46108e+19
119 19 7.46497e+19
120 19 7.46155e+19
121 19 7.4584e+19
122 19 7.46009e+19
123 19 7.45822e+19
124 19 7.46029e+19
125 19 7.46829e+19
63 20 7.68108e+19
64 20 7.68009e+19
65 20 7.68056e+19
66 20 7.67892e+19
67 20 7.67852e+19
68 20 7.67927e+19
69 20 7.68014e+19
70 20 7.67591e+19
71 20 7.67458e+19
72 20 7.67734e+19
73 20 7.67586e+19
74 20 7.67464e+19
75 20 7.67456e+19
76 20 7.67298e+19
77 20 7.66976e+19
78 20 7.67005e+19
79 20 7.67087e+19
80 20 7.67118e+19
81 20 7.67084e+19
82 20 7.67159e+19
83 20 7.67563e+19
84 20 7.67182e+19
85 20 7.66517e+19
86 20 7.66475e+19
87 20 7.66421e+19
88 20 7.66284e+19
89 20 7.66195e+19
90 20 7.66168e+19
91 20 7.66487e+19
92 20 7.66645e+19
93 20 7.66193e+19
94 20 7.6629e+19
95 20 7.66915e+19
96 20 7.67359e+19
97 20 7.67277e+19
98 20 7.6725e+19
99 20 7.67005e+19
100 20 7.66594e+19
101 20 7.6651e+19
102 20 7.66707e+19
103 20 7.67158e+19
104 20 7.66738e+19
105 20 7.67137e+19
106 20 7.67561e+19
107 20 7.67275e+19
108 20 7.67329e+19
109 20 7.6722e+19
110 20 7.67007e+19
111 20 7.67138e+19
112 20 7.67359e+19
113 20 7.67097e+19
114 20 7.67701e+19
115 20 7.67839e+19
116 20 7.67357e+19
117 20 7.67534e+19
118 20 7.67611e+19
119 20 7.67168e+19
120 20 7.67356e+19
121 20 7.67815e+19
122 20 7.67764e+19
123 20 7.67757e+19
124 20 7.67821e+19
125 20 7.6813e+19
63 21 7.90561e+19
64 21 7.90614e+19
65 21 7.90518e+19
66 21 7.90347e+19
67 21 7.90457e+19
68 21 7.90347e+19
69 21 7.90082e+19
70 21 7.89837e+19
71 21 7.89674e+19
72 21 7.89722e+19
73 21 7.89644e+19
74 21 7.89616e+19
75 21 7.89505e+19
76 21 7.89595e+19
77 21 7.8958e+19
78 21 7.89141e+19
79 21 7.89278e+19
80 21 7.89373e+19
81 21 7.89397e+19
82 21 7.89271e+19
83 21 7.88686e+19
84 21 7.88543e+19
85 21 7.88392e+19
86 21 7.8831e+19
87 21 7.88886e+19
88 21 7.88839e+19
89 21 7.88321e+19
90 21 7.88536e+19
91 21 7.88331e+19
92 21 7.88096e+19
93 21 7.88439e+19
94 21 7.8881e+19
95 21 7.88693e+19
96 21 7.88172e+19
97 21 7.88252e+19
98 21 7.88929e+19
99 21 7.8937e+19
100 21 7.89029e+19
101 21 7.88889e+19
102 21 7.88904e+19
103 21 7.8881e+19
104 21 7.88458e+19
105 21 7.88463e+19
106 21 7.89008e+19
107 21 7.89346e+19
108 21 7.89426e+19
109 21 7.8924e+19
110 21 7.89152e+19
111 21 7.8892e+19
112 21 7.8903e+19
113 21 7.89106e+19
114 21 7.88971e+19
115 21 7.89407e+19
116 21 7.89378e+19
117 21 7.8955e+19
118 21 7.90109e+19
119 21 7.89725e+19
120 21 7.89539e+19
121 21 7.89936e+19
122 21 7.89831e+19
123 21 7.90245e+19
124 21 7.90747e+19
125 21 7.90316e+19
63 22 8.1349e+19
64 22 8.13011e+19
65 22 8.1278e+19
66 22 8.13255e+19
67 22 8.13173e+19
68 22 8.1291e+19
69 22 8.1307e+19
70 22 8.12991e+19
71 22 8.12663e+19
72 22 8.12437e+19
73 22 8.12139e+19
74 22 8.12035e+19
75 22 8.12186e+19
76 22 8.11947e+19
77 22 8.12112e+19
78 22 8.12434e+19
79 22 8.12218e+19
80 22 8.11737e+19
81 22 8.11757e+19
82 22 8.11787e+19
83 22 8.11225e+19
84 22 8.11137e+19
85 22 8.11627e+19
86 22 8.11765e+19
87 22 8.11438e+19
88 22 8.11652e+19
89 22 8.12159e+19
90 22 8.11821e+19
91 22 8.11336e+19
92 22 8.11477e+19
93 22 8.11249e+19
94 22 8.1146e+19
95 22 8.11824e+19
96 22 8.11634e+19
97 22 8.11412e+19
98 22 8.11289e+19
99 22 8.11199e+19
100 22 8.11057e+19
101 22 8.11279e+19
102 22 8.11437e+19
103 22 8.11833e+19
104 22 8.122e+19
105 22 8.1177e+19
106 22 8.11292e+19
107 22 8.11316e+19
108 22 8.11498e+19
109 22 8.11741e+19
110 22 8.12118e+19
111 22 8.12216e+19
112 22 8.12184e+19
113 22 8.12532e+19
114 22 8.1237e+19
115 22 8.1206e+19
116 22 8.12269e+19
117 22 8.12435e+19
118 22 8.1242e+19
119 22 8.12501e+19
120 22 8.12599e+19
121 22 8.12835e+19
122 22 8.12899e+19
123 22 8.13038e+19
124 22 8.13255e+19
125 22 8.12858e+19
63 23 8.3655e+19
64 23 8.36427e+19
65 23 8.36332e+19
66 23 8.36249e+19
67 23 8.36038e+19
68 23 8.35705e+19
69 23 8.35779e+19
70 23 8.35876e+19
71 23 8.35808e+19
72 23 8.3548e+19
73 23 8.35674e+19
74 23 8.35779e+19
75 23 8.35586e+19
76 23 8.35132e+19
77 23 8.34902e+19
78 23 8.35344e+19
79 23 8.35051e+19
80 23 8.35023e+19
81 23 8.34919e+19
82 23 8.34888e+19
83 23 8.35584e+19
84 23 8.35026e+19
85 23 8.34586e+19
86 23 8.34839e+19
87 23 8.34813e+19
88 23 8.3487e+19
89 23 8.3493e+19
90 23 8.34836e+19
91 23 8.34819e+19
92 23 8.34801e+19
93 23 8.34582e+19
94 23 8.34541e+19
95 23 8.34612e+19
96 23 8.34567e+19
97 23 8.3454e+19
98 23 8.34254e+19
99 23 8.34229e+19
100 23 8.34679e+19
101 23 8.34751e+19
102 23 8.35046e+19
103 23 8.34966e+19
104 23 8.3505e+19
105 23 8.35607e+19
106 23 8.35307e+19
107 23 8.35202e+19
108 23 8.35498e+19
109 23 8.35143e+19
110 23 8.35005e+19
111 23 8.35752e+19
112 23 8.35645e+19
113 23 8.35576e+19
114 23 8.36131e+19
115 23 8.35643e+19
116 23 8.35809e+19
117 23 8.36034e+19
118 23 8.3577e+19
119 23 8.35803e+19
120 23 8.35967e+19
121 23 8.35868e+19
122 23 8.35841e+19
123 23 8.35837e+19
124 23 8.3561e+19
125 23 8.36216e+19
63 24 8.60575e+19
64 24 8.6086e+19
65 24 8.60789e+19
66 24 8.6021e+19
67 24 8.5987e+19
68 24 8.59951e+19
69 24 8.59757e+19
70 24 8.59678e+19
71 24 8.59792e+19
72 24 8.59676e+19
73 24 8.59633e+19
74 24 8.59807e+19
75 24 8.59579e+19
76 24 8.59469e+19
77 24 8.59195e+19
78 24 8.58471e+19
79 24 8.58302e+19
80 24 8.59063e+19
81 24 8.59243e+19
82 24 8.58742e+19
83 24 8.58651e+19
84 24 8.58668e+19
85 24 8.5864e+19
86 24 8.58509e+19
87 24 8.58782e+19
88 24 8.58821e+19
89 24 8.58147e+19
90 24 8.58341e+19
91 24 8.5885e+19
92 24 8.5879e+19
93 24 8.5873e+19
94 24 8.58339e+19
95 24 8.58139e+19
96 24 8.58149e+19
97 24 8.58172e+19
98 24 8.58695e+19
99 24 8.59348e+19
100 24 8.59316e+19
101 24 8.59205e+19
102 24 8.59121e+19
103 24 8.58485e+19
104 24 8.58648e+19
105 24 8.58833e+19
106 24 8.5865e+19
107 24 8.59063e+19
108 24 8.59118e+19
109 24 8.59059e+19
110 24 8.59087e+19
111 24 8.58979e+19
112 24 8.59443e+19
113 24 8.59254e+19
114 24 8.59035e+19
115 24 8.59739e+19
116 24 8.60191e+19
117 24 8.60357e+19
118 24 8.5986e+19
119 24 8.59917e+19
120 24 8.601e+19
121 24 8.59589e+19
122 24 8.59898e+19
123 24 8.60027e+19
124 24 8.59871e+19
125 24 8.60219e+19
63 25 8.85503e+19
64 25 8.85132e+19
65 25 8.8497e+19
66 25 8.84803e+19
67 25 8.84808e+19
68 25 8.84539e+19
69 25 8.8424e+19
70 25 8.84542e+19
71 25 8.84735e+19
72 25 8.84925e+19
73 25 8.84634e+19
74 25 8.8419e+19
75 25 8.83984e+19
76 25 8.84267e+19
77 25 8.84486e+19
78 25 8.83927e+19
79 25 8.84043e+19
80 25 8.83965e+19
81 25 8.83588e+19
82 25 8.83317e+19
83 25 8.83074e+19
84 25 8.83507e+19
85 25 8.83425e+19
86 25 8.83036e+19
87 25 8.82703e+19
88 25 8.82657e+19
89 25 8.8253e+19
90 25 8.82053e+19
91 25 8.82387e+19
92 25 8.83101e+19
93 25 8.83583e+19
94 25 8.83666e+19
95 25 8.83316e+19
96 25 8.83507e+19
97 25 8.83791e+19
98 25 8.83679e+19
99 25 8.836e+19
100 25 8.83247e+19
101 25 8.82957e+19
102 25 8.82711e+19
103 25 8.82674e+19
104 25 8.83336e+19
105 25 8.83944e+19
106 25 8.83738e+19
107 25 8.83578e+19
108 25 8.83306e+19
109 25 8.8354e+19
110 25 8.83967e+19
111 25 8.83741e+19
112 25 8.84039e+19
113 25 8.84189e+19
114 25 8.83934e+19
115 25 8.84582e+19
116 25 8.84395e+19
117 25 8.83655e+19
118 25 8.83901e+19
119 25 8.84493e+19
120 25 8.84717e+19
121 25 8.85042e+19
122 25 8.85221e+19
123 25 8.85214e+19
124 25 8.85113e+19
125 25 8.84874e+19
63 26 9.10824e+19
64 26 9.10547e+19
65 26 9.10297e+19
66 26 9.1035e+19
67 26 9.10594e+19
68 26 9.10396e+19
69 26 9.09903e+19
70 26 9.09945e+19
71 26 9.09659e+19
72 26 9.09492e+19
73 26 9.09527e+19
74 26 9.09163e+19
75 26 9.09141e+19
76 26 9.08929e+19
77 26 9.09222e+19
78 26 9.09388e+19
79 26 9.09216e+19
80 26 9.08907e+19
81 26 9.08133e+19
82 26 9.08224e+19
83 26 9.08317e+19
84 26 9.08032e+19
85 26 9.08288e+19
86 26 9.08336e+19
87 26 9.08386e+19
88 26 9.08374e+19
89 26 9.08372e+19
90 26 9.0805e+19
91 26 9.07687e+19
92 26 9.0819e+19
93 26 9.08395e+19
94 26 9.07945e+19
95 26 9.07916e+19
96 26 9.08294e+19
97 26 9.08203e+19
98 26 9.08086e+19
99 26 9.07812e+19
100 26 9.07886e+19
101 26 9.08095e+19
102 26 9.08046e+19
103 26 9.08101e+19
104 26 9.07907e+19
105 26 9.08336e+19
106 26 9.08997e+19
107 26 9.09138e+19
108 26 9.09327e+19
109 26 9.09202e+19
110 26 9.09281e+19
111 26 9.0926e+19
112 26 9.08703e+19
113 26 9.08913e+19
114 26 9.09367e+19
115 26 9.09835e+19
116 26 9.0957e+19
117 26 9.08754e+19
118 26 9.09616e+19
119 26 9.10068e+19
120 26 9.09975e+19
121 26 9.1055e+19
122 26 9.09919e+19
123 26 9.09556e+19
124 26 9.09942e+19
125 26 9.10362e+19
63 27 9.36573e+19
64 27 9.3655e+19
65 27 9.36579e+19
66 27 9.36932e+19
67 27 9.36264e+19
68 27 9.36282e+19
69 27 9.36261e+19
70 27 9.35854e+19
71 27 9.35996e+19
72 27 9.35549e+19
73 27 9.34965e+19
74 27 9.34956e+19
75 27 9.3511e+19
76 27 9.3452e+19
77 27 9.34328e+19
78 27 9.35113e+19
79 27 9.35131e+19
80 27 9.34625e+19
81 27 9.34514e+19
82 27 9.34704e+19
83 27 9.34499e+19
84 27 9.34272e+19
85 27 9.34105e+19
86 27 9.34293e+19
87 27 9.34286e+19
88 27 9.3393e+19
89 27 9.3441e+19
90 27 9.34937e+19
91 27 9.35084e+19
92 27 9.34314e+19
93 27 9.333e+19
94 27 9.33137e+19
95 27 9.33478e+19
96 27 9.33649e+19
97 27 9.33181e+19
98 27 9.33049e+19
99 27 9.33317e+19
100 27 9.33828e+19
101 27 9.34097e+19
102 27 9.33974e+19
103 27 9.34458e+19
104 27 9.3459e+19
105 27 9.33974e+19
106 27 9.34124e+19
107 27 9.34326e+19
108 27 9.34584e+19
109 27 9.35165e+19
110 27 9.35133e+19
111 27 9.35129e+19
112 27 9.35624e+19
113 27 9.35781e+19
114 27 9.35547e+19
115 27 9.35266e+19
116 27 9.34733e+19
117 27 9.35556e+19
118 27 9.36063e+19
119 27 9.35783e+19
120 27 9.36033e+19
121 27 9.35834e+19
122 27 9.35955e+19
123 27 9.36121e+19
124 27 9.35831e+19
125 27 9.35913e+19
63 28 9.63184e+19
64 28 9.62861e+19
65 28 9.62915e+19
66 28 9.62886e+19
67 28 9.62717e+19
68 28 9.62502e+19
69 28 9.62666e+19
70 28 9.62214e+19
71 28 9.6225e+19
72 28 9.62708e+19
73 28 9.62568e+19
74 28 9.62566e+19
75 28 9.62013e+19
76 28 9.62176e+19
77 28 9.62105e+19
78 28 9.61689e+19
79 28 9.61697e+19
80 28 9.61333e+19
81 28 9.61592e+19
82 28 9.6137e+19
83 28 9.60965e+19
84 28 9.61275e+19
85 28 9.61171e+19
86 28 9.61131e+19
87 28 9.60979e+19
88 28 9.60512e+19
89 28 9.60282e+19
90 28 9.60533e+19
91 28 9.61002e+19
92 28 9.60624e+19
93 28 9.60355e+19
94 28 9.60803e+19
95 28 9.60862e+19
96 28 9.60544e+19
97 28 9.60504e+19
98 28 9.60257e+19
99 28 9.59758e+19
100 28 9.60271e+19
101 28 9.60978e+19
102 28 9.60664e+19
103 28 9.60847e+19
104 28 9.61668e+19
105 28 9.61396e+19
106 28 9.61104e+19
107 28 9.61316e+19
108 28 9.61266e+19
109 28 9.61339e+19
110 28 9.61095e+19
111 28 9.61536e+19
112 28 9.62015e+19
113 28 9.62338e+19
114 28 9.62407e+19
115 28 9.61856e+19
116 28 9.62252e+19
117 28 9.6291e+19
118 28 9.62343e+19
119 28 9.6197e+19
120 28 9.62054e+19
121 28 9.62172e+19
122 28 9.62988e+19
123 28 9.6334e+19
124 28 9.63262e+19
125 28 9.62692e+19
63 29 9.90237e+19
64 29 9.90259e+19
65 29 9.90198e+19
66 29 9.89676e+19
67 29 9.90218e+19
68 29 9.90181e+19
69 29 9.90058e+19
70 29 9.8956e+19
71 29 9.88716e+19
72 29 9.88822e+19
73 29 9.89087e+19
74 29 9.89066e+19
75 29 9.8887e+19
76 29 9.8915e+19
77 29 9.89134e+19
78 29 9.88117e+19
79 29 9.87452e+19
80 29 9.87917e+19
81 29 9.8836e+19
82 29 9.88209e+19
83 29 9.88114e+19
84 29 9.88043e+19
85 29 9.87737e+19
86 29 9.87744e+19
87 29 9.88256e+19
88 29 9.88888e+19
89 29 9.88551e+19
90 29 9.8781e+19
91 29 9.86827e+19
92 29 9.86687e+19
93 29 9.87658e+19
94 29 9.87762e+19
95 29 9.87518e+19
96 29 9.87252e+19
97 29 9.87266e+19
98 29 9.88035e+19
99 29 9.87982e+19
100 29 9.87574e+19
101 29 9.88276e+19
102 29 9.88459e+19
103 29 9.88007e+19
104 29 9.87734e+19
105 29 9.87397e+19
106 29 9.87982e+19
107 29 9.88697e+19
108 29 9.88974e+19
109 29 9.89112e+19
110 29 9.88895e+19
111 29 9.88668e+19
112 29 9.8818e+19
113 29 9.8854e+19
114 29 9.89521e+19
115 29 9.89159e+19
116 29 9.8939e+19
117 29 9.90244e+19
118 29 9.90302e+19
119 29 9.90554e+19
120 29 9.90321e+19
121 29 9.89998e+19
122 29 9.90012e+19
123 29 9.90139e+19
124 29 9.90499e+19
125 29 9.90594e+19
63 30 1.01832e+20
64 30 1.01849e+20
65 30 1.01847e+20
66 30 1.018e+20
67 30 1.01777e+20
68 30 1.0177e+20
69 30 1.01762e+20
70 30 1.01746e+20
71 30 1.01711e+20
72 30 1.01655e+20
73 30 1.01633e+20
74 30 1.01659e+20
75 30 1.01701e+20
76 30 1.01705e+20
77 30 1.01652e+20
78 30 1.01638e+20
79 30 1.01629e+20
80 30 1.01586e+20
81 30 1.01604e+20
82 30 1.01601e+20
83 30 1.01583e+20
84 30 1.01592e+20
85 30 1.01553e+20
86 30 1.01588e+20
87 30 1.01639e+20
88 30 1.01648e+20
89 30 1.01628e+20
90 30 1.01526e+20
91 30 1.01493e+20
92 30 1.01529e+20
93 30 1.01535e+20
94 30 1.01504e+20
95 30 1.01481e+20
96 30 1.01486e+20
97 30 1.01505e+20
98 30 1.01553e+20
99 30 1.01594e+20
100 30 1.0151e+20
101 30 1.0152e+20
102 30 1.01625e+20
103 30 1.01594e+20
104 30 1.01598e+20
105 30 1.01657e+20
106 30 1.0165e+20
107 30 1.01617e+20
108 30 1.01643e+20
109 30 1.01698e+20
110 30 1.01715e+20
111 30 1.01717e+20
112 30 1.01749e+20
113 30 1.01719e+20
114 30 1.01651e+20
115 30 1.01628e+20
116 30 1.01732e+20
117 30 1.01778e+20
118 30 1.01735e+20
119 30 1.01784e+20
120 30 1.01866e+20
121 30 1.0189e+20
122 30 1.01869e+20
123 30 1.0185e+20
124 30 1.01805e+20
125 30 1.01806e+20
63 31 1.04817e+20
64 31 1.04788e+20
65 31 1.04718e+20
66 31 1.04683e+20
67 31 1.04676e+20
68 31 1.04662e+20
69 31 1.04645e+20
70 31 1.04647e+20
71 31 1.0469e+20
72 31 1.04683e+20
73 31 1.04646e+20
74 31 1.04647e+20
75 31 1.04605e+20
76 31 1.04543e+20
77 31 1.04556e+20
78 31 1.04562e+20
79 31 1.04612e+20
80 31 1.0458e+20
81 31 1.04482e+20
82 31 1.04472e+20
83 31 1.04462e+20
84 31 1.04442e+20
85 31 1.04464e+20
86 31 1.04479e+20
87 31 1.04446e+20
88 31 1.04421e+20
89 31 1.04435e+20
90 31 1.04416e+20
91 31 1.04374e+20
92 31 1.04385e+20
93 31 1.04357e+20
94 31 1.04391e+20
95 31 1.04438e+20
96 31 1.04407e+20
97 31 1.0445e+20
98 31 1.0443e+20
99 31 1.04379e+20
100 31 1.04441e+20
101 31 1.04424e+20
102 31 1.04419e+20
103 31 1.04483e+20
104 31 1.04519e+20
105 31 1.04601e+20
106 31 1.04604e+20
107 31 1.04522e+20
108 31 1.04467e+20
109 31 1.04447e+20
110 31 1.04548e+20
111 31 1.04605e+20
112 31 1.04634e+20
113 31 1.0463e+20
114 31 1.04593e+20
115 31 1.04682e+20
116 31 1.04721e+20
117 31 1.04631e+20
118 31 1.04575e+20
119 31 1.04568e+20
120 31 1.0466e+20
121 31 1.04757e+20
122 31 1.04715e+20
123 31 1.04694e+20
124 31 1.04708e+20
125 31 1.04686e+20
63 32 1.07733e+20
64 32 1.07663e+20
65 32 1.07639e+20
66 32 1.07624e+20
67 32 1.07625e+20
68 32 1.07677e+20
69 32 1.07627e+20
70 32 1.07584e+20
71 32 1.07582e+20
72 32 1.07577e+20
73 32 1.07619e+20
74 32 1.07576e+20
75 32 1.07513e+20
76 32 1.07485e+20
77 32 1.07478e+20
78 32 1.07472e+20
79 32 1.07494e+20
80 32 1.07538e+20
81 32 1.07475e+20
82 32 1.07415e+20
83 32 1.07423e+20
84 32 1.07415e+20
85 32 1.07443e+20
86 32 1.07357e+20
87 32 1.07255e+20
88 32 1.07252e+20
89 32 1.07295e+20
90 32 1.07351e+20
91 32 1.07327e+20
92 32 1.07295e+20
93 32 1.07285e+20
94 32 1.07337e+20
95 32 1.07313e+20
96 32 1.073e+20
97 32 1.07306e+20
98 32 1.07296e+20
99 32 1.07341e+20
100 32 1.07407e+20
101 32 1.07342e+20
102 32 1.073e+20
103 32 1.07368e+20
104 32 1.07336e+20
105 32 1.07372e+20
106 32 1.07429e+20
107 32 1.07409e+20
108 32 1.07514e+20
109 32 1.07522e+20
110 32 1.07487e+20
111 32 1.0752e+20
112 32 1.07514e+20
113 32 1.07584e+20
114 32 1.07673e+20
115 32 1.07683e+20
116 32 1.07613e+20
117 32 1.07588e+20
118 32 1.07671e+20
119 32 1.07732e+20
120 32 1.07659e+20
121 32 1.07583e+20
122 32 1.07614e+20
123 32 1.07659e+20
124 32 1.07694e+20
125 32 1.07744e+20
63 33 1.10671e+20
64 33 1.1064e+20
65 33 1.10667e+20
66 33 1.10666e+20
67 33 1.10651e+20
68 33 1.1064e+20
69 33 1.10618e+20
70 33 1.10614e+20
71 33 1.1052e+20
72 33 1.10502e+20
73 33 1.10555e+20
74 33 1.10538e+20
75 33 1.10499e+20
76 33 1.10546e+20
77 33 1.10556e+20
78 33 1.10525e+20
79 33 1.10432e+20
80 33 1.10465e+20
81 33 1.10587e+20
82 33 1.10525e+20
83 33 1.10476e+20
84 33 1.10436e+20
85 33 1.10435e+20
86 33 1.10385e+20
87 33 1.10377e+20
88 33 1.10388e+20
89 33 1.10313e+20
90 33 1.10295e+20
91 33 1.10373e+20
92 33 1.10405e+20
93 33 1.10371e+20
94 33 1.10341e+20
95 33 1.10363e+20
96 33 1.10432e+20
97 33 1.10386e+20
98 33 1.10351e+20
99 33 1.10367e+20
100 33 1.10361e+20
101 33 1.10356e+20
102 33 1.1037e+20
103 33 1.1036e+20
104 33 1.10421e+20
105 33 1.1045e+20
106 33 1.10391e+20
107 33 1.10425e+20
108 33 1.10544e+20
109 33 1.10584e+20
110 33 1.10517e+20
111 33 1.10546e+20
112 33 1.10575e+20
113 33 1.10608e+20
114 33 1.10626e+20
115 33 1.10524e+20
116 33 1.10579e+20
117 33 1.1068e+20
118 33 1.10663e+20
119 33 1.10678e+20
120 33 1.10669e+20
121 33 1.10621e+20
122 33 1.1069e+20
123 33 1.10739e+20
124 33 1.10717e+20
125 33 1.10772e+20
63 34 1.13785e+20
64 34 1.13849e+20
65 34 1.13791e+20
66 34 1.13797e+20
67 34 1.13812e+20
68 34 1.13735e+20
69 34 1.1367e+20
70 34 1.13658e+20
71 34 1.13688e+20
72 34 1.137e+20
73 34 1.13685e+20
74 34 1.1368e+20
75 34 1.13635e+20
76 34 1.13602e+20
77 34 1.13611e+20
78 34 1.13636e+20
79 34 1.13611e+20
80 34 1.13553e+20
81 34 1.13575e+20
82 34 1.13636e+20
83 34 1.13629e+20
84 34 1.13594e+20
85 34 1.13532e+20
86 34 1.13566e+20
87 34 1.13578e+20
88 34 1.13471e+20
89 34 1.13422e+20
90 34 1.1346e+20
91 34 1.135e+20
92 34 1.13443e+20
93 34 1.13421e+20
94 34 1.13363e+20
95 34 1.13379e+20
96 34 1.13477e+20
97 34 1.13552e+20
98 34 1.13482e+20
99 34 1.13431e+20
100 34 1.13431e+20
101 34 1.13422e+20
102 34 1.13421e+20
103 34 1.13376e+20
104 34 1.13516e+20
105 34 1.13544e+20
106 34 1.13549e+20
107 34 1.13621e+20
108 34 1.13553e+20
109 34 1.13578e+20
110 34 1.13682e+20
111 34 1.1366e+20
112 34 1.13637e+20
113 34 1.13661e+20
114 34 1.13683e+20
115 34 1.13735e+20
116 34 1.13765e+20
117 34 1.13763e+20
118 34 1.13768e+20
119 34 1.13809e+20
120 34 1.13784e+20
121 34 1.13783e+20
122 34 1.13812e+20
123 34 1.13774e+20
124 34 1.13777e+20
125 34 1.13783e+20
63 35 1.16947e+20
64 35 1.16953e+20
65 35 1.16969e+20
66 35 1.17024e+20
67 35 1.16987e+20
68 35 1.16962e+20
69 35 1.16941e+20
70 35 1.16864e+20
71 35 1.16878e+20
72 35 1.16868e+20
73 35 1.16823e+20
74 35 1.16806e+20
75 35 1.16879e+20
76 35 1.1689e+20
77 35 1.16783e+20
78 35 1.16785e+20
79 35 1.16854e+20
80 35 1.16767e+20
81 35 1.16677e+20
82 35 1.16662e+20
83 35 1.16629e+20
84 35 1.16706e+20
85 35 1.16765e+20
86 35 1.16722e+20
87 35 1.16628e+20
88 35 1.16567e+20
89 35 1.16603e+20
90 35 1.1663e+20
91 35 1.16591e+20
92 35 1.16577e+20
93 35 1.16588e+20
94 35 1.16582e+20
95 35 1.16538e+20
96 35 1.16544e+20
97 35 1.16621e+20
98 35 1.16619e+20
99 35 1.16577e+20
100 35 1.1654e+20
101 35 1.16564e+20
102 35 1.1663e+20
103 35 1.16659e+20
104 35 1.16668e+20
105 35 1.16671e+20
106 35 1.16621e+20
107 35 1.16686e+20
108 35 1.16723e+20
109 35 1.1675e+20
110 35 1.16824e+20
111 35 1.16876e+20
112 35 1.16947e+20
113 35 1.16831e+20
114 35 1.16849e+20
115 35 1.16963e+20
116 35 1.16908e+20
117 35 1.16838e+20
118 35 1.1689e+20
119 35 1.17005e+20
120 35 1.17007e+20
121 35 1.17006e+20
122 35 1.17012e+20
123 35 1.17024e+20
124 35 1.17069e+20
125 35 1.17039e+20
63 36 1.20264e+20
64 36 1.20248e+20
65 36 1.20283e+20
66 36 1.20208e+20
67 36 1.20151e+20
68 36 1.20147e+20
69 36 1.20211e+20
70 36 1.20277e+20
71 36 1.20151e+20
72 36 1.2008e+20
73 36 1.20148e+20
74 36 1.20156e+20
75 36 1.2014e+20
76 36 1.2007e+20
77 36 1.20057e+20
78 36 1.20044e+20
79 36 1.20027e+20
80 36 1.20015e+20
81 36 1.19918e+20
82 36 1.19957e+20
83 36 1.19953e+20
84 36 1.19856e+20
85 36 1.19884e+20
86 36 1.19864e+20
87 36 1.19809e+20
88 36 1.19869e+20
89 36 1.19889e+20
90 36 1.19813e+20
91 36 1.1977e+20
92 36 1.19756e+20
93 36 1.19797e+20
94 36 1.19861e+20
95 36 1.19845e+20
96 36 1.19871e+20
97 36 1.19822e+20
98 36 1.19805e+20
99 36 1.19824e+20
100 36 1.19816e+20
101 36 1.19906e+20
102 36 1.19995e+20
103 36 1.20022e+20
104 36 1.19926e+20
105 36 1.19898e+20
106 36 1.19902e+20
107 36 1.19949e+20
108 36 1.19999e+20
109 36 1.20048e+20
110 36 1.20078e+20
111 36 1.20137e+20
112 36 1.20219e+20
113 36 1.20162e+20
114 36 1.20154e+20
115 36 1.20171e+20
116 36 1.20129e+20
117 36 1.2017e+20
118 36 1.20223e+20
119 36 1.20159e+20
120 36 1.20246e+20
121 36 1.20326e+20
122 36 1.20277e+20
123 36 1.20314e+20
124 36 1.20303e+20
125 36 1.20322e+20
63 37 1.23689e+20
64 37 1.23742e+20
65 37 1.23671e+20
66 37 1.23579e+20
67 37 1.23537e+20
68 37 1.23514e+20
69 37 1.23544e+20
70 37 1.23539e+20
71 37 1.23534e+20
72 37 1.2353e+20
73 37 1.23535e+20
74 37 1.23535e+20
75 37 1.23455e+20
76 37 1.23381e+20
77 37 1.23431e+20
78 37 1.23433e+20
79 37 1.23385e+20
80 37 1.23461e+20
81 37 1.23437e+20
82 37 1.23377e+20
83 37 1.23386e+20
84 37 1.23295e+20
85 37 1.23203e+20
86 37 1.23261e+20
87 37 1.23278e+20
88 37 1.23251e+20
89 37 1.23222e+20
90 37 1.23152e+20
91 37 1.23132e+20
92 37 1.23142e+20
93 37 1.23151e+20
94 37 1.23094e+20
95 37 1.23089e+20
96 37 1.23134e+20
97 37 1.23098e+20
98 37 1.23104e+20
99 37 1.23189e+20
100 37 1.23263e+20
101 37 1.23259e+20
102 37 1.23189e+20
103 37 1.23224e+20
104 37 1.23275e+20
105 37 1.23286e+20
106 37 1.23376e+20
107 37 1.23382e+20
108 37 1.23418e+20
109 37 1.2346e+20
110 37 1.23444e+20
111 37 1.23421e+20
112 37 1.23436e+20
113 37 1.23554e+20
114 37 1.23471e+20
115 37 1.2349e+20
116 37 1.23644e+20
117 37 1.2367e+20
118 37 1.2363e+20
119 37 1.23553e+20
120 37 1.2361e+20
121 37 1.23656e+20
122 37 1.23626e+20
123 37 1.23624e+20
124 37 1.23613e+20
125 37 1.23634e+20
63 38 1.27103e+20
64 38 1.27057e+20
65 38 1.27023e+20
66 38 1.27102e+20
67 38 1.27116e+20
68 38 1.2706e+20
69 38 1.26958e+20
70 38 1.26937e+20
71 38 1.2708e+20
72 38 1.27027e+20
73 38 1.26904e+20
74 38 1.26929e+20
75 38 1.26909e+20
76 38 1.26944e+20
77 38 1.26915e+20
78 38 1.26821e+20
79 38 1.26789e+20
80 38 1.26838e+20
81 38 1.26896e+20
82 38 1.26766e+20
83 38 1.26759e+20
84 38 1.2682e+20
85 38 1.26648e+20
86 38 1.26551e+20
87 38 1.2665e+20
88 38 1.26639e+20
89 38 1.26628e+20
90 38 1.26659e+20
91 38 1.26641e+20
92 38 1.26647e+20
93 38 1.26583e+20
94 38 1.26503e+20
95 38 1.26517e+20
96 38 1.26495e+20
97 38 1.26482e+20
98 38 1.26495e+20
99 38 1.26582e+20
100 38 1.2667e+20
101 38 1.26616e+20
102 38 1.26611e+20
103 38 1.26687e+20
104 38 1.26737e+20
105 38 1.26799e+20
106 38 1.26878e+20
107 38 1.26858e+20
108 38 1.26876e+20
109 38 1.2692e+20
110 38 1.2691e+20
111 38 1.2692e+20
112 38 1.26951e+20
113 38 1.26996e+20
114 38 1.27029e+20
115 38 1.27088e+20
116 38 1.27123e+20
117 38 1.2705e+20
118 38 1.27034e+20
119 38 1.271e+20
120 38 1.27096e+20
121 38 1.27058e+20
122 38 1.2707e+20
123 38 1.2708e+20
124 38 1.27123e+20
125 38 1.27175e+20
63 39 1.30619e+20
64 39 1.30528e+20
65 39 1.30571e+20
66 39 1.30571e+20
67 39 1.3057e+20
68 39 1.30534e+20
69 39 1.30519e+20
70 39 1.30549e+20
71 39 1.30485e+20
72 39 1.30484e+20
73 39 1.30489e+20
74 39 1.3043e+20
75 39 1.3048e+20
76 39 1.30486e+20
77 39 1.304e+20
78 39 1.3039e+20
79 39 1.3037e+20
80 39 1.30269e+20
81 39 1.30226e+20
82 39 1.30311e+20
83 39 1.30333e+20
84 39 1.30224e+20
85 39 1.30115e+20
86 39 1.30118e+20
87 39 1.30169e+20
88 39 1.30103e+20
89 39 1.30031e+20
90 39 1.30099e+20
91 39 1.30187e+20
92 39 1.30121e+20
93 39 1.30042e+20
94 39 1.30092e+20
95 39 1.30084e+20
96 39 1.29951e+20
97 39 1.29968e+20
98 39 1.30056e+20
99 39 1.30063e+20
100 39 1.30026e+20
101 39 1.30065e+20
102 39 1.30226e+20
103 39 1.30225e+20
104 39 1.3016e+20
105 39 1.30193e+20
106 39 1.30337e+20
107 39 1.30423e+20
108 39 1.3038e+20
109 39 1.30447e+20
110 39 1.30513e+20
111 39 1.30518e+20
112 39 1.30493e+20
113 39 1.30489e+20
114 39 1.30542e+20
115 39 1.30552e+20
116 39 1.30587e+20
117 39 1.30583e+20
118 39 1.30559e+20
119 39 1.30618e+20
120 39 1.30639e+20
121 39 1.30675e+20
122 39 1.30681e+20
123 39 1.30651e+20
124 39 1.30671e+20
125 39 1.30661e+20
63 40 1.34289e+20
64 40 1.34234e+20
65 40 1.34208e+20
66 40 1.34179e+20
67 40 1.34131e+20
68 40 1.3416e+20
69 40 1.34235e+20
70 40 1.34119e+20
71 40 1.34029e+20
72 40 1.34095e+20
73 40 1.34054e+20
74 40 1.33907e+20
75 40 1.33953e+20
76 40 1.33958e+20
77 40 1.3393e+20
78 40 1.34043e+20
79 40 1.34013e+20
80 40 1.33921e+20
81 40 1.33833e+20
82 40 1.3381e+20
83 40 1.33799e+20
84 40 1.3376e+20
85 40 1.3384e+20
86 40 1.33862e+20
87 40 1.33766e+20
88 40 1.33767e+20
89 40 1.33638e+20
90 40 1.33564e+20
91 40 1.33679e+20
92 40 1.33672e+20
93 40 1.3364e+20
94 40 1.3367e+20
95 40 1.33702e+20
96 40 1.33645e+20
97 40 1.33659e+20
98 40 1.33745e+20
99 40 1.33682e+20
100 40 1.33622e+20
101 40 1.33726e+20
102 40 1.33789e+20
103 40 1.33798e+20
104 40 1.33819e+20
105 40 1.33874e+20
106 40 1.33885e+20
107 40 1.33944e+20
108 40 1.3402e+20
109 40 1.34017e+20
110 40 1.34084e+20
111 40 1.34089e+20
112 40 1.34122e+20
113 40 1.34149e+20
114 40 1.34089e+20
115 40 1.34124e+20
116 40 1.34181e+20
117 40 1.34213e+20
118 40 1.34206e+20
119 40 1.34267e+20
120 40 1.34298e+20
121 40 1.34325e+20
122 40 1.34369e+20
123 40 1.3433e+20
124 40 1.34368e+20
125 40 1.34358e+20
