63 41 1.38042e+20
64 41 1.38117e+20
65 41 1.38046e+20
66 41 1.3792e+20
67 41 1.3802e+20
68 41 1.38157e+20
69 41 1.38126e+20
70 41 1.38048e+20
71 41 1.3804e+20
72 41 1.37989e+20
73 41 1.3794e+20
74 41 1.38069e+20
75 41 1.3813e+20
76 41 1.38069e+20
77 41 1.38067e+20
78 41 1.38058e+20
79 41 1.38039e+20
80 41 1.38027e+20
81 41 1.38101e+20
82 41 1.38161e+20
83 41 1.38052e+20
84 41 1.38034e+20
85 41 1.38066e+20
86 41 1.37999e+20
87 41 1.38018e+20
88 41 1.38171e+20
89 41 1.38022e+20
90 41 1.37929e+20
91 41 1.38119e+20
92 41 1.38125e+20
93 41 1.38094e+20
94 41 1.38077e+20
95 41 1.38079e+20
96 41 1.38143e+20
97 41 1.38105e+20
98 41 1.38063e+20
99 41 1.38019e+20
100 41 1.38026e+20
101 41 1.38093e+20
102 41 1.38101e+20
103 41 1.38107e+20
104 41 1.38039e+20
105 41 1.38089e+20
106 41 1.38122e+20
107 41 1.38105e+20
108 41 1.38102e+20
109 41 1.38104e+20
110 41 1.38091e+20
111 41 1.37991e+20
112 41 1.37961e+20
113 41 1.38004e+20
114 41 1.38038e+20
115 41 1.38098e+20
116 41 1.38098e+20
117 41 1.38114e+20
118 41 1.38171e+20
119 41 1.381e+20
120 41 1.38039e+20
121 41 1.38073e+20
122 41 1.38084e+20
123 41 1.38056e+20
124 41 1.38104e+20
125 41 1.3811e+20
63 42 1.41823e+20
64 42 1.41775e+20
65 42 1.41771e+20
66 42 1.41798e+20
67 42 1.41849e+20
68 42 1.41888e+20
69 42 1.41785e+20
70 42 1.41818e+20
71 42 1.41903e+20
72 42 1.41824e+20
73 42 1.41837e+20
74 42 1.41873e+20
75 42 1.41812e+20
76 42 1.4179e+20
77 42 1.41867e+20
78 42 1.41921e+20
79 42 1.41935e+20
80 42 1.41901e+20
81 42 1.41868e+20
82 42 1.41926e+20
83 42 1.41954e+20
84 42 1.4192e+20
85 42 1.41878e+20
86 42 1.41851e+20
87 42 1.41785e+20
88 42 1.41812e+20
89 42 1.41864e+20
90 42 1.41803e+20
91 42 1.41747e+20
92 42 1.41704e+20
93 42 1.41812e+20
94 42 1.41839e+20
95 42 1.41887e+20
96 42 1.42034e+20
97 42 1.41929e+20
98 42 1.41866e+20
99 42 1.41869e+20
100 42 1.41918e+20
101 42 1.41908e+20
102 42 1.41899e+20
103 42 1.41914e+20
104 42 1.41882e+20
105 42 1.41938e+20
106 42 1.41928e+20
107 42 1.4186e+20
108 42 1.41816e+20
109 42 1.41888e+20
110 42 1.41922e+20
111 42 1.41952e+20
112 42 1.41964e+20
113 42 1.41849e+20
114 42 1.41843e+20
115 42 1.41881e+20
116 42 1.41905e+20
117 42 1.41888e+20
118 42 1.41898e+20
119 42 1.41922e+20
120 42 1.4188e+20
121 42 1.41796e+20
122 42 1.4174e+20
123 42 1.41825e+20
124 42 1.41834e+20
125 42 1.41794e+20
63 43 1.45937e+20
64 43 1.45797e+20
65 43 1.45727e+20
66 43 1.45829e+20
67 43 1.45807e+20
68 43 1.45686e+20
69 43 1.45676e+20
70 43 1.45769e+20
71 43 1.45799e+20
72 43 1.45844e+20
73 43 1.4584e+20
74 43 1.45777e+20
75 43 1.45751e+20
76 43 1.45754e+20
77 43 1.45828e+20
78 43 1.458e+20
79 43 1.458e+20
80 43 1.45833e+20
81 43 1.4581e+20
82 43 1.45831e+20
83 43 1.45889e+20
84 43 1.45863e+20
85 43 1.45778e+20
86 43 1.45899e+20
87 43 1.4588e+20
88 43 1.45702e+20
89 43 1.45798e+20
90 43 1.45852e+20
91 43 1.45734e+20
92 43 1.45653e+20
93 43 1.45741e+20
94 43 1.45724e+20
95 43 1.45673e+20
96 43 1.45741e+20
97 43 1.45725e+20
98 43 1.45733e+20
99 43 1.45862e+20
100 43 1.45827e+20
101 43 1.45703e+20
102 43 1.4574e+20
103 43 1.45755e+20
104 43 1.45701e+20
105 43 1.45646e+20
106 43 1.45779e+20
107 43 1.45816e+20
108 43 1.45738e+20
109 43 1.45755e+20
110 43 1.45713e+20
111 43 1.45766e+20
112 43 1.45916e+20
113 43 1.45902e+20
114 43 1.45851e+20
115 43 1.45817e+20
116 43 1.45744e+20
117 43 1.45717e+20
118 43 1.45742e+20
119 43 1.45721e+20
120 43 1.45727e+20
121 43 1.45745e+20
122 43 1.45751e+20
123 43 1.45799e+20
124 43 1.4581e+20
125 43 1.45847e+20
63 44 1.49895e+20
64 44 1.49882e+20
65 44 1.49809e+20
66 44 1.49838e+20
67 44 1.49823e+20
68 44 1.4982e+20
69 44 1.49876e+20
70 44 1.49825e+20
71 44 1.49768e+20
72 44 1.49791e+20
73 44 1.49816e+20
74 44 1.49888e+20
75 44 1.49909e+20
76 44 1.4983e+20
77 44 1.49771e+20
78 44 1.49771e+20
79 44 1.49827e+20
80 44 1.49776e+20
81 44 1.49722e+20
82 44 1.49732e+20
83 44 1.49747e+20
84 44 1.49745e+20
85 44 1.49819e+20
86 44 1.49751e+20
87 44 1.49717e+20
88 44 1.49875e+20
89 44 1.49812e+20
90 44 1.49817e+20
91 44 1.49821e+20
92 44 1.4982e+20
93 44 1.49821e+20
94 44 1.49819e+20
95 44 1.49708e+20
96 44 1.49719e+20
97 44 1.49843e+20
98 44 1.49754e+20
99 44 1.49735e+20
100 44 1.49632e+20
101 44 1.49716e+20
102 44 1.49757e+20
103 44 1.49669e+20
104 44 1.49819e+20
105 44 1.49799e+20
106 44 1.49771e+20
107 44 1.49783e+20
108 44 1.49768e+20
109 44 1.49799e+20
110 44 1.49771e+20
111 44 1.49706e+20
112 44 1.49729e+20
113 44 1.49803e+20
114 44 1.49807e+20
115 44 1.49759e+20
116 44 1.49781e+20
117 44 1.49896e+20
118 44 1.49877e+20
119 44 1.49775e+20
120 44 1.49755e+20
121 44 1.49865e+20
122 44 1.4989e+20
123 44 1.4985e+20
124 44 1.49883e+20
125 44 1.49866e+20
63 45 1.53823e+20
64 45 1.53858e+20
65 45 1.53971e+20
66 45 1.54029e+20
67 45 1.5397e+20
68 45 1.53926e+20
69 45 1.53943e+20
70 45 1.53876e+20
71 45 1.53836e+20
72 45 1.53824e+20
73 45 1.53803e+20
74 45 1.53864e+20
75 45 1.53969e+20
76 45 1.54022e+20
77 45 1.53863e+20
78 45 1.53831e+20
79 45 1.53873e+20
80 45 1.53831e+20
81 45 1.53774e+20
82 45 1.53775e+20
83 45 1.53782e+20
84 45 1.53819e+20
85 45 1.5388e+20
86 45 1.53792e+20
87 45 1.53871e+20
88 45 1.53911e+20
89 45 1.5392e+20
90 45 1.53925e+20
91 45 1.53808e+20
92 45 1.53902e+20
93 45 1.5393e+20
94 45 1.53918e+20
95 45 1.53944e+20
96 45 1.53909e+20
97 45 1.539e+20
98 45 1.53926e+20
99 45 1.53849e+20
100 45 1.53847e+20
101 45 1.53932e+20
102 45 1.53864e+20
103 45 1.539e+20
104 45 1.54003e+20
105 45 1.54015e+20
106 45 1.53881e+20
107 45 1.53818e+20
108 45 1.53868e+20
109 45 1.53804e+20
110 45 1.53924e+20
111 45 1.53975e+20
112 45 1.53799e+20
113 45 1.5384e+20
114 45 1.53863e+20
115 45 1.53811e+20
116 45 1.53871e+20
117 45 1.53956e+20
118 45 1.53863e+20
119 45 1.53799e+20
120 45 1.53886e+20
121 45 1.53944e+20
122 45 1.5398e+20
123 45 1.53872e+20
124 45 1.53802e+20
125 45 1.53817e+20
63 46 1.57975e+20
64 46 1.5796e+20
65 46 1.58069e+20
66 46 1.5809e+20
67 46 1.58111e+20
68 46 1.58057e+20
69 46 1.58097e+20
70 46 1.58118e+20
71 46 1.58199e+20
72 46 1.58128e+20
73 46 1.58078e+20
74 46 1.58126e+20
75 46 1.58089e+20
76 46 1.581e+20
77 46 1.58088e+20
78 46 1.58083e+20
79 46 1.5806e+20
80 46 1.58097e+20
81 46 1.58183e+20
82 46 1.58167e+20
83 46 1.58148e+20
84 46 1.58108e+20
85 46 1.58059e+20
86 46 1.58179e+20
87 46 1.58219e+20
88 46 1.58136e+20
89 46 1.58145e+20
90 46 1.58036e+20
91 46 1.58104e+20
92 46 1.58131e+20
93 46 1.57979e+20
94 46 1.58019e+20
95 46 1.58097e+20
96 46 1.58109e+20
97 46 1.58095e+20
98 46 1.5815e+20
99 46 1.58186e+20
100 46 1.58248e+20
101 46 1.58151e+20
102 46 1.58137e+20
103 46 1.58221e+20
104 46 1.5807e+20
105 46 1.58082e+20
106 46 1.58133e+20
107 46 1.58199e+20
108 46 1.58181e+20
109 46 1.58018e+20
110 46 1.58045e+20
111 46 1.58212e+20
112 46 1.58246e+20
113 46 1.58174e+20
114 46 1.58163e+20
115 46 1.58165e+20
116 46 1.58047e+20
117 46 1.5801e+20
118 46 1.58036e+20
119 46 1.58042e+20
120 46 1.58098e+20
121 46 1.58138e+20
122 46 1.58107e+20
123 46 1.58031e+20
124 46 1.58024e+20
125 46 1.5806e+20
63 47 1.62405e+20
64 47 1.62371e+20
65 47 1.62399e+20
66 47 1.62371e+20
67 47 1.62263e+20
68 47 1.62336e+20
69 47 1.62459e+20
70 47 1.62489e+20
71 47 1.62472e+20
72 47 1.6252e+20
73 47 1.62579e+20
74 47 1.62423e+20
75 47 1.62379e+20
76 47 1.62472e+20
77 47 1.62434e+20
78 47 1.62452e+20
79 47 1.62502e+20
80 47 1.62422e+20
81 47 1.62435e+20
82 47 1.62488e+20
83 47 1.62467e+20
84 47 1.62404e+20
85 47 1.62378e+20
86 47 1.62429e+20
87 47 1.62395e+20
88 47 1.62384e+20
89 47 1.62329e+20
90 47 1.62366e+20
91 47 1.62473e+20
92 47 1.62456e+20
93 47 1.62413e+20
94 47 1.62382e+20
95 47 1.62448e+20
96 47 1.62403e+20
97 47 1.62444e+20
98 47 1.62427e+20
99 47 1.62413e+20
100 47 1.62486e+20
101 47 1.62409e+20
102 47 1.62479e+20
103 47 1.6248e+20
104 47 1.6245e+20
105 47 1.62433e+20
106 47 1.62382e+20
107 47 1.62422e+20
108 47 1.62537e+20
109 47 1.62594e+20
110 47 1.62401e+20
111 47 1.62333e+20
112 47 1.62467e+20
113 47 1.62477e+20
114 47 1.6246e+20
115 47 1.62489e+20
116 47 1.62436e+20
117 47 1.62394e+20
118 47 1.62476e+20
119 47 1.62539e+20
120 47 1.62472e+20
121 47 1.62378e+20
122 47 1.62426e+20
123 47 1.6258e+20
124 47 1.62467e+20
125 47 1.6239e+20
63 48 1.6693e+20
64 48 1.66962e+20
65 48 1.66943e+20
66 48 1.6689e+20
67 48 1.66823e+20
68 48 1.66847e+20
69 48 1.66806e+20
70 48 1.66842e+20
71 48 1.66758e+20
72 48 1.66845e+20
73 48 1.66921e+20
74 48 1.66773e+20
75 48 1.66864e+20
76 48 1.66901e+20
77 48 1.66923e+20
78 48 1.66967e+20
79 48 1.66844e+20
80 48 1.66739e+20
81 48 1.66767e+20
82 48 1.66899e+20
83 48 1.66896e+20
84 48 1.66908e+20
85 48 1.6687e+20
86 48 1.66831e+20
87 48 1.6681e+20
88 48 1.66829e+20
89 48 1.66838e+20
90 48 1.6694e+20
91 48 1.66965e+20
92 48 1.6691e+20
93 48 1.67012e+20
94 48 1.66867e+20
95 48 1.66829e+20
96 48 1.66837e+20
97 48 1.66879e+20
98 48 1.66919e+20
99 48 1.66815e+20
100 48 1.668e+20
101 48 1.66833e+20
102 48 1.66778e+20
103 48 1.66834e+20
104 48 1.66891e+20
105 48 1.66848e+20
106 48 1.66811e+20
107 48 1.66745e+20
108 48 1.6677e+20
109 48 1.66897e+20
110 48 1.66928e+20
111 48 1.66751e+20
112 48 1.6669e+20
113 48 1.66783e+20
114 48 1.66804e+20
115 48 1.6682e+20
116 48 1.6686e+20
117 48 1.66884e+20
118 48 1.66946e+20
119 48 1.66818e+20
120 48 1.66767e+20
121 48 1.66832e+20
122 48 1.66906e+20
123 48 1.66936e+20
124 48 1.66893e+20
125 48 1.66948e+20
63 49 1.71311e+20
64 49 1.7135e+20
65 49 1.71331e+20
66 49 1.71428e+20
67 49 1.71501e+20
68 49 1.71381e+20
69 49 1.71283e+20
70 49 1.71284e+20
71 49 1.71384e+20
72 49 1.71424e+20
73 49 1.71359e+20
74 49 1.71402e+20
75 49 1.71433e+20
76 49 1.71392e+20
77 49 1.71409e+20
78 49 1.71367e+20
79 49 1.71369e+20
80 49 1.71473e+20
81 49 1.71454e+20
82 49 1.71378e+20
83 49 1.71387e+20
84 49 1.71403e+20
85 49 1.71425e+20
86 49 1.71383e+20
87 49 1.71337e+20
88 49 1.71473e+20
89 49 1.71497e+20
90 49 1.71446e+20
91 49 1.71469e+20
92 49 1.7143e+20
93 49 1.71402e+20
94 49 1.71512e+20
95 49 1.71395e+20
96 49 1.7198e+20
97 49 1.78246e+20
98 49 2.08208e+20
99 49 2.09345e+20
100 49 1.78711e+20
101 49 1.71417e+20
102 49 1.71407e+20
103 49 1.71417e+20
104 49 1.71322e+20
105 49 1.7132e+20
106 49 1.71455e+20
107 49 1.71466e+20
108 49 1.71355e+20
109 49 1.71264e+20
110 49 1.71297e+20
111 49 1.71406e+20
112 49 1.7147e+20
113 49 1.71372e+20
114 49 1.71331e+20
115 49 1.71356e+20
116 49 1.71385e+20
117 49 1.71357e+20
118 49 1.71365e+20
119 49 1.71441e+20
120 49 1.71421e+20
121 49 1.71328e+20
122 49 1.7128e+20
123 49 1.71287e+20
124 49 1.71435e+20
125 49 1.7148e+20
63 50 1.7606e+20
64 50 1.76017e+20
65 50 1.75991e+20
66 50 1.75987e+20
67 50 1.75989e+20
68 50 1.75985e+20
69 50 1.76022e+20
70 50 1.76032e+20
71 50 1.76094e+20
72 50 1.7609e+20
73 50 1.76034e+20
74 50 1.76067e+20
75 50 1.75992e+20
76 50 1.76089e+20
77 50 1.76118e+20
78 50 1.76007e+20
79 50 1.76067e+20
80 50 1.76219e+20
81 50 1.76173e+20
82 50 1.75999e+20
83 50 1.75955e+20
84 50 1.76006e+20
85 50 1.76089e+20
86 50 1.75988e+20
87 50 1.75993e+20
88 50 1.76051e+20
89 50 1.7613e+20
90 50 1.76053e+20
91 50 1.75954e+20
92 50 1.76068e+20
93 50 1.7608e+20
94 50 1.7656e+20
95 50 1.86363e+20
96 50 2.21997e+20
97 50 3.78642e+20
98 50 1.03669e+21
99 50 8.98984e+20
100 50 2.04859e+20
101 50 1.76107e+20
102 50 1.76075e+20
103 50 1.76042e+20
104 50 1.75908e+20
105 50 1.75904e+20
106 50 1.76096e+20
107 50 1.76116e+20
108 50 1.76051e+20
109 50 1.76043e+20
110 50 1.76016e+20
111 50 1.75998e+20
112 50 1.76034e+20
113 50 1.76079e+20
114 50 1.7611e+20
115 50 1.76023e+20
116 50 1.76006e+20
117 50 1.76038e+20
118 50 1.75997e+20
119 50 1.76139e+20
120 50 1.76201e+20
121 50 1.76051e+20
122 50 1.75995e+20
123 50 1.75986e+20
124 50 1.75982e+20
125 50 1.75938e+20
63 51 1.80825e+20
64 51 1.80892e+20
65 51 1.80918e+20
66 51 1.80757e+20
67 51 1.80792e+20
68 51 1.80961e+20
69 51 1.8103e+20
70 51 1.8101e+20
71 51 1.80853e+20
72 51 1.80709e+20
73 51 1.8081e+20
74 51 1.80877e+20
75 51 1.808e+20
76 51 1.80731e+20
77 51 1.80837e+20
78 51 1.80876e+20
79 51 1.80863e+20
80 51 1.80834e+20
81 51 1.80756e+20
82 51 1.80811e+20
83 51 1.80869e+20
84 51 1.8083e+20
85 51 1.80769e+20
86 51 1.80798e+20
87 51 1.80888e+20
88 51 1.80871e+20
89 51 1.80872e+20
90 51 1.80824e+20
91 51 1.80696e+20
92 51 1.81589e+20
93 51 1.91315e+20
94 51 2.31598e+20
95 51 4.09386e+20
96 51 1.65845e+21
97 51 4.08549e+21
98 51 5.37666e+21
99 51 2.8202e+21
100 51 2.38882e+20
101 51 1.8084e+20
102 51 1.80781e+20
103 51 1.80755e+20
104 51 1.80902e+20
105 51 1.80919e+20
106 51 1.80813e+20
107 51 1.80903e+20
108 51 1.80901e+20
109 51 1.8088e+20
110 51 1.80964e+20
111 51 1.80894e+20
112 51 1.80734e+20
113 51 1.80778e+20
114 51 1.80877e+20
115 51 1.80856e+20
116 51 1.80763e+20
117 51 1.80772e+20
118 51 1.80838e+20
119 51 1.80771e+20
120 51 1.80751e+20
121 51 1.80879e+20
122 51 1.80939e+20
123 51 1.80891e+20
124 51 1.80807e+20
125 51 1.80735e+20
63 52 1.85643e+20
64 52 1.85622e+20
65 52 1.85704e+20
66 52 1.85756e+20
67 52 1.8582e+20
68 52 1.85847e+20
69 52 1.85783e+20
70 52 1.85683e+20
71 52 1.8572e+20
72 52 1.85747e+20
73 52 1.85683e+20
74 52 1.85702e+20
75 52 1.85652e+20
76 52 1.8559e+20
77 52 1.85677e+20
78 52 1.85796e+20
79 52 1.85767e+20
80 52 1.85621e+20
81 52 1.85673e+20
82 52 1.85676e+20
83 52 1.85752e+20
84 52 1.8578e+20
85 52 1.8567e+20
86 52 1.85693e+20
87 52 1.8573e+20
88 52 1.85655e+20
89 52 1.8566e+20
90 52 1.86251e+20
91 52 1.9152e+20
92 52 2.19439e+20
93 52 4.01538e+20
94 52 1.31025e+21
95 52 3.75337e+21
96 52 6.5239e+21
97 52 8.80054e+21
98 52 8.50717e+21
99 52 3.65997e+21
100 52 2.45574e+20
101 52 1.85579e+20
102 52 1.85723e+20
103 52 1.85786e+20
104 52 1.85793e+20
105 52 1.85803e+20
106 52 1.85746e+20
107 52 1.85742e+20
108 52 1.85666e+20
109 52 1.85587e+20
110 52 1.85667e+20
111 52 1.85817e+20
112 52 1.85785e+20
113 52 1.8567e+20
114 52 1.85626e+20
115 52 1.85699e+20
116 52 1.85776e+20
117 52 1.85712e+20
118 52 1.85622e+20
119 52 1.85706e+20
120 52 1.85761e+20
121 52 1.85698e+20
122 52 1.85623e+20
123 52 1.856e+20
124 52 1.85701e+20
125 52 1.85759e+20
63 53 1.90759e+20
64 53 1.90625e+20
65 53 1.90635e+20
66 53 1.90788e+20
67 53 1.9071e+20
68 53 1.90656e+20
69 53 1.90632e+20
70 53 1.90668e+20
71 53 1.90756e+20
72 53 1.90711e+20
73 53 1.90598e+20
74 53 1.90579e+20
75 53 1.90718e+20
76 53 1.90759e+20
77 53 1.90658e+20
78 53 1.90706e+20
79 53 1.90676e+20
80 53 1.90644e+20
81 53 1.9079e+20
82 53 1.90705e+20
83 53 1.90608e+20
84 53 1.90733e+20
85 53 1.90778e+20
86 53 1.90754e+20
87 53 1.90774e+20
88 53 1.91476e+20
89 53 1.95717e+20
90 53 2.29546e+20
91 53 4.13239e+20
92 53 1.64326e+21
93 53 4.08476e+21
94 53 6.16829e+21
95 53 8.44345e+21
96 53 1e+22
97 53 1e+22
98 53 7.52539e+21
99 53 2.66246e+21
100 53 2.3238e+20
101 53 1.90748e+20
102 53 1.90772e+20
103 53 1.90728e+20
104 53 1.90653e+20
105 53 1.9062e+20
106 53 1.90662e+20
107 53 1.9065e+20
108 53 1.9071e+20
109 53 1.90739e+20
110 53 1.90651e+20
111 53 1.90574e+20
112 53 1.9068e+20
113 53 1.90784e+20
114 53 1.9072e+20
115 53 1.90696e+20
116 53 1.90783e+20
117 53 1.90786e+20
118 53 1.90683e+20
119 53 1.90743e+20
120 53 1.90813e+20
121 53 1.90695e+20
122 53 1.90638e+20
123 53 1.90617e+20
124 53 1.90681e+20
125 53 1.90798e+20
63 54 1.95732e+20
64 54 1.9582e+20
65 54 1.95983e+20
66 54 1.9585e+20
67 54 1.95763e+20
68 54 1.95874e+20
69 54 1.95786e+20
70 54 1.95883e+20
71 54 1.9597e+20
72 54 1.95951e+20
73 54 1.9591e+20
74 54 1.9581e+20
75 54 1.95964e+20
76 54 1.95998e+20
77 54 1.95848e+20
78 54 1.95753e+20
79 54 1.95782e+20
80 54 1.959e+20
81 54 1.95935e+20
82 54 1.95884e+20
83 54 1.95751e+20
84 54 1.95856e+20
85 54 1.95879e+20
86 54 1.96895e+20
87 54 2.07705e+20
88 54 2.61841e+20
89 54 4.22538e+20
90 54 1.56792e+21
91 54 4.02947e+21
92 54 6.51622e+21
93 54 8.7853e+21
94 54 1e+22
95 54 1e+22
96 54 1e+22
97 54 1e+22
98 54 6.47287e+21
99 54 1.61443e+21
100 54 2.39568e+20
101 54 1.95987e+20
102 54 1.9591e+20
103 54 1.95709e+20
104 54 1.9574e+20
105 54 1.95869e+20
106 54 1.9574e+20
107 54 1.95741e+20
108 54 1.95905e+20
109 54 1.95976e+20
110 54 1.95887e+20
111 54 1.95786e+20
112 54 1.95836e+20
113 54 1.95821e+20
114 54 1.9575e+20
115 54 1.95793e+20
116 54 1.95831e+20
117 54 1.95789e+20
118 54 1.95846e+20
119 54 1.95873e+20
120 54 1.9577e+20
121 54 1.95785e+20
122 54 1.95838e+20
123 54 1.95957e+20
124 54 1.95913e+20
125 54 1.95751e+20
63 55 2.01032e+20
64 55 2.01056e+20
65 55 2.01057e+20
66 55 2.01017e+20
67 55 2.0112e+20
68 55 2.01059e+20
69 55 2.0099e+20
70 55 2.01029e+20
71 55 2.01093e+20
72 55 2.01175e+20
73 55 2.01149e+20
74 55 2.01088e+20
75 55 2.00921e+20
76 55 2.00978e+20
77 55 2.01147e+20
78 55 2.01091e+20
79 55 2.01045e+20
80 55 2.01186e+20
81 55 2.01112e+20
82 55 2.01041e+20
83 55 2.01417e+20
84 55 2.02586e+20
85 55 2.10351e+20
86 55 2.54279e+20
87 55 4.97247e+20
88 55 2.67595e+21
89 55 5.04122e+21
90 55 6.43303e+21
91 55 8.7162e+21
92 55 1e+22
93 55 1e+22
94 55 1e+22
95 55 1e+22
96 55 1e+22
97 55 1e+22
98 55 6.11179e+21
99 55 1.25621e+21
100 55 2.4495e+20
101 55 2.01011e+20
102 55 2.01088e+20
103 55 2.01046e+20
104 55 2.01042e+20
105 55 2.01187e+20
106 55 2.01177e+20
107 55 2.01069e+20
108 55 2.01037e+20
109 55 2.01098e+20
110 55 2.01068e+20
111 55 2.01119e+20
112 55 2.01161e+20
113 55 2.01018e+20
114 55 2.00985e+20
115 55 2.01169e+20
116 55 2.01188e+20
117 55 2.011e+20
118 55 2.01138e+20
119 55 2.01171e+20
120 55 2.01128e+20
121 55 2.01132e+20
122 55 2.01098e+20
123 55 2.01102e+20
124 55 2.01119e+20
125 55 2.01083e+20
63 56 2.06529e+20
64 56 2.0646e+20
65 56 2.06295e+20
66 56 2.06238e+20
67 56 2.06313e+20
68 56 2.06455e+20
69 56 2.0652e+20
70 56 2.06401e+20
71 56 2.0638e+20
72 56 2.06375e+20
73 56 2.06399e+20
74 56 2.06414e+20
75 56 2.0634e+20
76 56 2.06382e+20
77 56 2.06462e+20
78 56 2.06458e+20
79 56 2.06401e+20
80 56 2.06372e+20
81 56 2.06625e+20
82 56 2.08063e+20
83 56 2.16252e+20
84 56 2.65369e+20
85 56 4.80407e+20
86 56 2.24357e+21
87 56 4.70816e+21
88 56 7.51161e+21
89 56 9.72034e+21
90 56 1e+22
91 56 1e+22
92 56 1e+22
93 56 1e+22
94 56 1e+22
95 56 1e+22
96 56 1e+22
97 56 1e+22
98 56 6.07882e+21
99 56 1.22746e+21
100 56 2.51738e+20
101 56 2.06345e+20
102 56 2.06421e+20
103 56 2.06534e+20
104 56 2.06616e+20
105 56 2.06468e+20
106 56 2.06438e+20
107 56 2.06473e+20
108 56 2.06591e+20
109 56 2.06528e+20
110 56 2.06389e+20
111 56 2.06469e+20
112 56 2.06468e+20
113 56 2.06427e+20
114 56 2.06424e+20
115 56 2.06423e+20
116 56 2.06436e+20
117 56 2.06552e+20
118 56 2.06551e+20
119 56 2.06426e+20
120 56 2.06516e+20
121 56 2.06523e+20
122 56 2.06456e+20
123 56 2.06404e+20
124 56 2.06424e+20
125 56 2.06519e+20
63 57 2.11973e+20
64 57 2.12143e+20
65 57 2.11953e+20
66 57 2.11902e+20
67 57 2.11898e+20
68 57 2.11964e+20
69 57 2.11981e+20
70 57 2.1195e+20
71 57 2.11928e+20
72 57 2.12034e+20
73 57 2.12087e+20
74 57 2.12144e+20
75 57 2.12179e+20
76 57 2.11985e+20
77 57 2.11989e+20
78 57 2.12065e+20
79 57 2.12067e+20
80 57 2.14502e+20
81 57 2.28321e+20
82 57 2.81274e+20
83 57 5.10824e+20
84 57 2.21491e+21
85 57 4.6331e+21
86 57 7.0895e+21
87 57 9.32187e+21
88 57 1e+22
89 57 1e+22
90 57 1e+22
91 57 1e+22
92 57 1e+22
93 57 1e+22
94 57 1e+22
95 57 1e+22
96 57 1e+22
97 57 1e+22
98 57 5.95819e+21
99 57 1.10965e+21
100 57 2.57478e+20
101 57 2.11982e+20
102 57 2.11953e+20
103 57 2.12105e+20
104 57 2.12037e+20
105 57 2.11841e+20
106 57 2.11896e+20
107 57 2.11945e+20
108 57 2.11998e+20
109 57 2.11971e+20
110 57 2.12018e+20
111 57 2.12018e+20
112 57 2.11957e+20
113 57 2.12024e+20
114 57 2.11959e+20
115 57 2.11852e+20
116 57 2.11862e+20
117 57 2.11947e+20
118 57 2.11931e+20
119 57 2.11914e+20
120 57 2.11936e+20
121 57 2.1193e+20
122 57 2.11975e+20
123 57 2.11987e+20
124 57 2.1196e+20
125 57 2.11993e+20
63 58 2.17626e+20
64 58 2.17712e+20
65 58 2.17731e+20
66 58 2.17772e+20
67 58 2.17656e+20
68 58 2.17559e+20
69 58 2.17634e+20
70 58 2.17713e+20
71 58 2.17602e+20
72 58 2.17563e+20
73 58 2.17633e+20
74 58 2.17638e+20
75 58 2.17696e+20
76 58 2.17583e+20
77 58 2.17793e+20
78 58 2.19304e+20
79 58 2.34998e+20
80 58 2.96011e+20
81 58 7.29595e+20
82 58 2.15758e+21
83 58 4.38827e+21
84 58 7.05286e+21
85 58 9.26382e+21
86 58 1e+22
87 58 1e+22
88 58 1e+22
89 58 1e+22
90 58 1e+22
91 58 1e+22
92 58 1e+22
93 58 1e+22
94 58 1e+22
95 58 1e+22
96 58 1e+22
97 58 1e+22
98 58 6.46169e+21
99 58 1.61224e+21
100 58 2.59512e+20
101 58 2.17663e+20
102 58 2.17601e+20
103 58 2.17673e+20
104 58 2.17549e+20
105 58 2.17557e+20
106 58 2.17581e+20
107 58 2.17586e+20
108 58 2.17572e+20
109 58 2.17579e+20
110 58 2.17642e+20
111 58 2.17629e+20
112 58 2.17615e+20
113 58 2.17646e+20
114 58 2.17642e+20
115 58 2.17693e+20
116 58 2.17693e+20
117 58 2.17624e+20
118 58 2.17599e+20
119 58 2.17703e+20
120 58 2.17594e+20
121 58 2.17466e+20
122 58 2.17604e+20
123 58 2.17624e+20
124 58 2.17631e+20
125 58 2.17666e+20
63 59 2.23455e+20
64 59 2.23431e+20
65 59 2.23541e+20
66 59 2.23519e+20
67 59 2.23429e+20
68 59 2.23416e+20
69 59 2.23402e+20
70 59 2.2347e+20
71 59 2.23552e+20
72 59 2.23381e+20
73 59 2.2332e+20
74 59 2.23373e+20
75 59 2.23648e+20
76 59 2.25869e+20
77 59 2.4033e+20
78 59 3.19502e+20
79 59 8.53072e+20
80 59 2.99244e+21
81 59 5.32358e+21
82 59 6.98261e+21
83 59 8.99148e+21
84 59 1e+22
85 59 1e+22
86 59 1e+22
87 59 1e+22
88 59 1e+22
89 59 1e+22
90 59 1e+22
91 59 1e+22
92 59 1e+22
93 59 1e+22
94 59 1e+22
95 59 1e+22
96 59 1e+22
97 59 1e+22
98 59 6.95646e+21
99 59 2.12001e+21
100 59 2.75298e+20
101 59 2.23489e+20
102 59 2.23486e+20
103 59 2.23455e+20
104 59 2.23427e+20
105 59 2.23514e+20
106 59 2.23431e+20
107 59 2.23408e+20
108 59 2.23497e+20
109 59 2.23488e+20
110 59 2.23429e+20
111 59 2.23335e+20
112 59 2.23301e+20
113 59 2.23272e+20
114 59 2.23428e+20
115 59 2.23453e+20
116 59 2.23442e+20
117 59 2.23377e+20
118 59 2.23375e+20
119 59 2.23448e+20
120 59 2.23392e+20
121 59 2.23372e+20
122 59 2.23231e+20
123 59 2.23323e+20
124 59 2.23552e+20
125 59 2.23419e+20
63 60 2.29399e+20
64 60 2.29419e+20
65 60 2.29327e+20
66 60 2.2934e+20
67 60 2.29443e+20
68 60 2.2935e+20
69 60 2.29407e+20
70 60 2.29356e+20
71 60 2.29327e+20
72 60 2.29438e+20
73 60 2.29564e+20
74 60 2.32113e+20
75 60 2.55707e+20
76 60 3.09008e+20
77 60 7.5444e+20
78 60 3.13434e+21
79 60 5.63946e+21
80 60 7.80647e+21
81 60 9.71747e+21
82 60 1e+22
83 60 1e+22
84 60 1e+22
85 60 1e+22
86 60 1e+22
87 60 1e+22
88 60 1e+22
89 60 1e+22
90 60 1e+22
91 60 1e+22
92 60 1e+22
93 60 1e+22
94 60 1e+22
95 60 1e+22
96 60 1e+22
97 60 1e+22
98 60 7.45979e+21
99 60 2.57393e+21
100 60 1.85905e+20
101 60 1.52609e+20
102 60 1.44788e+20
103 60 1.43718e+20
104 60 1.73158e+20
105 60 1.593e+20
106 60 1.35363e+20
107 60 1.44584e+20
108 60 1.42273e+20
109 60 1.43468e+20
110 60 1.45266e+20
111 60 1.46262e+20
112 60 1.48866e+20
113 60 1.57345e+20
114 60 1.5548e+20
115 60 1.90036e+20
116 60 2.38172e+20
117 60 2.35721e+20
118 60 2.36223e+20
119 60 2.36114e+20
120 60 2.35125e+20
121 60 2.34655e+20
122 60 2.35846e+20
123 60 2.35868e+20
124 60 2.342e+20
125 60 2.33493e+20
63 61 2.355e+20
64 61 2.35383e+20
65 61 2.35372e+20
66 61 2.35351e+20
67 61 2.35372e+20
68 61 2.3543e+20
69 61 2.35528e+20
70 61 2.35464e+20
71 61 2.35747e+20
72 61 2.37643e+20
73 61 2.60269e+20
74 61 3.52096e+20
75 61 9.4136e+20
76 61 3.34172e+21
77 61 5.62451e+21
78 61 7.92665e+21
79 61 9.91387e+21
80 61 1e+22
81 61 1e+22
82 61 1e+22
83 61 1e+22
84 61 1e+22
85 61 1e+22
86 61 1e+22
87 61 1e+22
88 61 1e+22
89 61 1e+22
90 61 1e+22
91 61 1e+22
92 61 1e+22
93 61 1e+22
94 61 1e+22
95 61 1e+22
96 61 7.81643e+21
97 61 5.31974e+21
98 61 3.96943e+21
99 61 1.49527e+21
100 61 4.47391e+19
101 61 4.0235e+19
102 61 3.23595e+19
103 61 3.11753e+19
104 61 6.06529e+19
105 61 4.67789e+19
106 61 2.2952e+19
107 61 3.22148e+19
108 61 2.97861e+19
109 61 3.09406e+19
110 61 3.28095e+19
111 61 3.39491e+19
112 61 3.65407e+19
113 61 4.51205e+19
114 61 4.40056e+19
115 61 3.61389e+20
116 61 6.35071e+20
117 61 5.22249e+20
118 61 5.12953e+20
119 61 5.58283e+20
120 61 5.72861e+20
121 61 5.14848e+20
122 61 4.91137e+20
123 61 4.91408e+20
124 61 4.79073e+20
125 61 4.77684e+20
63 62 2.41675e+20
64 62 2.4168e+20
65 62 2.41601e+20
66 62 2.41678e+20
67 62 2.41652e+20
68 62 2.41675e+20
69 62 2.42031e+20
70 62 2.45105e+20
71 62 2.60744e+20
72 62 3.75469e+20
73 62 1.01621e+21
74 62 3.40656e+21
75 62 5.77731e+21
76 62 8.14832e+21
77 62 1e+22
78 62 1e+22
79 62 1e+22
80 62 1e+22
81 62 1e+22
82 62 1e+22
83 62 1e+22
84 62 1e+22
85 62 1e+22
86 62 1e+22
87 62 1e+22
88 62 1e+22
89 62 1e+22
90 62 1e+22
91 62 1e+22
92 62 1e+22
93 62 1e+22
94 62 7.74069e+21
95 62 5.24412e+21
96 62 2.82051e+21
97 62 3.20734e+20
98 62 5.09462e+18
99 62 2.12069e+18
100 62 1.29873e+18
101 62 1.38175e+18
102 62 1.34527e+18
103 62 1.16974e+18
104 62 1.21005e+18
105 62 1.23191e+18
106 62 1.33346e+18
107 62 1.3363e+18
108 62 1.23588e+18
109 62 1.23227e+18
110 62 1.28869e+18
111 62 1.39137e+18
112 62 1.93428e+18
113 62 5.64112e+18
114 62 7.87907e+19
115 62 2.85766e+21
116 62 5.51005e+21
117 62 5.39961e+21
118 62 5.38984e+21
119 62 5.43533e+21
120 62 5.45089e+21
121 62 5.39341e+21
122 62 5.36835e+21
123 62 5.36869e+21
124 62 5.35819e+21
125 62 5.3574e+21
63 63 2.48077e+20
64 63 2.48114e+20
65 63 2.4816e+20
66 63 2.48104e+20
67 63 2.48442e+20
68 63 2.53387e+20
69 63 2.7398e+20
70 63 4.12213e+20
71 63 1.11236e+21
72 63 3.39038e+21
73 63 5.74035e+21
74 63 8.17331e+21
75 63 9.97822e+21
76 63 1e+22
77 63 1e+22
78 63 1e+22
79 63 1e+22
80 63 1e+22
81 63 1e+22
82 63 1e+22
83 63 1e+22
84 63 1e+22
85 63 1e+22
86 63 1e+22
87 63 1e+22
88 63 1e+22
89 63 1e+22
90 63 1e+22
91 63 1e+22
92 63 1e+22
93 63 7.50306e+21
94 63 2.74511e+21
95 63 2.45849e+20
96 63 4.71882e+18
97 63 1.51404e+18
98 63 1.09949e+18
99 63 1.00943e+18
100 63 1.00035e+18
101 63 1e+18
102 63 1e+18
103 63 1e+18
104 63 1e+18
105 63 1e+18
106 63 1e+18
107 63 1e+18
108 63 1.01087e+18
109 63 1.12681e+18
110 63 1.35721e+18
111 63 3.85457e+18
112 63 2.50395e+21
113 63 5.00474e+21
114 63 5.07703e+21
115 63 7.57312e+21
116 63 1e+22
117 63 1e+22
118 63 1e+22
119 63 1e+22
120 63 1e+22
121 63 1e+22
122 63 1e+22
123 63 1e+22
124 63 1e+22
125 63 1e+22
63 64 2.54662e+20
64 64 2.54584e+20
65 64 2.54964e+20
66 64 2.65921e+20
67 64 2.99974e+20
68 64 4.85486e+20
69 64 1.24727e+21
70 64 3.62647e+21
71 64 5.97129e+21
72 64 8.13635e+21
73 64 9.86803e+21
74 64 1e+22
75 64 1e+22
76 64 1e+22
77 64 1e+22
78 64 1e+22
79 64 1e+22
80 64 1e+22
81 64 1e+22
82 64 1e+22
83 64 1e+22
84 64 1e+22
85 64 1e+22
86 64 1e+22
87 64 1e+22
88 64 1e+22
89 64 1e+22
90 64 7.82766e+21
91 64 5.33755e+21
92 64 5.012e+21
93 64 2.50555e+21
94 64 5.06836e+18
95 64 2.24495e+18
96 64 1.13407e+18
97 64 1.01716e+18
98 64 1e+18
99 64 1e+18
100 64 1e+18
101 64 1e+18
102 64 1e+18
103 64 1e+18
104 64 1e+18
105 64 1.00236e+18
106 64 1.02606e+18
107 64 1.23654e+18
108 64 1.7025e+18
109 64 4.65837e+18
110 64 2.50416e+21
111 64 5.00325e+21
112 64 7.50276e+21
113 64 1e+22
114 64 1e+22
115 64 1e+22
116 64 1e+22
117 64 1e+22
118 64 1e+22
119 64 1e+22
120 64 1e+22
121 64 1e+22
122 64 1e+22
123 64 1e+22
124 64 1e+22
125 64 1e+22
63 65 2.6144e+20
64 65 2.63411e+20
65 65 2.85571e+20
66 65 5.88988e+20
67 65 2.32115e+21
68 65 4.64129e+21
69 65 6.09611e+21
70 65 8.3401e+21
71 65 1e+22
72 65 1e+22
73 65 1e+22
74 65 1e+22
75 65 1e+22
76 65 1e+22
77 65 1e+22
78 65 1e+22
79 65 1e+22
80 65 1e+22
81 65 1e+22
82 65 1e+22
83 65 1e+22
84 65 1e+22
85 65 1e+22
86 65 1e+22
87 65 1e+22
88 65 7.88737e+21
89 65 5.39607e+21
90 65 2.83896e+21
91 65 3.40675e+20
92 65 1.28881e+19
93 65 3.13848e+18
94 65 1.19267e+18
95 65 1.04253e+18
96 65 1.02336e+18
97 65 1.02174e+18
98 65 1.0232e+18
99 65 1.01843e+18
100 65 1.01315e+18
101 65 1.01503e+18
102 65 1.01683e+18
103 65 1.01815e+18
104 65 1.04217e+18
105 65 1.16101e+18
106 65 1.99686e+18
107 65 1.44664e+21
108 65 3.946e+21
109 65 5.00403e+21
110 65 7.5033e+21
111 65 1e+22
112 65 1e+22
113 65 1e+22
114 65 1e+22
115 65 1e+22
116 65 1e+22
117 65 1e+22
118 65 1e+22
119 65 1e+22
120 65 1e+22
121 65 1e+22
122 65 1e+22
123 65 1e+22
124 65 1e+22
125 65 1e+22
63 66 3.12893e+20
64 66 4.03522e+20
65 66 1.00153e+21
66 66 3.61498e+21
67 66 7.13101e+21
68 66 9.28674e+21
69 66 1e+22
70 66 1e+22
71 66 1e+22
72 66 1e+22
73 66 1e+22
74 66 1e+22
75 66 1e+22
76 66 1e+22
77 66 1e+22
78 66 1e+22
79 66 1e+22
80 66 1e+22
81 66 1e+22
82 66 1e+22
83 66 1e+22
84 66 1e+22
85 66 1e+22
86 66 8.17748e+21
87 66 5.708e+21
88 66 2.92482e+21
89 66 4.03917e+20
90 66 1.2834e+19
91 66 4.17423e+18
92 66 1.70785e+18
93 66 1.4006e+18
94 66 1.30933e+18
95 66 1.30779e+18
96 66 1.29375e+18
97 66 1.29952e+18
98 66 1.30074e+18
99 66 1.29147e+18
100 66 1.31885e+18
101 66 1.30925e+18
102 66 1.35676e+18
103 66 1.48125e+18
104 66 2.18876e+18
105 66 7.02172e+18
106 66 2.50669e+21
107 66 6.44591e+21
108 66 8.94481e+21
109 66 1e+22
110 66 1e+22
111 66 1e+22
112 66 1e+22
113 66 1e+22
114 66 1e+22
115 66 1e+22
116 66 1e+22
117 66 1e+22
118 66 1e+22
119 66 1e+22
120 66 1e+22
121 66 1e+22
122 66 1e+22
123 66 1e+22
124 66 1e+22
125 66 1e+22
63 67 2.20669e+21
64 67 4.448e+21
65 67 5.84513e+21
66 67 8.16622e+21
67 67 9.98382e+21
68 67 1e+22
69 67 1e+22
70 67 1e+22
71 67 1e+22
72 67 1e+22
73 67 1e+22
74 67 1e+22
75 67 1e+22
76 67 1e+22
77 67 1e+22
78 67 1e+22
79 67 1e+22
80 67 1e+22
81 67 1e+22
82 67 1e+22
83 67 1e+22
84 67 7.82781e+21
85 67 5.36868e+21
86 67 3.22931e+21
87 67 7.20985e+20
88 67 4.08478e+19
89 67 1.01381e+19
90 67 3.19849e+18
91 67 2.52123e+18
92 67 2.30775e+18
93 67 2.24419e+18
94 67 2.24765e+18
95 67 2.27993e+18
96 67 2.2417e+18
97 67 2.26033e+18
98 67 2.29112e+18
99 67 2.24777e+18
100 67 2.28092e+18
101 67 2.72051e+18
102 67 3.68189e+18
103 67 1.08554e+20
104 67 2.60757e+21
105 67 5.00636e+21
106 67 7.50522e+21
107 67 1e+22
108 67 1e+22
109 67 1e+22
110 67 1e+22
111 67 1e+22
112 67 1e+22
113 67 1e+22
114 67 1e+22
115 67 1e+22
116 67 1e+22
117 67 1e+22
118 67 1e+22
119 67 1e+22
120 67 1e+22
121 67 1e+22
122 67 1e+22
123 67 1e+22
124 67 1e+22
125 67 1e+22
63 68 7.02628e+21
64 68 9.179e+21
65 68 1e+22
66 68 1e+22
67 68 1e+22
68 68 1e+22
69 68 1e+22
70 68 1e+22
71 68 1e+22
72 68 1e+22
73 68 1e+22
74 68 1e+22
75 68 1e+22
76 68 1e+22
77 68 1e+22
78 68 1e+22
79 68 1e+22
80 68 1e+22
81 68 1e+22
82 68 9.17688e+21
83 68 6.72124e+21
84 68 2.88279e+21
85 68 3.82253e+20
86 68 5.6853e+19
87 68 1.67296e+19
88 68 6.50465e+18
89 68 5.13404e+18
90 68 4.51669e+18
91 68 4.34443e+18
92 68 4.37697e+18
93 68 4.45347e+18
94 68 4.40281e+18
95 68 4.3493e+18
96 68 4.36425e+18
97 68 4.34583e+18
98 68 4.44756e+18
99 68 5.58185e+18
100 68 7.87727e+18
101 68 7.78285e+19
102 68 2.57492e+21
103 68 5.10759e+21
104 68 7.60592e+21
105 68 1e+22
106 68 1e+22
107 68 1e+22
108 68 1e+22
109 68 1e+22
110 68 1e+22
111 68 1e+22
112 68 1e+22
113 68 1e+22
114 68 1e+22
115 68 1e+22
116 68 1e+22
117 68 1e+22
118 68 1e+22
119 68 1e+22
120 68 1e+22
121 68 1e+22
122 68 1e+22
123 68 1e+22
124 68 1e+22
125 68 1e+22
63 69 1e+22
64 69 1e+22
65 69 1e+22
66 69 1e+22
67 69 1e+22
68 69 1e+22
69 69 1e+22
70 69 1e+22
71 69 1e+22
72 69 1e+22
73 69 1e+22
74 69 1e+22
75 69 1e+22
76 69 1e+22
77 69 1e+22
78 69 1e+22
79 69 1e+22
80 69 8.37295e+21
81 69 5.9293e+21
82 69 4.25201e+21
83 69 1.74476e+21
84 69 6.30909e+19
85 69 1.98869e+19
86 69 1.0594e+19
87 69 9.05832e+18
88 69 8.52704e+18
89 69 8.4055e+18
90 69 8.46597e+18
91 69 8.46691e+18
92 69 8.54568e+18
93 69 8.53712e+18
94 69 8.52902e+18
95 69 8.43933e+18
96 69 8.54166e+18
97 69 1.19e+19
98 69 2.0903e+19
99 69 1.09986e+20
100 69 2.60041e+21
101 69 5.0759e+21
102 69 7.57208e+21
103 69 1e+22
104 69 1e+22
105 69 1e+22
106 69 1e+22
107 69 1e+22
108 69 1e+22
109 69 1e+22
110 69 1e+22
111 69 1e+22
112 69 1e+22
113 69 1e+22
114 69 1e+22
115 69 1e+22
116 69 1e+22
117 69 1e+22
118 69 1e+22
119 69 1e+22
120 69 1e+22
121 69 1e+22
122 69 1e+22
123 69 1e+22
124 69 1e+22
125 69 1e+22
63 70 1e+22
64 70 1e+22
65 70 1e+22
66 70 1e+22
67 70 1e+22
68 70 1e+22
69 70 1e+22
70 70 1e+22
71 70 1e+22
72 70 1e+22
73 70 1e+22
74 70 1e+22
75 70 1e+22
76 70 1e+22
77 70 1e+22
78 70 8.21552e+21
79 70 5.80106e+21
80 70 3.49337e+21
81 70 9.72129e+20
82 70 8.85792e+19
83 70 3.3356e+19
84 70 1.70181e+19
85 70 1.52916e+19
86 70 1.50019e+19
87 70 1.55629e+19
88 70 1.58137e+19
89 70 1.61454e+19
90 70 1.61591e+19
91 70 1.61555e+19
92 70 1.65775e+19
93 70 1.66981e+19
94 70 1.70331e+19
95 70 2.10359e+19
96 70 3.15516e+19
97 70 4.09121e+20
98 70 2.90179e+21
99 70 5.10588e+21
100 70 7.59401e+21
101 70 1e+22
102 70 1e+22
103 70 1e+22
104 70 1e+22
105 70 1e+22
106 70 1e+22
107 70 1e+22
108 70 1e+22
109 70 1e+22
110 70 1e+22
111 70 1e+22
112 70 1e+22
113 70 1e+22
114 70 1e+22
115 70 1e+22
116 70 1e+22
117 70 1e+22
118 70 1e+22
119 70 1e+22
120 70 1e+22
121 70 1e+22
122 70 1e+22
123 70 1e+22
124 70 1e+22
125 70 1e+22
63 71 1e+22
64 71 1e+22
65 71 1e+22
66 71 1e+22
67 71 1e+22
68 71 1e+22
69 71 1e+22
70 71 1e+22
71 71 1e+22
72 71 1e+22
73 71 1e+22
74 71 1e+22
75 71 1e+22
76 71 8.41986e+21
77 71 6.01299e+21
78 71 3.32022e+21
79 71 8.22383e+20
80 71 1.40595e+20
81 71 6.08587e+19
82 71 2.86094e+19
83 71 2.60773e+19
84 71 2.60713e+19
85 71 2.67451e+19
86 71 2.84031e+19
87 71 3.02394e+19
88 71 3.1374e+19
89 71 3.13493e+19
90 71 3.12991e+19
91 71 3.16211e+19
92 71 3.18992e+19
93 71 3.42244e+19
94 71 6.38912e+19
95 71 1.18724e+21
96 71 3.65777e+21
97 71 5.40008e+21
98 71 7.88382e+21
99 71 1e+22
100 71 1e+22
101 71 1e+22
102 71 1e+22
103 71 1e+22
104 71 1e+22
105 71 1e+22
106 71 1e+22
107 71 1e+22
108 71 1e+22
109 71 1e+22
110 71 1e+22
111 71 1e+22
112 71 1e+22
113 71 1e+22
114 71 1e+22
115 71 1e+22
116 71 1e+22
117 71 1e+22
118 71 1e+22
119 71 1e+22
120 71 1e+22
121 71 1e+22
122 71 1e+22
123 71 1e+22
124 71 1e+22
125 71 1e+22
63 72 1e+22
64 72 1e+22
65 72 1e+22
66 72 1e+22
67 72 1e+22
68 72 1e+22
69 72 1e+22
70 72 1e+22
71 72 1e+22
72 72 1e+22
73 72 1e+22
74 72 8.81144e+21
75 72 6.45639e+21
76 72 3.59466e+21
77 72 1.05839e+21
78 72 1.31254e+20
79 72 4.46717e+19
80 72 4.54528e+19
81 72 4.41987e+19
82 72 4.2649e+19
83 72 4.51742e+19
84 72 4.87778e+19
85 72 5.28531e+19
86 72 5.70552e+19
87 72 5.92251e+19
88 72 6.044e+19
89 72 6.14279e+19
90 72 6.18157e+19
91 72 7.1345e+19
92 72 2.07188e+20
93 72 5.78888e+20
94 72 2.95174e+21
95 72 6.17179e+21
96 72 8.63187e+21
97 72 1e+22
98 72 1e+22
99 72 1e+22
100 72 1e+22
101 72 1e+22
102 72 1e+22
103 72 1e+22
104 72 1e+22
105 72 1e+22
106 72 1e+22
107 72 1e+22
108 72 1e+22
109 72 1e+22
110 72 1e+22
111 72 1e+22
112 72 1e+22
113 72 1e+22
114 72 1e+22
115 72 1e+22
116 72 1e+22
117 72 1e+22
118 72 1e+22
119 72 1e+22
120 72 1e+22
121 72 1e+22
122 72 1e+22
123 72 1e+22
124 72 1e+22
125 72 1e+22
63 73 1e+22
64 73 1e+22
65 73 1e+22
66 73 1e+22
67 73 1e+22
68 73 1e+22
69 73 1e+22
70 73 1e+22
71 73 1e+22
72 73 9.18504e+21
73 73 6.84032e+21
74 73 4.01037e+21
75 73 1.52618e+21
76 73 2.22973e+20
77 73 8.83181e+19
78 73 7.24118e+19
79 73 7.18729e+19
80 73 7.46041e+19
81 73 8.19602e+19
82 73 8.66221e+19
83 73 8.93671e+19
84 73 9.57532e+19
85 73 1.028e+20
86 73 1.0957e+20
87 73 1.14453e+20
88 73 1.21394e+20
89 73 1.57715e+20
90 73 2.67214e+20
91 73 1.28886e+21
92 73 3.77241e+21
93 73 5.55579e+21
94 73 7.89928e+21
95 73 1e+22
96 73 1e+22
97 73 1e+22
98 73 1e+22
99 73 1e+22
100 73 1e+22
101 73 1e+22
102 73 1e+22
103 73 1e+22
104 73 1e+22
105 73 1e+22
106 73 1e+22
107 73 1e+22
108 73 1e+22
109 73 1e+22
110 73 1e+22
111 73 1e+22
112 73 1e+22
113 73 1e+22
114 73 1e+22
115 73 1e+22
116 73 1e+22
117 73 1e+22
118 73 1e+22
119 73 1e+22
120 73 1e+22
121 73 1e+22
122 73 1e+22
123 73 1e+22
124 73 1e+22
125 73 1e+22
63 74 1e+22
64 74 1e+22
65 74 1e+22
66 74 1e+22
67 74 1e+22
68 74 1e+22
69 74 9.99522e+21
70 74 9.0819e+21
71 74 6.97669e+21
72 74 4.67113e+21
73 74 1.9935e+21
74 74 2.9965e+20
75 74 1.54681e+20
76 74 1.31114e+20
77 74 1.30064e+20
78 74 1.39552e+20
79 74 1.46885e+20
80 74 1.53592e+20
81 74 1.65783e+20
82 74 1.74791e+20
83 74 1.84993e+20
84 74 1.94409e+20
85 74 2.05451e+20
86 74 2.29117e+20
87 74 3.13341e+20
88 74 6.48168e+20
89 74 3.03059e+21
90 74 5.22615e+21
91 74 6.23858e+21
92 74 8.5862e+21
93 74 1e+22
94 74 1e+22
95 74 1e+22
96 74 1e+22
97 74 1e+22
98 74 1e+22
99 74 1e+22
100 74 1e+22
101 74 1e+22
102 74 1e+22
103 74 1e+22
104 74 1e+22
105 74 1e+22
106 74 1e+22
107 74 1e+22
108 74 1e+22
109 74 1e+22
110 74 1e+22
111 74 1e+22
112 74 1e+22
113 74 1e+22
114 74 1e+22
115 74 1e+22
116 74 1e+22
117 74 1e+22
118 74 1e+22
119 74 1e+22
120 74 1e+22
121 74 1e+22
122 74 1e+22
123 74 1e+22
124 74 1e+22
125 74 1e+22
63 75 1e+22
64 75 1e+22
65 75 1e+22
66 75 1e+22
67 75 1e+22
68 75 9.53918e+21
69 75 7.90121e+21
70 75 5.08658e+21
71 75 2.21376e+21
72 75 6.64518e+20
73 75 3.11614e+20
74 75 2.60682e+20
75 75 2.51214e+20
76 75 2.5832e+20
77 75 2.77059e+20
78 75 2.87085e+20
79 75 3.03701e+20
80 75 3.25038e+20
81 75 3.2976e+20
82 75 3.4985e+20
83 75 3.76402e+20
84 75 4.25331e+20
85 75 5.93858e+20
86 75 1.1943e+21
87 75 2.87211e+21
88 75 4.95333e+21
89 75 7.91353e+21
90 75 1e+22
91 75 1e+22
92 75 1e+22
93 75 1e+22
94 75 1e+22
95 75 1e+22
96 75 1e+22
97 75 1e+22
98 75 1e+22
99 75 1e+22
100 75 1e+22
101 75 1e+22
102 75 1e+22
103 75 1e+22
104 75 1e+22
105 75 1e+22
106 75 1e+22
107 75 1e+22
108 75 1e+22
109 75 1e+22
110 75 1e+22
111 75 1e+22
112 75 1e+22
113 75 1e+22
114 75 1e+22
115 75 1e+22
116 75 1e+22
117 75 1e+22
118 75 1e+22
119 75 1e+22
120 75 1e+22
121 75 1e+22
122 75 1e+22
123 75 1e+22
124 75 1e+22
125 75 1e+22
63 76 1e+22
64 76 1e+22
65 76 1e+22
66 76 9.76871e+21
67 76 8.38935e+21
68 76 5.97766e+21
69 76 3.44715e+21
70 76 1.3939e+21
71 76 5.75895e+20
72 76 5.13584e+20
73 76 4.96867e+20
74 76 5.25743e+20
75 76 5.4101e+20
76 76 5.59453e+20
77 76 5.88893e+20
78 76 6.13993e+20
79 76 6.36151e+20
80 76 6.61821e+20
81 76 6.90131e+20
82 76 7.60339e+20
83 76 9.80442e+20
84 76 2.46657e+21
85 76 4.68566e+21
86 76 6.03666e+21
87 76 7.63398e+21
88 76 9.38711e+21
89 76 1e+22
90 76 1e+22
91 76 1e+22
92 76 1e+22
93 76 1e+22
94 76 1e+22
95 76 1e+22
96 76 1e+22
97 76 1e+22
98 76 1e+22
99 76 1e+22
100 76 1e+22
101 76 1e+22
102 76 1e+22
103 76 1e+22
104 76 1e+22
105 76 1e+22
106 76 1e+22
107 76 1e+22
108 76 1e+22
109 76 1e+22
110 76 1e+22
111 76 1e+22
112 76 1e+22
113 76 1e+22
114 76 1e+22
115 76 1e+22
116 76 1e+22
117 76 1e+22
118 76 1e+22
119 76 1e+22
120 76 1e+22
121 76 1e+22
122 76 1e+22
123 76 1e+22
124 76 1e+22
125 76 1e+22
63 77 9.9994e+21
64 77 9.6718e+21
65 77 8.43847e+21
66 77 6.74366e+21
67 77 4.52047e+21
68 77 2.20453e+21
69 77 1.23689e+21
70 77 1.07834e+21
71 77 1.04588e+21
72 77 1.082e+21
73 77 1.09598e+21
74 77 1.13143e+21
75 77 1.19804e+21
76 77 1.25505e+21
77 77 1.25067e+21
78 77 1.2756e+21
79 77 1.34682e+21
80 77 1.42272e+21
81 77 1.64553e+21
82 77 3.2856e+21
83 77 5.25335e+21
84 77 7.11031e+21
85 77 9.22954e+21
86 77 1e+22
87 77 1e+22
88 77 1e+22
89 77 1e+22
90 77 1e+22
91 77 1e+22
92 77 1e+22
93 77 1e+22
94 77 1e+22
95 77 1e+22
96 77 1e+22
97 77 1e+22
98 77 1e+22
99 77 1e+22
100 77 1e+22
101 77 1e+22
102 77 1e+22
103 77 1e+22
104 77 1e+22
105 77 1e+22
106 77 1e+22
107 77 1e+22
108 77 1e+22
109 77 1e+22
110 77 1e+22
111 77 1e+22
112 77 1e+22
113 77 1e+22
114 77 1e+22
115 77 1e+22
116 77 1e+22
117 77 1e+22
118 77 1e+22
119 77 1e+22
120 77 1e+22
121 77 1e+22
122 77 1e+22
123 77 1e+22
124 77 1e+22
125 77 1e+22
63 78 9.44126e+21
64 78 7.81899e+21
65 78 5.43119e+21
66 78 3.69279e+21
67 78 2.72813e+21
68 78 2.33939e+21
69 78 2.27841e+21
70 78 2.31636e+21
71 78 2.36861e+21
72 78 2.43819e+21
73 78 2.49191e+21
74 78 2.47409e+21
75 78 2.55076e+21
76 78 2.65915e+21
77 78 2.68953e+21
78 78 2.85549e+21
79 78 3.31522e+21
80 78 4.37544e+21
81 78 5.71479e+21
82 78 7.73376e+21
83 78 9.52475e+21
84 78 9.9388e+21
85 78 1e+22
86 78 1e+22
87 78 1e+22
88 78 1e+22
89 78 1e+22
90 78 1e+22
91 78 1e+22
92 78 1e+22
93 78 1e+22
94 78 1e+22
95 78 1e+22
96 78 1e+22
97 78 1e+22
98 78 1e+22
99 78 1e+22
100 78 1e+22
101 78 1e+22
102 78 1e+22
103 78 1e+22
104 78 1e+22
105 78 1e+22
106 78 1e+22
107 78 1e+22
108 78 1e+22
109 78 1e+22
110 78 1e+22
111 78 1e+22
112 78 1e+22
113 78 1e+22
114 78 1e+22
115 78 1e+22
116 78 1e+22
117 78 1e+22
118 78 1e+22
119 78 1e+22
120 78 1e+22
121 78 1e+22
122 78 1e+22
123 78 1e+22
124 78 1e+22
125 78 1e+22
63 79 8.28222e+21
64 79 6.35006e+21
65 79 4.77944e+21
66 79 4.64152e+21
67 79 4.52911e+21
68 79 4.52379e+21
69 79 4.66137e+21
70 79 4.76644e+21
71 79 4.77543e+21
72 79 4.76453e+21
73 79 4.89671e+21
74 79 4.97268e+21
75 79 4.79611e+21
76 79 4.64252e+21
77 79 4.95073e+21
78 79 6.04711e+21
79 79 7.28012e+21
80 79 8.39378e+21
81 79 9.53962e+21
82 79 9.9743e+21
83 79 1e+22
84 79 1e+22
85 79 1e+22
86 79 1e+22
87 79 1e+22
88 79 1e+22
89 79 1e+22
90 79 1e+22
91 79 1e+22
92 79 1e+22
93 79 1e+22
94 79 1e+22
95 79 1e+22
96 79 1e+22
97 79 1e+22
98 79 1e+22
99 79 1e+22
100 79 1e+22
101 79 1e+22
102 79 1e+22
103 79 1e+22
104 79 1e+22
105 79 1e+22
106 79 1e+22
107 79 1e+22
108 79 1e+22
109 79 1e+22
110 79 1e+22
111 79 1e+22
112 79 1e+22
113 79 1e+22
114 79 1e+22
115 79 1e+22
116 79 1e+22
117 79 1e+22
118 79 1e+22
119 79 1e+22
120 79 1e+22
121 79 1e+22
122 79 1e+22
123 79 1e+22
124 79 1e+22
125 79 1e+22
